Datum : 	14.5.2014
Durchmesser :	47,7
Datum	Laufzeit	Ch 1 Kraft Sollwert	Ch 1 Kraft	Ch 1 Weg	1944 A	1944 B	1281068
d	s	kN	kN	mm	mm	mm	mm
41773	17,246094	-1	-0,99718201	0,26249886	0,03704869	0,4853192	-0,07811559
41773	17,746094	-1	-0,97899508	0,26259497	0,037112646	0,48530591	-0,078022495
41773	18,246094	-1	-1,0198187	0,26183724	0,037011951	0,48524529	-0,078076638
41773	18,746094	-1	-0,98076093	0,26241913	0,037104949	0,48535261	-0,078139149
41773	19,246094	-1	-1,0191314	0,26220083	0,037089333	0,4852632	-0,077999577
41773	19,746094	-1	-0,98190832	0,26190802	0,03709776	0,48534232	-0,077986985
41773	20,246094	-1	-0,97517854	0,26242286	0,037099145	0,48538479	-0,078106269
41773	20,746094	-1	-0,966914	0,26301593	0,037175968	0,48536259	-0,077934399
41773	21,246094	-1	-0,99867022	0,26167631	0,03711652	0,48536357	-0,078032538
41773	21,746094	-1	-1,0104682	0,26245937	0,037120961	0,48531273	-0,078095511
41773	22,246094	-1	-1,0341089	0,26206821	0,037004359	0,48527035	-0,077969469
41773	22,746094	-1	-1,0137446	0,26206598	0,037048966	0,48530445	-0,078056425
41773	23,246094	-1	-1,0483153	0,26182458	0,037006043	0,48529929	-0,078029379
41773	23,746094	-1	-1,0041333	0,26194975	0,037074946	0,48535728	-0,078004904
41773	24,246094	-1	-1,0101031	0,26206523	0,037112936	0,48529157	-0,078030303
41773	24,746094	-1	-1,004586	0,26266426	0,037097774	0,48529166	-0,077998877
41773	25,246094	-1	-0,9939298	0,26262179	0,037123509	0,48541462	-0,077957556
41773	25,746094	-1	-0,9963941	0,26261359	0,037100963	0,48540273	-0,077986956
41773	26,246094	-1	-0,98240745	0,26268959	0,037183113	0,4854382	-0,0780394
41773	26,746094	-1	-1,0199044	0,2616629	0,037077263	0,48531693	-0,077993363
41773	27,246094	-1,4570313	-1,4722161	-0,0047266483	-0,00090887398	-0,00079369545	-7,141009e-05
41773	27,746094	-1,9570313	-1,9613076	-0,0096194446	-0,0018486455	-0,0013563335	-0,00046889111
41773	28,246094	-2,4570313	-2,4272707	-0,013613701	-0,0027480647	-0,0019195378	-0,00072345138
41773	28,746094	-2,9570313	-2,545368	-0,01520291	-0,0029617101	-0,0020522773	-0,00073876232
41773	29,246094	-3,4570313	-3,5550668	-0,023458153	-0,0049205422	-0,0032632947	-0,0016649254
41773	29,746094	-3,9570313	-4,1410866	-0,028191507	-0,0060511082	-0,0040501952	-0,0022230111
41773	30,246094	-4,4570313	-4,5639071	-0,031539053	-0,0067902729	-0,0045233667	-0,0025424622
41773	30,746094	-4,9570313	-5,0167294	-0,035644323	-0,007588014	-0,0051998496	-0,0030684806
41773	31,246094	-5,4570313	-5,4401588	-0,038773566	-0,008406952	-0,0056941807	-0,0034726001
41773	31,746094	-5,9570313	-5,9536805	-0,042332709	-0,0094074011	-0,0063565969	-0,0039534084
41773	32,246094	-6,4570313	-6,4642186	-0,046038628	-0,010335334	-0,0070540309	-0,0045189299
41773	32,746094	-6,9570313	-6,996223	-0,050778687	-0,01131212	-0,0076819956	-0,0050819851
41773	33,246094	-7,4570313	-7,5458837	-0,054183602	-0,012357123	-0,0083447695	-0,0055385269
41773	33,746094	-7,9570313	-8,0920229	-0,057633966	-0,013315812	-0,0090452135	-0,0062724538
41773	34,246094	-8,4570313	-8,541646	-0,060860068	-0,014082663	-0,0096830428	-0,0068138056
41773	34,746094	-8,9570313	-9,0253525	-0,064476579	-0,014934391	-0,01025936	-0,0073169954
41773	35,246094	-9,4570313	-9,515419	-0,06756708	-0,015821829	-0,011009336	-0,0079604723
41773	35,746094	-9,9570313	-10,014716	-0,070684403	-0,016692758	-0,011684924	-0,0085240491
41773	36,246094	-10,457031	-10,529459	-0,074312836	-0,017506406	-0,012378603	-0,0092506297
41773	36,746094	-10,957031	-11,044662	-0,0771828	-0,018523157	-0,013087124	-0,0099215321
41773	37,246094	-11,457031	-11,51427	-0,079598278	-0,019266777	-0,013694167	-0,010563094
41773	37,746094	-11,957031	-11,96994	-0,082331151	-0,01995945	-0,01433602	-0,01121093
41773	38,246094	-12,457031	-12,466843	-0,085838139	-0,020768031	-0,015102923	-0,011861619
41773	38,746094	-12,957031	-12,975004	-0,088940561	-0,021665923	-0,015848786	-0,012592588
41773	39,246094	-13,457031	-13,506839	-0,091598183	-0,022560365	-0,016469687	-0,013277557
41773	39,746094	-13,957031	-13,980666	-0,094623119	-0,023337826	-0,017275602	-0,013993915
41773	40,246094	-14,457031	-14,463316	-0,096753985	-0,024118289	-0,017882079	-0,014626291
41773	40,746094	-14,957031	-14,961963	-0,099880248	-0,024925523	-0,018585294	-0,01527996
41773	41,246094	-15,457031	-15,484949	-0,10338053	-0,02570305	-0,01936695	-0,016001638
41773	41,746094	-15,957031	-15,997437	-0,10579675	-0,02665513	-0,020064056	-0,016695905
41773	42,246094	-16,457031	-16,471634	-0,10821894	-0,027352855	-0,020793945	-0,017372262
41773	42,746094	-16,957031	-16,919767	-0,11100471	-0,028127998	-0,021449447	-0,017986443
41773	43,246094	-17,457031	-17,507713	-0,11423826	-0,029036917	-0,022287577	-0,018935267
41773	43,746094	-17,957031	-17,998472	-0,11627227	-0,029775158	-0,023006827	-0,019661967
41773	44,246094	-18,457031	-18,402496	-0,11952966	-0,030551694	-0,023600101	-0,02021369
41773	44,746094	-18,957031	-18,908348	-0,12160763	-0,031271428	-0,024312496	-0,020959046
41773	45,246094	-19,457031	-19,482943	-0,12461767	-0,032241851	-0,025137424	-0,021748733
41773	45,746094	-19,957031	-20,002903	-0,12743026	-0,033013463	-0,025857389	-0,022391718
41773	46,246094	-20,457031	-20,467319	-0,13021007	-0,033841543	-0,026533663	-0,023183603
41773	46,746094	-20,957031	-20,913515	-0,13225824	-0,034578472	-0,027227253	-0,023916584
41773	47,246094	-21,457031	-21,46979	-0,1351662	-0,035442077	-0,028042555	-0,024598006
41773	47,746094	-21,957031	-21,961329	-0,13715476	-0,036243424	-0,028697103	-0,02530599
41773	48,246094	-22,457031	-22,507133	-0,14061183	-0,037140474	-0,029520929	-0,02610473
41773	48,746094	-22,957031	-22,958502	-0,14303923	-0,037891492	-0,030235261	-0,026897755
41773	49,246094	-23,457031	-23,503395	-0,14588162	-0,038681149	-0,030955106	-0,027497027
41773	49,746094	-23,957031	-23,947659	-0,14775619	-0,039394543	-0,031558663	-0,028227951
41773	50,246094	-24,457031	-24,410168	-0,15011877	-0,040208429	-0,032310665	-0,028904442
41773	50,746094	-24,957031	-24,960196	-0,15334934	-0,041066058	-0,033114463	-0,029746581
41773	51,246094	-25,457031	-25,494432	-0,15588552	-0,041879967	-0,033861488	-0,030453775
41773	51,746094	-25,957031	-26,003899	-0,15841722	-0,042664103	-0,034580201	-0,031227332
41773	52,246094	-26,457031	-26,454657	-0,16090721	-0,043453977	-0,035209656	-0,031920072
41773	52,746094	-26,957031	-26,995932	-0,16365647	-0,044236988	-0,035996914	-0,032724064
41773	53,246094	-27,457031	-27,483315	-0,16547889	-0,045067642	-0,036705375	-0,03336316
41773	53,746094	-27,957031	-27,950542	-0,16847029	-0,045884021	-0,037403286	-0,034194764
41773	54,246094	-28,457031	-28,513868	-0,17121583	-0,046697397	-0,038230896	-0,0349891
41773	54,746094	-28,957031	-29,045525	-0,17324537	-0,047468908	-0,038983405	-0,03569651
41773	55,246094	-29,457031	-29,467308	-0,17607883	-0,048227258	-0,03967759	-0,036288451
41773	55,746094	-29,957031	-29,9424	-0,17841905	-0,048955735	-0,040426701	-0,037136268
41773	56,246094	-30,457031	-30,510841	-0,18123314	-0,049831785	-0,041141748	-0,037790958
41773	56,746094	-30,957031	-31,012949	-0,18356517	-0,050648559	-0,041914076	-0,038612839
41773	57,246094	-31,457031	-31,450144	-0,18576756	-0,051326662	-0,042572469	-0,039402116
41773	57,746094	-31,957031	-31,973661	-0,18874183	-0,052153051	-0,04341051	-0,04006109
41773	58,246094	-32,457031	-32,49369	-0,19103438	-0,052933808	-0,044067442	-0,040842492
41773	58,746094	-32,957031	-32,996685	-0,19395053	-0,053690054	-0,044880182	-0,041636568
41773	59,246094	-33,457031	-33,430538	-0,19585043	-0,054447357	-0,045522034	-0,042350043
41773	59,746094	-33,957031	-34,01722	-0,19855723	-0,055328023	-0,04643631	-0,043070514
41773	60,246094	-34,457031	-34,467289	-0,20048246	-0,05601988	-0,047056884	-0,043829042
41773	60,746094	-34,957031	-34,997574	-0,20307377	-0,056904748	-0,047873318	-0,044708323
41773	61,246094	-35,457031	-35,487328	-0,20549819	-0,057652183	-0,048501074	-0,045252156
41773	61,746094	-35,957031	-35,964848	-0,20742118	-0,05844029	-0,049254924	-0,045982104
41773	62,246094	-36,457031	-36,471905	-0,21078065	-0,059216656	-0,050078005	-0,046834219
41773	62,746094	-36,957031	-36,947197	-0,21288693	-0,05989968	-0,050761163	-0,04753742
41773	63,246094	-37,457031	-37,505474	-0,2149947	-0,060789265	-0,051572978	-0,048318963
41773	63,746094	-37,957031	-37,989605	-0,21710023	-0,061574936	-0,052266538	-0,049106229
41773	64,246094	-38,457031	-38,548267	-0,2203986	-0,062527113	-0,053028882	-0,049980324
41773	64,746094	-38,957031	-39,020313	-0,22219121	-0,063193336	-0,053873986	-0,050659705
41773	65,246094	-39,457031	-39,485302	-0,22507459	-0,063890755	-0,054509133	-0,051378611
41773	65,746094	-39,957031	-39,980152	-0,22722185	-0,064622432	-0,055224895	-0,052134816
41773	66,246094	-40,457031	-40,429508	-0,2288945	-0,065378651	-0,05590561	-0,052818876
41773	66,746094	-40,957031	-41,042339	-0,23193285	-0,066340186	-0,056851506	-0,053737942
41773	67,246094	-41,457031	-41,442772	-0,23427904	-0,066929229	-0,057413101	-0,054306705
41773	67,746094	-41,957031	-42,059948	-0,2370365	-0,067939118	-0,058349401	-0,055211533
41773	68,246094	-42,457031	-42,480953	-0,23891255	-0,06862285	-0,058968753	-0,055870023
41773	68,746094	-42,957031	-42,976406	-0,24153441	-0,069368504	-0,05973798	-0,056759614
41773	69,246094	-43,457031	-43,49667	-0,24403408	-0,070190921	-0,06051749	-0,057387169
41773	69,746094	-43,957031	-44,006779	-0,24657622	-0,071015552	-0,061193079	-0,058231112
41773	70,246094	-44,457031	-44,471012	-0,24847388	-0,071739562	-0,061914533	-0,059043292
41773	70,746094	-44,957031	-44,971004	-0,25109276	-0,07254649	-0,062745303	-0,059737276
41773	71,246094	-45,457031	-45,445538	-0,25295392	-0,073309571	-0,063409537	-0,060474943
41773	71,746094	-45,957031	-46,013981	-0,25543347	-0,07415726	-0,064271688	-0,061317917
41773	72,246094	-46,457031	-46,413345	-0,25779009	-0,074885137	-0,064960927	-0,061967757
41773	72,746094	-46,957031	-46,981457	-0,26042759	-0,075712316	-0,065666139	-0,062735572
41773	73,246094	-47,457031	-47,461464	-0,26294813	-0,076481864	-0,066484243	-0,063579306
41773	73,746094	-47,957031	-48,064758	-0,26572049	-0,077398404	-0,067349792	-0,064388603
41773	74,246094	-48,457031	-48,411983	-0,2672866	-0,078026325	-0,067868769	-0,064981222
41773	74,746094	-48,957031	-48,998486	-0,26983395	-0,078883879	-0,068807125	-0,065926552
41773	75,246094	-49,457031	-49,511227	-0,27225912	-0,079677656	-0,069526225	-0,066699833
41773	75,746094	-49,957031	-49,964634	-0,27494282	-0,080421254	-0,070275247	-0,067376763
41773	76,246094	-50,457031	-50,434273	-0,27719587	-0,081152454	-0,070985287	-0,068204284
41773	76,746094	-50,447071	-50,49781	-0,27770177	-0,08134976	-0,071115375	-0,068314046
41773	77,246094	-49,947071	-50,015068	-0,27565658	-0,080763616	-0,07049039	-0,067627147
41773	77,746094	-49,447071	-49,427292	-0,27349815	-0,079906464	-0,069642663	-0,066861004
41773	78,246094	-48,947071	-48,914375	-0,2714403	-0,079096794	-0,069036573	-0,066183269
41773	78,746094	-48,447071	-48,484764	-0,26961491	-0,078521326	-0,068309247	-0,065551922
41773	79,246094	-47,947071	-47,906822	-0,26722848	-0,077670783	-0,067608446	-0,064762697
41773	79,746094	-47,447071	-47,366463	-0,26473477	-0,076955326	-0,066902429	-0,064028412
41773	80,246094	-46,947071	-46,943367	-0,26315153	-0,076300398	-0,066268623	-0,063308507
41773	80,746094	-46,447071	-46,461765	-0,26151985	-0,075663954	-0,065611869	-0,062737361
41773	81,246094	-45,947071	-45,855309	-0,25821924	-0,07481765	-0,064795256	-0,061982077
41773	81,746094	-45,447071	-45,437748	-0,25674328	-0,074135177	-0,064227194	-0,061237406
41773	82,246094	-44,947071	-44,912315	-0,25539696	-0,073403805	-0,063475698	-0,060617145
41773	82,746094	-44,447071	-44,385387	-0,25261045	-0,072561979	-0,062722862	-0,059833575
41773	83,246094	-43,947071	-43,924721	-0,25057346	-0,071959302	-0,062086791	-0,059137691
41773	83,746094	-43,447071	-43,325409	-0,24820417	-0,07108216	-0,061294287	-0,058299784
41773	84,246094	-42,947071	-42,928501	-0,24650469	-0,070490196	-0,060575455	-0,057736706
41773	84,746094	-42,447071	-42,460293	-0,24443641	-0,069813639	-0,060017288	-0,057011586
41773	85,246094	-41,947071	-41,921116	-0,24219006	-0,069039688	-0,059234649	-0,056277756
41773	85,746094	-41,447071	-41,368683	-0,2392225	-0,068222448	-0,058437347	-0,055483002
41773	86,246094	-40,947071	-40,92691	-0,23766831	-0,067564316	-0,05782482	-0,054846857
41773	86,746094	-40,447071	-40,380737	-0,23595467	-0,066761181	-0,057057351	-0,053991582
41773	87,246094	-39,947071	-39,882133	-0,23352876	-0,066000991	-0,056376815	-0,053357724
41773	87,746094	-39,447071	-39,457371	-0,23133904	-0,06545043	-0,055704802	-0,052740995
41773	88,246094	-38,947071	-38,938087	-0,22940636	-0,064649709	-0,05496648	-0,051952433
41773	88,746094	-38,447071	-38,399128	-0,22630692	-0,063831724	-0,054286748	-0,051276784
41773	89,246094	-37,947071	-37,913868	-0,22418797	-0,063071474	-0,053459704	-0,050584976
41773	89,746094	-37,447071	-37,38002	-0,22224337	-0,062352356	-0,052699089	-0,049742986
41773	90,246094	-36,947071	-36,948811	-0,22067651	-0,06171665	-0,052101701	-0,049093772
41773	90,746094	-36,447071	-36,466824	-0,21817461	-0,060880911	-0,051453859	-0,048524018
41773	91,246094	-35,947071	-35,985668	-0,21587461	-0,060189452	-0,050766319	-0,047654297
41773	91,746094	-35,447071	-35,457016	-0,21374151	-0,0593918	-0,049986869	-0,047003824
41773	92,246094	-34,947071	-34,929947	-0,2115503	-0,058597997	-0,049241066	-0,046343584
41773	92,746094	-34,447071	-34,374283	-0,20870566	-0,057852346	-0,048419297	-0,045389678
41773	93,246094	-33,947071	-33,934822	-0,20684823	-0,057225849	-0,047801137	-0,044758711
41773	93,746094	-33,447071	-33,416435	-0,20439625	-0,056319218	-0,047085345	-0,044106249
41773	94,246094	-32,947071	-32,946125	-0,20240471	-0,055631876	-0,046335667	-0,043293815
41773	94,746094	-32,447071	-32,42194	-0,19987673	-0,054900698	-0,045615375	-0,042607654
41773	95,246094	-31,947071	-31,894899	-0,19688159	-0,054060951	-0,044787258	-0,041893031
41773	95,746094	-31,447071	-31,445307	-0,19523054	-0,053359609	-0,044136852	-0,041146267
41773	96,246094	-30,947071	-30,906542	-0,19281879	-0,05255029	-0,043422252	-0,040425193
41773	96,746094	-30,447071	-30,438782	-0,1907751	-0,05186129	-0,042609692	-0,039723422
41773	97,246094	-29,947071	-29,949635	-0,18894672	-0,051095348	-0,041976035	-0,038907375
41773	97,746094	-29,447071	-29,404228	-0,18611699	-0,050255742	-0,041273952	-0,038226973
41773	98,246094	-28,947071	-28,873146	-0,18325597	-0,049399223	-0,040445447	-0,037516061
41773	98,746094	-28,447071	-28,411402	-0,18056259	-0,048707906	-0,039701909	-0,036789399
41773	99,246094	-27,947071	-27,929094	-0,17867163	-0,04797148	-0,038933277	-0,036031347
41773	99,746094	-27,447071	-27,373472	-0,17624497	-0,047096908	-0,03821224	-0,03537121
41773	100,24609	-26,947071	-26,906939	-0,17412379	-0,046405639	-0,037540644	-0,034576129
41773	100,74609	-26,447071	-26,397739	-0,17135143	-0,045719132	-0,036783725	-0,033876393
41773	101,24609	-25,947071	-25,96567	-0,16928017	-0,044969194	-0,036203593	-0,03326245
41773	101,74609	-25,447071	-25,345295	-0,16710311	-0,043994367	-0,035318047	-0,032335926
41773	102,24609	-24,947071	-24,924736	-0,16424507	-0,043339595	-0,034600973	-0,031674471
41773	102,74609	-24,447071	-24,491756	-0,16210601	-0,042663001	-0,034015626	-0,030973915
41773	103,24609	-23,947071	-23,885632	-0,15907511	-0,04174991	-0,033085197	-0,030148353
41773	103,74609	-23,447071	-23,380947	-0,15595108	-0,040903158	-0,03242141	-0,029460382
41773	104,24609	-22,947071	-22,972126	-0,1542218	-0,040276557	-0,0317325	-0,028851341
41773	104,74609	-22,447071	-22,399002	-0,15149266	-0,039373018	-0,030969381	-0,028002303
41773	105,24609	-21,947071	-21,903576	-0,14900044	-0,038552515	-0,030203968	-0,027287643
41773	105,74609	-21,447071	-21,404207	-0,14643595	-0,037798099	-0,029469967	-0,026495326
41773	106,24609	-20,947071	-20,936926	-0,14370009	-0,037054144	-0,028767407	-0,025841039
41773	106,74609	-20,447071	-20,464453	-0,14130026	-0,036342397	-0,028095722	-0,025153745
41773	107,24609	-19,947071	-19,892208	-0,13914257	-0,035386667	-0,027262211	-0,024396617
41773	107,74609	-19,447071	-19,466515	-0,13657436	-0,034701481	-0,026657492	-0,023665745
41773	108,24609	-18,947071	-18,944696	-0,13409853	-0,033800595	-0,025815904	-0,022977222
41773	108,74609	-18,447071	-18,47275	-0,1310356	-0,033047549	-0,025132775	-0,022216503
41773	109,24609	-17,947071	-17,913921	-0,12849122	-0,032219328	-0,024381101	-0,02145521
41773	109,74609	-17,447071	-17,419306	-0,12551546	-0,031352922	-0,023656607	-0,020738844
41773	110,24609	-16,947071	-16,940952	-0,12360364	-0,030637369	-0,022888601	-0,020027708
41773	110,74609	-16,447071	-16,439539	-0,12002438	-0,029847309	-0,022095203	-0,019216936
41773	111,24609	-15,947071	-15,954896	-0,11775419	-0,028985016	-0,021429837	-0,018653844
41773	111,74609	-15,447071	-15,431664	-0,11496246	-0,028179839	-0,020572215	-0,017748978
41773	112,24609	-14,947071	-14,966715	-0,11253953	-0,027425639	-0,019950509	-0,017158914
41773	112,74609	-14,447071	-14,475904	-0,10959357	-0,0265138	-0,019241452	-0,016360592
41773	113,24609	-13,947071	-13,93566	-0,10692105	-0,025758184	-0,01849708	-0,015643861
41773	113,74609	-13,447071	-13,430789	-0,10332316	-0,024898298	-0,017653853	-0,014889892
41773	114,24609	-12,947071	-12,99695	-0,10061488	-0,024177499	-0,016989738	-0,014296252
41773	114,74609	-12,447071	-12,418891	-0,09785369	-0,023212686	-0,016150147	-0,013464022
41773	115,24609	-11,947071	-11,859755	-0,094428658	-0,022341602	-0,01529792	-0,01264688
41773	115,74609	-11,447071	-11,479135	-0,092246383	-0,021678768	-0,014653742	-0,012088876
41773	116,24609	-10,947071	-10,969469	-0,089348108	-0,02080889	-0,013901204	-0,011401456
41773	116,74609	-10,447071	-10,419411	-0,085766613	-0,01983694	-0,013126522	-0,010626126
41773	117,24609	-9,9470711	-9,9605589	-0,08290112	-0,019166991	-0,012396753	-0,0099693574
41773	117,74609	-9,4470711	-9,4401236	-0,079526752	-0,018175155	-0,011622131	-0,009192396
41773	118,24609	-8,9470711	-8,8921614	-0,076443702	-0,017267793	-0,010805517	-0,0084353872
41773	118,74609	-8,4470711	-8,4610806	-0,073458254	-0,016532362	-0,010155559	-0,0078465901
41773	119,24609	-7,9470711	-7,956461	-0,069759786	-0,015663505	-0,0094932914	-0,0073317625
41773	119,74609	-7,4470711	-7,389359	-0,066353381	-0,014619775	-0,0086904466	-0,0064519383
41773	120,24609	-6,9470711	-6,9230208	-0,063110888	-0,013727143	-0,008002162	-0,0058228932
41773	120,74609	-6,4470711	-6,4474678	-0,059338659	-0,012842476	-0,0073350668	-0,0053979866
41773	121,24609	-5,9470711	-5,8964024	-0,055740029	-0,011785507	-0,0066325665	-0,0046843924
41773	121,74609	-5,4470711	-5,6390929	-0,052712858	-0,011244811	-0,0061320364	-0,0043738894
41773	122,24609	-4,9470711	-5,183475	-0,050056726	-0,01036042	-0,0056075752	-0,0039749183
41773	122,74609	-4,4470711	-4,3290014	-0,043093413	-0,0085963234	-0,0045487881	-0,0030666478
41773	123,24609	-3,9470711	-3,8935952	-0,038761646	-0,0076460913	-0,0039224029	-0,0026160963
41773	123,74609	-3,4470711	-3,4392011	-0,035030395	-0,0067129955	-0,0033471286	-0,0023514517
41773	124,24609	-2,9470711	-2,9423721	-0,030300021	-0,0055740252	-0,0027609468	-0,0017771125
41773	124,74609	-2,4470711	-2,4734569	-0,025165081	-0,0044734776	-0,0020814836	-0,0014511868
41773	125,24609	-1,9470711	-1,9155909	-0,019396096	-0,0032224655	-0,001517117	-0,0011574998
41773	125,74609	-1,4470711	-1,424117	-0,014095753	-0,0021413565	-0,00084605813	-0,00072132051
41773	126,24609	-1,0488281	-0,96835566	-0,0078611076	-0,0012030303	-9,4950199e-05	-0,00056028366
41773	126,74609	-1,5488281	-1,3176985	-0,010707229	-0,0018764064	-0,00049287081	-0,00068931282
41773	127,24609	-2,0488281	-1,8855109	-0,016829371	-0,0029618889	-0,0011733174	-0,00093691051
41773	127,74609	-2,5488281	-2,4028347	-0,021392852	-0,0040298998	-0,001693517	-0,0011821091
41773	128,24609	-3,0488281	-2,6545618	-0,024262816	-0,0046113878	-0,0020467937	-0,001387652
41773	128,74609	-3,5488281	-3,3913889	-0,03034696	-0,0062143803	-0,0027607083	-0,0019955635
41773	129,24609	-4,0488281	-4,0722823	-0,035493821	-0,0075535998	-0,0034594834	-0,0024860762
41773	129,74609	-4,5488281	-4,5883751	-0,039932132	-0,0087012425	-0,0040186346	-0,0029401667
41773	130,24609	-5,0488281	-5,0763803	-0,04375875	-0,0096569881	-0,0046246052	-0,0034599267
41773	130,74609	-5,5488281	-5,5776834	-0,048209727	-0,010610916	-0,0051229894	-0,0038479976
41773	131,24609	-6,0488281	-6,1222205	-0,052083284	-0,011552498	-0,0058422387	-0,0043972321
41773	131,74609	-6,5488281	-6,6335368	-0,055383891	-0,012638465	-0,006429702	-0,0049530305
41773	132,24609	-7,0488281	-7,1867247	-0,058850646	-0,013582893	-0,0071576834	-0,0054958723
41773	132,74609	-7,5488281	-7,6370807	-0,062488019	-0,01445026	-0,0077548027	-0,0060981624
41773	133,24609	-8,0488281	-8,1374445	-0,065561384	-0,015260495	-0,0084157884	-0,0066590942
41773	133,74609	-8,5488281	-8,5929928	-0,068428367	-0,016137503	-0,0090586841	-0,0071931146
41773	134,24609	-9,0488281	-9,0767803	-0,071840733	-0,016899273	-0,0096233487	-0,0077631213
41773	134,74609	-9,5488281	-9,598175	-0,075210631	-0,017795041	-0,010412902	-0,0084891208
41773	135,24609	-10,048828	-10,100686	-0,078399479	-0,018638156	-0,011078268	-0,0090787597
41773	135,74609	-10,548828	-10,553114	-0,080760568	-0,019387826	-0,011783659	-0,0097667612
41773	136,24609	-11,048828	-11,086201	-0,084407628	-0,020272598	-0,012551993	-0,010464374
41773	136,74609	-11,548828	-11,625751	-0,086996704	-0,0210547	-0,013312638	-0,011244554
41773	137,24609	-12,048828	-12,089646	-0,089037418	-0,021884166	-0,01402694	-0,011888903
41773	137,74609	-12,548828	-12,544842	-0,092112273	-0,02257508	-0,014626861	-0,012492526
41773	138,24609	-13,048828	-13,063947	-0,095342845	-0,023476474	-0,015370876	-0,01324546
41773	138,74609	-13,548828	-13,536654	-0,097708404	-0,02415809	-0,016012669	-0,013852265
41773	139,24609	-14,048828	-14,041975	-0,10071918	-0,024969257	-0,016736209	-0,014542256
41773	139,74609	-14,548828	-14,542541	-0,10320768	-0,025827818	-0,017526865	-0,015253354
41773	140,24609	-15,048828	-15,043667	-0,1063399	-0,026570991	-0,018224746	-0,016015481
41773	140,74609	-15,548828	-15,574981	-0,1089327	-0,027445801	-0,019081116	-0,016664591
41773	141,24609	-16,048828	-16,008814	-0,11165664	-0,028096572	-0,019619823	-0,01737931
41773	141,74609	-16,548828	-16,543297	-0,11444092	-0,028970368	-0,020356655	-0,018057715
41773	142,24609	-17,048828	-17,021969	-0,1167655	-0,029788859	-0,021036863	-0,018766705
41773	142,74609	-17,548828	-17,548866	-0,11973381	-0,030603588	-0,021813333	-0,019613724
41773	143,24609	-18,048828	-18,116407	-0,1230076	-0,031541146	-0,022632062	-0,020328928
41773	143,74609	-18,548828	-18,565573	-0,12444407	-0,032242432	-0,02328366	-0,020992424
41773	144,24609	-19,048828	-19,041622	-0,12750477	-0,03302303	-0,024053872	-0,021740731
41773	144,74609	-19,548828	-19,626114	-0,13024956	-0,033948094	-0,024810523	-0,022580471
41773	145,24609	-20,048828	-20,060061	-0,13268515	-0,034615085	-0,025454402	-0,023168247
41773	145,74609	-20,548828	-20,553934	-0,1353167	-0,035332136	-0,026184231	-0,023922924
41773	146,24609	-21,048828	-21,107483	-0,13789684	-0,036283791	-0,026954651	-0,024640981
41773	146,74609	-21,548828	-21,526911	-0,14036819	-0,036947735	-0,027611822	-0,025337759
41773	147,24609	-22,048828	-22,006094	-0,14303029	-0,037729017	-0,028325588	-0,026009146
41773	147,74609	-22,548828	-22,554802	-0,14526173	-0,038600124	-0,029069692	-0,026906651
41773	148,24609	-23,048828	-23,029001	-0,14780387	-0,039408818	-0,029792935	-0,027489986
41773	148,74609	-23,548828	-23,528551	-0,15053079	-0,040179558	-0,030551493	-0,02829675
41773	149,24609	-24,048828	-24,020226	-0,15320256	-0,040957399	-0,031240225	-0,028963316
41773	149,74609	-24,548828	-24,56731	-0,15531555	-0,041800193	-0,032071531	-0,029809993
41773	150,24609	-25,048828	-25,055214	-0,15810505	-0,042537384	-0,032807857	-0,030473594
41773	150,74609	-25,548828	-25,613384	-0,16073212	-0,043490697	-0,033558577	-0,031309973
41773	151,24609	-26,048828	-26,027332	-0,16271323	-0,044133946	-0,034261853	-0,031869892
41773	151,74609	-26,548828	-26,542507	-0,16548783	-0,044968836	-0,034938902	-0,032712046
41773	152,24609	-27,048828	-27,066975	-0,16799495	-0,045772832	-0,035687059	-0,033529695
41773	152,74609	-27,548828	-27,53651	-0,17047226	-0,046501309	-0,036344767	-0,034119908
41773	153,24609	-28,048828	-28,063044	-0,17310381	-0,047294442	-0,037144691	-0,034891669
41773	153,74609	-28,548828	-28,577396	-0,17529428	-0,048063315	-0,03792721	-0,035629291
41773	154,24609	-29,048828	-29,068174	-0,17739311	-0,048863873	-0,038664669	-0,036415208
41773	154,74609	-29,548828	-29,57686	-0,18051341	-0,049686495	-0,039324403	-0,037159894
41773	155,24609	-30,048828	-30,038393	-0,18242076	-0,050393015	-0,040069163	-0,037780542
41773	155,74609	-30,548828	-30,567251	-0,18542111	-0,051193148	-0,040787369	-0,038739238
41773	156,24609	-31,048828	-31,03018	-0,18724725	-0,051932003	-0,0415093	-0,039306145
41773	156,74609	-31,548828	-31,549133	-0,19005463	-0,052685581	-0,042263687	-0,040029671
41773	157,24609	-32,048828	-32,087238	-0,19274652	-0,053578343	-0,043137968	-0,040983912
41773	157,74609	-32,548828	-32,624771	-0,19422621	-0,054404341	-0,043852597	-0,041639607
41773	158,24609	-33,048828	-33,023685	-0,19680634	-0,055032287	-0,044500768	-0,042296331
41773	158,74609	-33,548828	-33,520489	-0,19981787	-0,055845674	-0,045244694	-0,043093082
41773	159,24609	-34,048828	-34,101105	-0,20195469	-0,056700788	-0,046008229	-0,043819521
41773	159,74609	-34,548828	-34,564968	-0,20480677	-0,057491671	-0,046766162	-0,044483963
41773	160,24609	-35,048828	-35,04694	-0,20640567	-0,058183234	-0,047446191	-0,045201261
41773	160,74609	-35,548828	-35,631702	-0,20954013	-0,059135772	-0,048277825	-0,046162996
41773	161,24609	-36,048828	-36,057121	-0,21189675	-0,05976247	-0,048912197	-0,04675876
41773	161,74609	-36,548828	-36,57515	-0,21377206	-0,060620673	-0,049703002	-0,047618818
41773	162,24609	-37,048828	-37,109303	-0,21626651	-0,061481014	-0,050523847	-0,048388947
41773	162,74609	-37,548828	-37,550232	-0,21873116	-0,062157512	-0,051140904	-0,04898018
41773	163,24609	-38,048828	-38,050087	-0,22093132	-0,062866762	-0,05191958	-0,049822289
41773	163,74609	-38,548828	-38,58474	-0,2232112	-0,063678205	-0,052648723	-0,050578926
41773	164,24609	-39,048828	-39,068069	-0,225503	-0,064477861	-0,053312868	-0,051313262
41773	164,74609	-39,548828	-39,617558	-0,22832677	-0,065304428	-0,054110914	-0,052115668
41773	165,24609	-40,048828	-40,082481	-0,23025572	-0,06600146	-0,054901838	-0,05286235
41773	165,74609	-40,548828	-40,59425	-0,23307204	-0,066880494	-0,055650055	-0,053528752
41773	166,24609	-41,048828	-41,055035	-0,2347827	-0,067514077	-0,056303561	-0,05425844
41773	166,74609	-41,548828	-41,540054	-0,23730621	-0,068345979	-0,057033777	-0,055003058
41773	167,24609	-42,048828	-42,072208	-0,23985431	-0,069105774	-0,057854384	-0,055919465
41773	167,74609	-42,548828	-42,624878	-0,24236217	-0,069996141	-0,058644682	-0,056642164
41773	168,24609	-43,048828	-43,062866	-0,24430081	-0,070643425	-0,059314787	-0,057371918
41773	168,74609	-43,548828	-43,563274	-0,24672002	-0,07143192	-0,060010314	-0,058113363
41773	169,24609	-44,048828	-44,099121	-0,24878383	-0,072289169	-0,060812593	-0,05885363
41773	169,74609	-44,548828	-44,604301	-0,25170296	-0,073048398	-0,061577648	-0,059747394
41773	170,24609	-45,048828	-45,088272	-0,25403425	-0,073739663	-0,062288523	-0,060330119
41773	170,74609	-45,548828	-45,479294	-0,25554225	-0,074425854	-0,062897652	-0,060892124
41773	171,24609	-46,048828	-46,058578	-0,25798604	-0,075261608	-0,063745946	-0,061800983
41773	171,74609	-46,548828	-46,598576	-0,26085228	-0,076134503	-0,064540058	-0,0626228
41773	172,24609	-47,048828	-47,09811	-0,26333928	-0,076926842	-0,065252036	-0,063377559
41773	172,74609	-47,548828	-47,506615	-0,26521534	-0,077525146	-0,065896571	-0,064053133
41773	173,24609	-48,048828	-48,057442	-0,26754066	-0,078386128	-0,066708982	-0,064893514
41773	173,74609	-48,548828	-48,503979	-0,26968196	-0,079136968	-0,067368746	-0,065498039
41773	174,24609	-49,048828	-49,080971	-0,27253628	-0,080051154	-0,068263829	-0,066411585
41773	174,74609	-49,548828	-49,603355	-0,27457476	-0,080847599	-0,069027036	-0,067187831
41773	175,24609	-49,355274	-49,421497	-0,27383193	-0,08055719	-0,068876058	-0,066931069
41773	175,74609	-48,855274	-48,85009	-0,27173981	-0,079839982	-0,068017423	-0,06616725
41773	176,24609	-48,355274	-48,310062	-0,27032867	-0,079046026	-0,067283928	-0,06544587
41773	176,74609	-47,855274	-47,843437	-0,2680324	-0,078316644	-0,066696137	-0,064783156
41773	177,24609	-47,355274	-47,290897	-0,26618093	-0,077560604	-0,065899253	-0,064025104
41773	177,74609	-46,855274	-46,832474	-0,26325509	-0,076883689	-0,065262973	-0,063428059
41773	178,24609	-46,355274	-46,352184	-0,26245192	-0,076198868	-0,064615667	-0,062718734
41773	178,74609	-45,855274	-45,788734	-0,25897473	-0,075388879	-0,06385234	-0,061918695
41773	179,24609	-45,355274	-45,332504	-0,25722906	-0,074728549	-0,063121259	-0,061234917
41773	179,74609	-44,855274	-44,84053	-0,255014	-0,074001282	-0,062515318	-0,060534339
41773	180,24609	-44,355274	-44,422344	-0,25376976	-0,073446065	-0,061876893	-0,059925761
41773	180,74609	-43,855274	-43,79129	-0,25068447	-0,072541893	-0,061025441	-0,059048112
41773	181,24609	-43,355274	-43,369823	-0,24910048	-0,071908668	-0,060478836	-0,058482606
41773	181,74609	-42,855274	-42,839764	-0,24690479	-0,071205512	-0,059643894	-0,057682309
41773	182,24609	-42,355274	-42,309246	-0,24459735	-0,070336789	-0,058909863	-0,056939501
41773	182,74609	-41,855274	-41,826321	-0,24189875	-0,069557384	-0,058286041	-0,056219239
41773	183,24609	-41,355274	-41,348793	-0,24045855	-0,068986073	-0,057625651	-0,0556303
41773	183,74609	-40,855274	-40,85947	-0,23887828	-0,068194494	-0,056803852	-0,054795925
41773	184,24609	-40,355274	-40,293835	-0,23612007	-0,067329369	-0,05601871	-0,054041434
41773	184,74609	-39,855274	-39,771023	-0,23377091	-0,066609293	-0,055319816	-0,053355854
41773	185,24609	-39,355274	-39,3456	-0,23160949	-0,065952606	-0,054648757	-0,052647974
41773	185,74609	-38,855274	-38,811749	-0,22964776	-0,065122023	-0,053946942	-0,051900934
41773	186,24609	-38,355274	-38,372219	-0,2269268	-0,064550847	-0,053243577	-0,051342089
41773	186,74609	-37,855274	-37,770596	-0,22480711	-0,063594632	-0,052449018	-0,050342534
41773	187,24609	-37,355274	-37,292683	-0,22247061	-0,06293083	-0,051824719	-0,049743596
41773	187,74609	-36,855274	-36,898624	-0,22184849	-0,062359225	-0,051185608	-0,04916596
41773	188,24609	-36,355274	-36,307575	-0,21778792	-0,06136968	-0,050266415	-0,048244555
41773	188,74609	-35,855274	-35,82946	-0,21587759	-0,06078412	-0,049649477	-0,047522519
41773	189,24609	-35,355274	-35,37867	-0,21445304	-0,060046069	-0,048997283	-0,046926621
41773	189,74609	-34,855274	-34,848793	-0,21206513	-0,059288308	-0,048226446	-0,046185236
41773	190,24609	-34,355274	-34,315308	-0,20967498	-0,058509726	-0,047485262	-0,045386437
41773	190,74609	-33,855274	-33,787563	-0,20748898	-0,057729296	-0,04666996	-0,044692259
41773	191,24609	-33,355274	-33,278816	-0,20522624	-0,056928109	-0,045999944	-0,043944884
41773	191,74609	-32,855274	-32,842804	-0,20305142	-0,05631179	-0,04538846	-0,043170717
41773	192,24609	-32,355274	-32,382298	-0,20062253	-0,055578377	-0,0446904	-0,042621661
41773	192,74609	-31,855274	-31,856138	-0,19861162	-0,054735433	-0,043894708	-0,041875537
41773	193,24609	-31,355274	-31,342985	-0,19605607	-0,054034427	-0,043233901	-0,041030426
41773	193,74609	-30,855274	-30,825829	-0,19341111	-0,053213276	-0,042466611	-0,040404473
41773	194,24609	-30,355274	-30,417585	-0,19105002	-0,052592102	-0,041822493	-0,039680254
41773	194,74609	-29,855274	-29,860554	-0,18900484	-0,05173783	-0,041050225	-0,038860116
41773	195,24609	-29,355274	-29,347326	-0,18669516	-0,050995041	-0,040354371	-0,038169693
41773	195,74609	-28,855274	-28,871717	-0,18428862	-0,050285235	-0,039581031	-0,037433717
41773	196,24609	-28,355274	-28,353985	-0,18204153	-0,049385857	-0,0388439	-0,03680985
41773	196,74609	-27,855274	-27,859407	-0,17981231	-0,048721951	-0,038199186	-0,035980027
41773	197,24609	-27,355274	-27,358875	-0,17699227	-0,047883507	-0,037405401	-0,035266403
41773	197,74609	-26,855274	-26,888155	-0,17504618	-0,047095656	-0,036732733	-0,034618814
41773	198,24609	-26,355274	-26,342091	-0,17212331	-0,046362139	-0,035866141	-0,033768687
41773	198,74609	-25,855274	-25,936144	-0,17013177	-0,045692034	-0,035205305	-0,0331388
41773	199,24609	-25,355274	-25,366941	-0,1675047	-0,0448124	-0,034450918	-0,032340046
41773	199,74609	-24,855274	-24,846893	-0,16490072	-0,044035565	-0,033705771	-0,031560499
41773	200,24609	-24,355274	-24,346598	-0,16262755	-0,043294147	-0,033061773	-0,030832577
41773	200,74609	-23,855274	-23,848558	-0,16044304	-0,04238835	-0,0323098	-0,030086797
41773	201,24609	-23,355274	-23,407726	-0,15832633	-0,041779347	-0,03165099	-0,029413063
41773	201,74609	-22,855274	-22,837523	-0,15502945	-0,040825076	-0,030831873	-0,028645124
41773	202,24609	-22,355274	-22,300055	-0,15195608	-0,04001689	-0,030018032	-0,027898218
41773	202,74609	-21,855274	-21,854601	-0,14983416	-0,039431877	-0,029333502	-0,027149636
41773	203,24609	-21,355274	-21,264437	-0,14714673	-0,038372383	-0,028515786	-0,026299004
41773	203,74609	-20,855274	-20,798519	-0,14457181	-0,037692495	-0,027822435	-0,025668863
41773	204,24609	-20,355274	-20,340221	-0,14206171	-0,036901981	-0,02701202	-0,024854686
41773	204,74609	-19,855274	-19,777779	-0,13944283	-0,036016919	-0,026328713	-0,02419183
41773	205,24609	-19,355274	-19,359283	-0,13701841	-0,035390951	-0,025706291	-0,023532938
41773	205,74609	-18,855274	-18,84214	-0,13444424	-0,034513898	-0,024916172	-0,022809599
41773	206,24609	-18,355274	-18,342501	-0,13177842	-0,0337447	-0,024161577	-0,022009615
41773	206,74609	-17,855274	-17,831192	-0,12871325	-0,032907642	-0,023449898	-0,021325734
41773	207,24609	-17,355274	-17,352417	-0,12675002	-0,032047108	-0,022688389	-0,020613279
41773	207,74609	-16,855274	-16,837147	-0,12325346	-0,031272858	-0,021927059	-0,019804616
41773	208,24609	-16,355274	-16,257624	-0,12047514	-0,030393198	-0,021088839	-0,019016508
41773	208,74609	-15,855274	-15,792116	-0,11883974	-0,029649071	-0,02033177	-0,018338505
41773	209,24609	-15,355274	-15,338693	-0,11602864	-0,028911106	-0,019681633	-0,01773468
41773	209,74609	-14,855274	-14,85567	-0,11326373	-0,028082453	-0,018942833	-0,016950559
41773	210,24609	-14,355274	-14,293488	-0,1105167	-0,027129449	-0,018202573	-0,016152453
41773	210,74609	-13,855274	-13,849204	-0,1069352	-0,026380412	-0,017506272	-0,015488479
41773	211,24609	-13,355274	-13,356784	-0,10461733	-0,025547527	-0,016779393	-0,014839996
41773	211,74609	-12,855274	-12,796361	-0,10119975	-0,024663649	-0,015930474	-0,013746951
41773	212,24609	-12,355274	-12,341414	-0,098843127	-0,023902357	-0,015305668	-0,013277736
41773	212,74609	-11,855274	-11,84978	-0,095696002	-0,023158327	-0,014502138	-0,012609605
41773	213,24609	-11,355274	-11,370098	-0,092860311	-0,022302195	-0,013805747	-0,011819813
41773	213,74609	-10,855274	-10,876379	-0,090130419	-0,021481946	-0,013126552	-0,011217911
41773	214,24609	-10,355274	-10,333043	-0,08700341	-0,0205011	-0,012242883	-0,010473918
41773	214,74609	-9,8552742	-9,8324757	-0,083358586	-0,01969029	-0,011527449	-0,0096970387
41773	215,24609	-9,3552742	-9,3520765	-0,080693513	-0,018890016	-0,010746211	-0,0090666972
41773	215,74609	-8,8552742	-8,7820301	-0,077348948	-0,017814077	-0,0098965466	-0,0081821792
41773	216,24609	-8,3552742	-8,3180819	-0,074449182	-0,017065056	-0,00920555	-0,0075801201
41773	216,74609	-7,8552742	-7,8408222	-0,070468336	-0,016179942	-0,0085585415	-0,0068982132
41773	217,24609	-7,3552742	-7,367959	-0,067115575	-0,015345946	-0,0079136193	-0,0064417012
41773	217,74609	-6,8552742	-6,8744531	-0,063667446	-0,014343709	-0,0072573721	-0,0058508925
41773	218,24609	-6,3552742	-6,3392482	-0,060267746	-0,013359413	-0,0064846277	-0,0050126873
41773	218,74609	-5,8552742	-5,8653393	-0,056370348	-0,012449168	-0,0058159232	-0,0046714582
41773	219,24609	-5,3552742	-5,5209622	-0,053860992	-0,011683255	-0,0053785741	-0,0042286031
41773	219,74609	-4,8552742	-5,0973597	-0,050924718	-0,010822937	-0,0048729181	-0,0037422888
41773	220,24609	-4,3552742	-4,2096844	-0,043337047	-0,0089966655	-0,0038272142	-0,0029049031
41773	220,74609	-3,8552742	-3,8128197	-0,039532036	-0,0080781877	-0,0032853782	-0,0025689118
41773	221,24609	-3,3552742	-3,2994971	-0,034881383	-0,006977126	-0,0027000904	-0,0021246634
41773	221,74609	-2,8552742	-2,8178077	-0,030743331	-0,0058860555	-0,0021716654	-0,001669731
41773	222,24609	-2,3552742	-2,3524706	-0,025416166	-0,0047601834	-0,0015316308	-0,0013014786
41773	222,74609	-1,8552742	-1,8688999	-0,020578504	-0,0036627501	-0,0010250807	-0,00097525492
41773	223,24609	-1,3552742	-1,3566091	-0,014682859	-0,0025247484	-0,00038942695	-0,00068796799
41773	223,74609	-1	-0,9059571	-0,008893013	-0,0014538541	0,00018528104	-0,00033752993
41773	224,24609	-1	-0,89392811	-0,0074245036	-0,0014418289	0,00031900406	-0,00040810183
41773	224,74609	-1	-0,89541447	-0,0072412193	-0,0013363734	0,00031325221	-0,00039709732
41773	225,24609	-1	-0,89675748	-0,0076800585	-0,0013436005	0,00031647086	-0,0003028363
41773	225,74609	-1	-0,94857627	-0,0076413155	-0,0014318749	0,00026470423	-0,00034527108
41773	226,24609	-1	-0,92313814	-0,0075235963	-0,0013142973	0,00031507015	-0,00033918396
41773	226,74609	-1	-1,0030866	-0,0080361962	-0,0014343038	0,00030225515	-0,00028016418
41773	227,24609	-1	-0,97941232	-0,0077933073	-0,0014332682	0,00027230382	-0,00033773109
41773	227,74609	-1	-0,95072573	-0,008225441	-0,0013223439	0,00032195449	-0,00036790594
41773	228,24609	-1	-0,97253919	-0,0077582896	-0,0013702288	0,00033196807	-0,0001966469
41773	228,74609	-1	-1,0201857	-0,008109957	-0,0014492869	0,00036889315	-0,00022970513
41773	229,24609	-1	-0,99873173	-0,0079929829	-0,0014127716	0,00028628111	-0,0003098622
41773	229,74609	-1	-0,99894774	-0,0078529119	-0,0013747439	0,00029015541	-0,00027209148
41773	230,24609	-1	-0,97796506	-0,0076077878	-0,001316309	0,00038018823	-0,00023477152
41773	230,74609	-1	-1,0039173	-0,0077575445	-0,0013031512	0,00035521388	-0,00023351982
41773	231,24609	-1	-1,0142866	-0,0079035759	-0,0013607666	0,00036203861	-0,00033600628
41773	231,74609	-1	-0,97344816	-0,0074058771	-0,0013385937	0,00037458539	-0,00028241426
41773	232,24609	-1	-1,0536462	-0,0076413155	-0,0014218837	0,00026753545	-0,00022501126
41773	232,74609	-1	-1,0314081	-0,0080354512	-0,0013679191	0,00035330653	-0,00024424493
41773	233,24609	-1	-1,0075588	-0,0080682337	-0,0013110191	0,00032860041	-0,00021746755
41773	233,74609	-1	-1,0382365	-0,007545948	-0,0013512298	0,00029295683	-0,00028456748
41773	234,24609	-1	-0,99952149	-0,008559227	-0,0012484118	0,00035265088	-0,00022813305
41773	234,74609	-1	-0,98529643	-0,0074371696	-0,0012682155	0,00041982532	-0,0001767613
41773	235,24609	-1	-1,016941	-0,0080600381	-0,0012721196	0,00044476986	-0,00016961247
41773	235,74609	-1	-1,00106	-0,0076174736	-0,0012663603	0,00039625168	-0,00021425635
41773	236,24609	-1	-0,98119307	-0,0075124204	-0,0012420192	0,00046306849	-0,0001726076
41773	236,74609	-1	-1,015434	-0,0074066222	-0,0013217628	0,00040510297	-0,00014513731
41773	237,24609	-1	-1,0282825	-0,0076882541	-0,0013408735	0,00043532252	-0,00019735843
41773	237,74609	-1	-0,97110498	-0,0070206821	-0,0011999756	0,0005249083	-0,00011774153
41773	238,24609	-1	-0,99784696	-0,007724762	-0,0012196675	0,00050210953	-0,00013192371
41773	238,74609	-1	-0,98587942	-0,00680089	-0,0012072325	0,00048711896	-5,7492405e-05
41773	239,24609	-1	-1,0250155	-0,0072732568	-0,0011990741	0,00049835443	-0,00019790605
41773	239,74609	-1	-1,0361896	-0,0074386597	-0,001246877	0,00052177906	-8,4467232e-05
41773	240,24609	-1	-0,97173452	-0,0069536269	-0,0011938289	0,00053340197	-9,7356737e-05
41773	240,74609	-1	-0,94385445	-0,0075653195	-0,0010400936	0,00054430962	-8,2876533e-05
41773	241,24609	-1	-0,98015183	-0,0074312091	-0,0011378825	0,00056570768	-0,00012022629
41773	241,74609	-1	-0,9547677	-0,0073224306	-0,0011207759	0,00057941675	-0,00011381134
41773	242,24609	-1	-0,99686533	-0,007621944	-0,0011483803	0,00063356757	-0,00012443215
41773	242,74609	-1	-1,0195448	-0,0067517161	-0,0011954904	0,00051510334	-3,5706908e-05
41773	243,24609	-1	-0,98148173	-0,0070303679	-0,0011295453	0,00058349967	-6,6574663e-05
41773	243,74609	-1	-0,98469853	-0,006840378	-0,0010844022	0,00057223439	-0,00013680756
41773	244,24609	-1	-0,97196549	-0,0068314373	-0,0010591522	0,00060841441	-6,2089413e-05
41773	244,74609	-1	-1,0089315	-0,0068254769	-0,001155071	0,00054940581	-0,00015451759
41773	245,24609	-1	-0,99068511	-0,0068686903	-0,0011169612	0,00059193373	-2,8926879e-05
41773	245,74609	-1	-0,98918009	-0,0075086951	-0,0011429414	0,00068441033	-7,7437609e-05
41773	246,24609	-1	-0,96849912	-0,0070206821	-0,0010403916	0,00067692995	-0,00013536587
41773	246,74609	-1	-0,99081922	-0,0066183507	-0,0010771304	0,00065812469	-5,8546662e-05
41773	247,24609	-1	-0,98282659	-0,007160753	-0,0010972023	0,0006044507	-4,5049936e-05
41773	247,74609	-1	-0,99208766	-0,007096678	-0,0010902062	0,00066557527	-1,8201768e-05
41773	248,24609	-1	-1,0099039	-0,0073432922	-0,0011600554	0,00060531497	-4,4293702e-05
41773	248,74609	-1	-1,0008514	-0,0073410571	-0,0011182055	0,00059494376	-5,2716583e-05
41773	249,24609	-1	-1,0072719	-0,0069774687	-0,0011276156	0,00067049265	-1,4252961e-05
41773	249,74609	-1	-0,9663552	-0,0073924661	-0,0010090396	0,00062042475	-3,2853335e-05
41773	250,24609	-1	-0,97311664	-0,0067785382	-0,0010565594	0,00071266294	-8,2060695e-05
41773	250,74609	-1	-1,0320898	-0,006840378	-0,0010833368	0,00056558847	-3,7964433e-05
41773	251,24609	-1	-0,96998924	-0,0066958368	-0,0010039285	0,00064915419	-6,7681074e-05
41773	251,74609	-1	-0,9803381	-0,0063762069	-0,0010455027	0,00063094497	-6,1839819e-05
41773	252,24609	-1	-0,98239255	-0,0071823597	-0,0010487288	0,0006712079	-1,6070902e-05
41773	252,74609	-1	-0,99544972	-0,0073373318	-0,0010580793	0,00064128637	-2,9273331e-05
41773	253,24609	-1	-1,0290984	-0,0070862472	-0,0010980293	0,00064846873	-4,6335161e-05
41773	253,74609	-1,1376953	-1,0735095	-0,0075958669	-0,0011840314	0,00062417984	-7,2713941e-05
41773	254,24609	-1,6376953	-1,6569812	-0,013186038	-0,0023833364	-8,9079142e-05	-0,00037159771
41773	254,74609	-2,1376953	-2,0943117	-0,017476082	-0,0033463165	-0,00050580502	-0,00060103834
41773	255,24609	-2,6376953	-2,5095382	-0,022029132	-0,0043270662	-0,00088939071	-0,00080597028
41773	255,74609	-3,1376953	-2,6668906	-0,023512542	-0,0045607537	-0,0010690391	-0,00096603483
41773	256,24609	-3,6376953	-3,7297812	-0,032937527	-0,0068902448	-0,0021318197	-0,0017325468
41773	256,74609	-4,1376953	-4,2413754	-0,036998093	-0,0079997256	-0,0027350783	-0,0021043494
41773	257,24609	-4,6376953	-4,7254114	-0,04068464	-0,0089768991	-0,0032223165	-0,0026116855
41773	257,74609	-5,1376953	-5,1805916	-0,044121593	-0,0098435134	-0,0036737919	-0,0030123927
41773	258,24609	-5,6376953	-5,6517944	-0,047847629	-0,010830365	-0,0042718053	-0,0035501383
41773	258,74609	-6,1376953	-6,1909704	-0,052015483	-0,011858717	-0,0049409866	-0,0039975084
41773	259,24609	-6,6376953	-6,680634	-0,055962801	-0,01285284	-0,00551036	-0,0045618601
41773	259,74609	-7,1376953	-7,265522	-0,059238821	-0,013883643	-0,0063494146	-0,0053284355
41773	260,24609	-7,6376953	-7,7333088	-0,062448531	-0,014780745	-0,0069333911	-0,0057020821
41773	260,74609	-8,1376953	-8,228754	-0,065851212	-0,015659317	-0,0075403154	-0,0062993132
41773	261,24609	-8,6376953	-8,7450533	-0,06935969	-0,016530201	-0,0083059967	-0,0069860704
41773	261,74609	-9,1376953	-9,2740383	-0,073155761	-0,017436408	-0,0089898407	-0,0076724105
41773	262,24609	-9,6376953	-9,7617073	-0,076271594	-0,018319808	-0,0096963048	-0,0083387829
41773	262,74609	-10,137695	-10,200375	-0,078638643	-0,018985495	-0,010375708	-0,008814957
41773	263,24609	-10,637695	-10,720544	-0,081273913	-0,019821331	-0,011106223	-0,0095675625
41773	263,74609	-11,137695	-11,2538	-0,084280968	-0,020759374	-0,011887372	-0,010240514
41773	264,24609	-11,637695	-11,716338	-0,087898225	-0,021495827	-0,012508988	-0,010929186
41773	264,74609	-12,137695	-12,170378	-0,090043992	-0,022215374	-0,013183028	-0,011612635
41773	265,24609	-12,637695	-12,660542	-0,093084574	-0,023041509	-0,013873726	-0,012242083
41773	265,74609	-13,137695	-13,1543	-0,095704198	-0,02384489	-0,01463452	-0,012974981
41773	266,24609	-13,637695	-13,670885	-0,098799914	-0,024647087	-0,015333176	-0,013807576
41773	266,74609	-14,137695	-14,171247	-0,10146946	-0,02539546	-0,016060233	-0,014388192
41773	267,24609	-14,637695	-14,686807	-0,10413751	-0,026249535	-0,016812444	-0,015101772
41773	267,74609	-15,137695	-15,169319	-0,10683388	-0,027072564	-0,017499417	-0,01572853
41773	268,24609	-15,637695	-15,687341	-0,1100257	-0,027859762	-0,018292278	-0,016581994
41773	268,74609	-16,137695	-16,205469	-0,11270121	-0,028775796	-0,018930495	-0,017272647
41773	269,24609	-16,637695	-16,603304	-0,1150392	-0,02937369	-0,019626588	-0,017978478
41773	269,74609	-17,137695	-17,129902	-0,11790246	-0,030220948	-0,02028504	-0,018570509
41773	270,24609	-17,637695	-17,650446	-0,11998191	-0,031088077	-0,021120667	-0,019292768
41773	270,74609	-18,137695	-18,188385	-0,12344122	-0,031825013	-0,021812081	-0,020203289
41773	271,24609	-18,637695	-18,669935	-0,12570322	-0,032633305	-0,022591799	-0,020898458
41773	271,74609	-19,137695	-19,163179	-0,12825951	-0,033460967	-0,023360372	-0,021497916
41773	272,24609	-19,637695	-19,688202	-0,13097599	-0,034306176	-0,023995519	-0,022296023
41773	272,74609	-20,137695	-20,190269	-0,13391152	-0,035148606	-0,024798334	-0,023126353
41773	273,24609	-20,637695	-20,686005	-0,13669953	-0,035957158	-0,025551647	-0,023842331
41773	273,74609	-21,137695	-21,152281	-0,13859496	-0,036650993	-0,02623713	-0,024490971
41773	274,24609	-21,637695	-21,618355	-0,14202595	-0,037485979	-0,026934564	-0,02522498
41773	274,74609	-22,137695	-22,205347	-0,14436394	-0,038394868	-0,027776688	-0,026062343
41773	275,24609	-22,637695	-22,611641	-0,14613271	-0,039019167	-0,028405696	-0,026655402
41773	275,74609	-23,137695	-23,146109	-0,14920235	-0,039913736	-0,029075861	-0,027441461
41773	276,24609	-23,637695	-23,640053	-0,1515761	-0,040686943	-0,029825866	-0,028114628
41773	276,74609	-24,137695	-24,158329	-0,15429258	-0,041524805	-0,030671269	-0,02899066
41773	277,24609	-24,637695	-24,625574	-0,15661642	-0,042175777	-0,031343013	-0,029612582
41773	277,74609	-25,137695	-25,197439	-0,15917048	-0,043103345	-0,032105058	-0,030425306
41773	278,24609	-25,637695	-25,64452	-0,16118884	-0,043838512	-0,03286159	-0,031115364
41773	278,74609	-26,137695	-26,097254	-0,16381815	-0,044596836	-0,033445746	-0,031811368
41773	279,24609	-26,637695	-26,600122	-0,16668215	-0,04534122	-0,034232497	-0,032541994
41773	279,74609	-27,137695	-27,148756	-0,16869307	-0,04620786	-0,035002917	-0,033454675
41773	280,24609	-27,637695	-27,634943	-0,17155483	-0,047108296	-0,035749584	-0,034150269
41773	280,74609	-28,137695	-28,124004	-0,17383769	-0,047740582	-0,036471397	-0,034830753
41773	281,24609	-28,637695	-28,603542	-0,17659888	-0,048552126	-0,037202269	-0,035538871
41773	281,74609	-29,137695	-29,188358	-0,1795359	-0,049464598	-0,038004398	-0,036434133
41773	282,24609	-29,637695	-29,625662	-0,18146113	-0,050160285	-0,038639873	-0,037170414
41773	282,74609	-30,137695	-30,132101	-0,18367022	-0,051017191	-0,039466083	-0,037815336
41773	283,24609	-30,637695	-30,650063	-0,18600225	-0,051824041	-0,040249944	-0,038644593
41773	283,74609	-31,137695	-31,198242	-0,1888752	-0,052615169	-0,040977269	-0,039403129
41773	284,24609	-31,637695	-31,635384	-0,19064695	-0,053333309	-0,041656911	-0,040037502
41773	284,74609	-32,137695	-32,16618	-0,19398332	-0,054164603	-0,04234457	-0,040827256
41773	285,24609	-32,637695	-32,658844	-0,19619018	-0,054882944	-0,043213218	-0,041605849
41773	285,74609	-33,137695	-33,184856	-0,19852594	-0,055726085	-0,043912828	-0,042297069
41773	286,24609	-33,637695	-33,62561	-0,20051375	-0,056488883	-0,044635952	-0,043079581
41773	286,74609	-34,137695	-34,109047	-0,20311102	-0,057219684	-0,045271784	-0,043794308
41773	287,24609	-34,637695	-34,632202	-0,20586699	-0,05800261	-0,046036839	-0,044500958
41773	287,74609	-35,137695	-35,173805	-0,20749047	-0,058793172	-0,046885252	-0,045323741
41773	288,24609	-35,637695	-35,66988	-0,21037161	-0,059608992	-0,047637492	-0,046103146
41773	288,74609	-36,137695	-36,130924	-0,21234825	-0,060370982	-0,048274934	-0,04668634
41773	289,24609	-36,637695	-36,667553	-0,21529719	-0,061233617	-0,049110323	-0,047606979
41773	289,74609	-37,137695	-37,105816	-0,21770149	-0,061844081	-0,049777597	-0,048285801
41773	290,24609	-37,637695	-37,652954	-0,21948293	-0,062701859	-0,050585538	-0,04901259
41773	290,74609	-38,137695	-38,091782	-0,22186041	-0,063463047	-0,051187724	-0,049589131
41773	291,24609	-38,637695	-38,651543	-0,22447705	-0,064306095	-0,052017063	-0,05048978
41773	291,74609	-39,137695	-39,158604	-0,22672489	-0,065052703	-0,052750826	-0,051326763
41773	292,24609	-39,637695	-39,616043	-0,22937804	-0,06571801	-0,053444833	-0,051925402
41773	292,74609	-40,137695	-40,103657	-0,23117885	-0,066480547	-0,054233789	-0,052621786
41773	293,24609	-40,637695	-40,622757	-0,23409128	-0,06728214	-0,054994285	-0,053552154
41773	293,74609	-41,137695	-41,08123	-0,23609549	-0,068022802	-0,05561009	-0,054217156
41773	294,24609	-41,637695	-41,635445	-0,23836941	-0,068924949	-0,056518167	-0,054990042
41773	294,74609	-42,137695	-42,148891	-0,24093539	-0,06971968	-0,057177961	-0,055781338
41773	295,24609	-42,637695	-42,682388	-0,2432704	-0,070483476	-0,058015436	-0,056589942
41773	295,74609	-43,137695	-43,089176	-0,24495199	-0,071162432	-0,058580726	-0,057318468
41773	296,24609	-43,637695	-43,585903	-0,2472654	-0,071931653	-0,059376001	-0,057978299
41773	296,74609	-44,137695	-44,112423	-0,25021285	-0,07266546	-0,06013453	-0,058781896
41773	297,24609	-44,637695	-44,593613	-0,25249496	-0,073467493	-0,060827464	-0,059555348
41773	297,74609	-45,137695	-45,1147	-0,25445074	-0,074292272	-0,061632484	-0,060371686
41773	298,24609	-45,637695	-45,69416	-0,25767833	-0,075207129	-0,062467396	-0,061084803
41773	298,74609	-46,137695	-46,170006	-0,25938079	-0,075922534	-0,063254535	-0,0619254
41773	299,24609	-46,637695	-46,669262	-0,26242286	-0,076695792	-0,063932121	-0,062641785
41773	299,74609	-47,137695	-47,126137	-0,26343465	-0,077414624	-0,064636827	-0,063257039
41773	300,24609	-47,637695	-47,625202	-0,26638582	-0,078215167	-0,065452367	-0,064124838
41773	300,74609	-48,137695	-48,107273	-0,26788786	-0,078975581	-0,066109776	-0,064767778
41773	301,24609	-48,637695	-48,639263	-0,27075708	-0,079819314	-0,066879898	-0,0655462
41773	301,74609	-49,137695	-49,196697	-0,27289242	-0,080689885	-0,067666382	-0,066403955
41773	302,24609	-49,637695	-49,653233	-0,27518123	-0,081432432	-0,06833747	-0,067098409
41773	302,74609	-49,700001	-49,781071	-0,27611479	-0,081594698	-0,068565011	-0,067284033
41773	303,24609	-49,700001	-49,720493	-0,2768442	-0,081536263	-0,068525493	-0,067297459
41773	303,74609	-49,700001	-49,707504	-0,27577281	-0,081557348	-0,068560362	-0,067323476
41773	304,24609	-49,700001	-49,6605	-0,27629659	-0,081609294	-0,068499655	-0,06726326
41773	304,74609	-49,700001	-49,706459	-0,27587935	-0,081667259	-0,068567246	-0,067263305
41773	305,24609	-49,700001	-49,689552	-0,27630478	-0,081660569	-0,068584353	-0,067290604
41773	305,74609	-49,700001	-49,724541	-0,27625039	-0,081729047	-0,068608671	-0,067318484
41773	306,24609	-49,700001	-49,699871	-0,27617142	-0,081685573	-0,068596631	-0,067308992
41773	306,74609	-49,700001	-49,68235	-0,2764225	-0,081759676	-0,068659484	-0,067483589
41773	307,24609	-49,700001	-49,679199	-0,2766341	-0,081647277	-0,06867829	-0,067462549
41773	307,74609	-49,700001	-49,697289	-0,27651787	-0,081720866	-0,068728179	-0,067465305
41773	308,24609	-49,700001	-49,706863	-0,27713701	-0,081807889	-0,068778515	-0,067449838
41773	308,74609	-49,700001	-49,682426	-0,27700886	-0,081688128	-0,068701208	-0,067449883
41773	309,24609	-49,700001	-49,765617	-0,2772212	-0,081882536	-0,068802685	-0,067531899
41773	309,74609	-49,700001	-49,722347	-0,27737319	-0,08179535	-0,068763554	-0,067449749
41773	310,24609	-49,700001	-49,716728	-0,27715415	-0,081818908	-0,068759918	-0,067637339
41773	310,74609	-49,700001	-49,676159	-0,27717724	-0,081791207	-0,068809956	-0,0674638
41773	311,24609	-49,700001	-49,672722	-0,27720183	-0,081824251	-0,068750232	-0,067508504
41773	311,74609	-49,700001	-49,686653	-0,27744472	-0,081825994	-0,068818718	-0,067631707
41773	312,24609	-49,700001	-49,672184	-0,27723014	-0,081798032	-0,068775803	-0,067529574
41773	312,74609	-49,700001	-49,730415	-0,27732328	-0,081916019	-0,068908215	-0,067714036
41773	313,24609	-49,700001	-49,722004	-0,27703494	-0,081968457	-0,068882108	-0,067640364
41773	313,74609	-49,700001	-49,737247	-0,27736425	-0,081983276	-0,06894213	-0,067645416
41773	314,24609	-49,700001	-49,738384	-0,27712509	-0,082024001	-0,068928599	-0,067506477
41773	314,74609	-49,700001	-49,715199	-0,27701631	-0,081971221	-0,068909973	-0,067592382
41773	315,24609	-49,700001	-49,683456	-0,27725399	-0,08193291	-0,068832815	-0,067511976
41773	315,74609	-49,700001	-49,70644	-0,2775535	-0,08197169	-0,068934888	-0,067592189
41773	316,24609	-49,700001	-49,642082	-0,2767697	-0,081878923	-0,068898141	-0,067579448
41773	316,74609	-49,700001	-49,702972	-0,27726516	-0,081959426	-0,068913817	-0,067653179
41773	317,24609	-49,700001	-49,690228	-0,27721226	-0,081974052	-0,068842798	-0,067626372
41773	317,74609	-49,700001	-49,663372	-0,27746409	-0,082030937	-0,068794042	-0,067567587
41773	318,24609	-49,700001	-49,716125	-0,27742237	-0,082066759	-0,068960369	-0,067724869
41773	318,74609	-49,700001	-49,71312	-0,27727559	-0,082020506	-0,068946362	-0,067698911
41773	319,24609	-49,700001	-49,676376	-0,27750582	-0,082039125	-0,06892693	-0,067708641
41773	319,74609	-49,700001	-49,672272	-0,27738437	-0,082011178	-0,068935424	-0,067744076
41773	320,24609	-49,700001	-49,675537	-0,2772972	-0,082059205	-0,068879068	-0,067607358
41773	320,74609	-49,700001	-49,678295	-0,2778016	-0,082127154	-0,068958342	-0,06773974
41773	321,24609	-49,700001	-49,671856	-0,27808473	-0,082034566	-0,068929076	-0,067811236
41773	321,74609	-49,700001	-49,676514	-0,27734637	-0,082123034	-0,068876088	-0,067581996
41773	322,24609	-49,700001	-49,607098	-0,27788654	-0,081991993	-0,068901658	-0,067537144
41773	322,74609	-49,700001	-49,614235	-0,27767792	-0,082032263	-0,068874002	-0,067616805
41773	323,24609	-49,700001	-49,718933	-0,27809516	-0,082147516	-0,068995655	-0,067673519
41773	323,74609	-49,700001	-49,707031	-0,27782321	-0,082180195	-0,06899637	-0,06777221
41773	324,24609	-49,700001	-49,619713	-0,27756467	-0,08206033	-0,068846703	-0,067655832
41773	324,74609	-49,700001	-49,686317	-0,27814806	-0,082128331	-0,068944365	-0,06769982
41773	325,24609	-49,700001	-49,672745	-0,2775684	-0,082149878	-0,069058985	-0,067711279
41773	325,74609	-49,700001	-49,673546	-0,27821064	-0,082108602	-0,068977177	-0,06767939
41773	326,24609	-49,700001	-49,722816	-0,27791485	-0,082186297	-0,069060892	-0,067851737
41773	326,74609	-49,700001	-49,75663	-0,27807355	-0,082290262	-0,069086045	-0,067862973
41773	327,24609	-49,700001	-49,666428	-0,27781129	-0,082133308	-0,069080025	-0,067747027
41773	327,74609	-49,700001	-49,683731	-0,27834028	-0,082213417	-0,068994164	-0,067870498
41773	328,24609	-49,700001	-49,682594	-0,27764067	-0,082201183	-0,069057822	-0,067732975
41773	328,74609	-49,700001	-49,650997	-0,27796254	-0,082184352	-0,068996906	-0,06777291
41773	329,24609	-49,700001	-49,691765	-0,278534	-0,082223944	-0,069091439	-0,067877159
41773	329,74609	-49,700001	-49,726421	-0,27740449	-0,082315229	-0,069092274	-0,067741171
41773	330,24609	-49,700001	-49,704281	-0,27797148	-0,082280517	-0,068999618	-0,067789361
41773	330,74609	-49,700001	-49,71439	-0,27778372	-0,082272887	-0,06911689	-0,067799285
41773	331,24609	-49,700001	-49,671875	-0,27767867	-0,082199484	-0,069054395	-0,067825913
41773	331,74609	-49,700001	-49,663689	-0,2783291	-0,082249835	-0,069071561	-0,06780377
41773	332,24609	-49,700001	-49,744377	-0,27809441	-0,0823704	-0,069133401	-0,067945838
41773	332,74609	-47,54668	-47,643147	-0,26976615	-0,079275981	-0,066186279	-0,064911336
41773	333,24609	-45,04668	-45,095367	-0,25966018	-0,075573154	-0,062614679	-0,061303314
41773	333,74609	-42,54668	-42,50148	-0,24830401	-0,071813777	-0,059022099	-0,05760349
41773	334,24609	-40,04668	-40,022751	-0,23791417	-0,068195239	-0,055480301	-0,05402429
41773	334,74609	-37,54668	-37,455395	-0,22610426	-0,064347163	-0,051826417	-0,050275687
41773	335,24609	-35,04668	-34,933338	-0,21507815	-0,060631193	-0,048163116	-0,046633754
41773	335,74609	-32,54668	-32,449677	-0,20389631	-0,056882139	-0,044619948	-0,043170478
41773	336,24609	-30,04668	-29,986679	-0,19224286	-0,053145658	-0,040997177	-0,039432455
41773	336,74609	-27,54668	-27,501637	-0,1804173	-0,049247123	-0,03739363	-0,035789754
41773	337,24609	-25,04668	-25,013203	-0,16822219	-0,045491867	-0,033798903	-0,032206748
41773	337,74609	-22,54668	-22,438269	-0,15601218	-0,041434087	-0,030079037	-0,02835625
41773	338,24609	-20,04668	-19,987015	-0,14311895	-0,03756956	-0,026551932	-0,024769608
41773	338,74609	-17,54668	-17,437654	-0,12936965	-0,033414647	-0,022724837	-0,021116573
41773	339,24609	-15,04668	-14,937666	-0,11639968	-0,02930785	-0,018974572	-0,017308604
41773	339,74609	-12,54668	-12,443741	-0,10182485	-0,025293082	-0,015357584	-0,013705481
41773	340,24609	-10,04668	-9,9691057	-0,087107718	-0,021050468	-0,011650652	-0,010207806
41773	340,74609	-7,5466805	-7,5152173	-0,070665032	-0,0168183	-0,0080491304	-0,0067653693
41773	341,24609	-5,0466805	-5,076263	-0,053089112	-0,012000926	-0,0048277378	-0,0039835535
41773	341,74609	-2,5466805	-3,4933145	-0,039474666	-0,0084728599	-0,0028762519	-0,0024270229
41773	342,24609	-1	-0,80304033	-0,0098481774	-0,0021701157	0,00019073486	-0,0005499348
41773	342,74609	-1	-0,68558568	-0,0068157911	-0,0017762035	0,00042766333	-0,00046044216
41773	343,24609	-1	-0,65840596	-0,0063240528	-0,0016248077	0,00054907799	-0,00028146803
41773	343,74609	-1	-0,70729291	-0,0069893897	-0,0015696287	0,00061148405	-0,00028932095
41773	344,24609	-1	-0,79106164	-0,0071227551	-0,0017924085	0,00053247809	-0,00026104972
41773	344,74609	-1	-0,85484982	-0,0078223646	-0,0018301532	0,00047644973	-0,00034237653
41773	345,24609	-1	-0,85622633	-0,0082321465	-0,001903899	0,00049012899	-0,00025018305
41773	345,74609	-1	-0,92172253	-0,0082321465	-0,0018960312	0,00048884749	-0,00031170994
41773	346,24609	-1	-0,94327891	-0,0083811581	-0,0019801706	0,0004645288	-0,00029751658
41773	346,74609	-1	-0,91923958	-0,008084625	-0,0019514486	0,0004671514	-0,00019336492
41773	347,24609	-1	-0,93587488	-0,0090882182	-0,0018654987	0,00046026707	-0,00023178756
41773	347,74609	-1	-0,9674933	-0,0091448426	-0,0019409657	0,0004684329	-0,00028896332
41773	348,24609	-1	-0,94755554	-0,0085182488	-0,0018394515	0,00052309036	-0,00015785173
41773	348,74609	-1	-0,97551382	-0,0088647008	-0,001897499	0,00054958463	-0,00013337657
41773	349,24609	-1	-1,0096468	-0,0092126429	-0,0019105822	0,00054350495	-0,00019399077
41773	349,74609	-1	-0,99880064	-0,0088639557	-0,0019645616	0,00055098534	-0,00015826523
41773	350,24609	-1	-1,0152254	-0,0090964139	-0,0019401312	0,00053465366	-0,00013231486
41773	350,74609	-1	-1,0230597	-0,0092126429	-0,0019408539	0,000546664	-0,00022210553
41773	351,24609	-1	-1,0211971	-0,0089742243	-0,0019038245	0,00051012635	-0,00014644116
41773	351,74609	-1	-0,96425974	-0,008687377	-0,0016999841	0,00055855513	-8,6404383e-05
41773	352,24609	-1	-0,96511841	-0,0083960593	-0,0017251372	0,00064656138	-0,00012019277
41773	352,74609	-1	-0,99179709	-0,008379668	-0,0017389581	0,00057825446	-7,8804791e-05
41773	353,24609	-1	-1,0059048	-0,0086866319	-0,0017391518	0,0005479753	-8,2664192e-05
41773	353,74609	-1	-0,9547621	-0,0082358718	-0,0016847104	0,00065720081	4,9673021e-05
41773	354,24609	-1	-1,0104328	-0,0087298453	-0,0017634407	0,00057068467	-6,3747168e-05
41773	354,74609	0	0,013226643	3,4376905	-3,9510429e-05	0,0025362372	0,00065319985

Datenerfassung						Zeit:	354,90332	s	14.05.2014 11:55:54
Ch 1 Kraft	Ch 1 Weg	1944 A	1944 B	1281068
kN	mm	mm	mm	mm
0,050133094	4,8364387	0,03730201	0,4855614	0,00081449002
-50,794434	-0,27931929	-0,082478508	-0,071526885	-0,078225896
