Datum : 	15.05.2014
Durchmesser :	69,4
Datum	Laufzeit	Ch 1 Kraft Sollwert	Ch 1 Kraft	Ch 1 Weg	1944 A	1944 B	1281068
d	s	kN	kN	mm	mm	mm	mm
41774	23,412109	-1	-0,97513568	0,6831851	-0,032639399	0,061812159	-0,00019759499
41774	23,912109	-1	-0,92328715	0,68361312	-0,032634456	0,061816927	-0,00017718086
41774	24,412109	-1	-0,93390232	0,68384296	-0,032654755	0,061799571	-0,00018265843
41774	24,912109	-1	-0,98085034	0,6834451	-0,032686107	0,061829992	-0,00017017592
41774	25,412109	-1	-0,94990432	0,68358034	-0,032712072	0,061845966	-0,00020458456
41774	25,912109	-1	-0,94608963	0,68347865	-0,032677352	0,06178876	-0,0002143532
41774	26,412109	-1	-0,91546589	0,68359041	-0,032565527	0,061904937	-0,00014579296
41774	26,912109	-1	-0,91574717	0,68396962	-0,032583885	0,061962456	-0,00010332279
41774	27,412109	-1	-0,94095993	0,68399906	-0,032630943	0,061916415	-0,00015274948
41774	27,912109	-1	-0,9803586	0,68343282	-0,0326588	0,0618008	-0,00016826438
41774	28,412109	-1	-0,88474339	0,68470836	-0,032595571	0,06201702	-7,5087883e-05
41774	28,912109	-1	-0,91483259	0,68399721	-0,032589905	0,061907198	-0,00011723675
41774	29,412109	-1	-0,8931365	0,68405271	-0,03260801	0,061981544	-0,0001215348
41774	29,912109	-1	-0,9823311	0,68322086	-0,032669652	0,061827976	-0,0001015584
41774	30,412109	-1	-0,96904862	0,6834898	-0,032645714	0,061883595	-0,00015647523
41774	30,912109	-1	-0,91350079	0,68335646	-0,032611214	0,061920285	-0,00014370866
41774	31,412109	-1	-0,94139016	0,6833207	-0,032625053	0,061910175	-6,4623542e-05
41774	31,912109	-1	-0,95715189	0,68323499	-0,032616183	0,061811928	-7,6903496e-05
41774	32,412109	-1	-0,94236249	0,68383253	-0,032644093	0,061961219	-0,00011307979
41774	32,912109	-1	-0,94836766	0,68371856	-0,032662075	0,061963063	-0,00017946167
41774	33,412109	-1,8720703	-1,7138216	-0,0073637813	-0,00037126709	-0,0018030871	-0,00062712841
41774	33,912109	-2,8220704	-2,642844	-0,016285479	-0,0011448888	-0,0040598204	-0,0015341043
41774	34,412109	-3,7720702	-3,0570366	-0,019994751	-0,0014925217	-0,0050572213	-0,0020918357
41774	34,912109	-4,7220702	-4,7252626	-0,032298267	-0,0032006279	-0,0086994674	-0,0037362613
41774	35,412109	-5,67207	-5,6180005	-0,039032102	-0,0044383202	-0,010707352	-0,0044700829
41774	35,912109	-6,6220703	-6,4415669	-0,046373159	-0,0056173895	-0,012691683	-0,0053513693
41774	36,412109	-7,5720701	-7,4528065	-0,053400919	-0,0071403151	-0,014928438	-0,0065806033
41774	36,912109	-8,5220699	-8,508316	-0,060252845	-0,0087540857	-0,017352261	-0,0077561941
41774	37,412109	-9,4720697	-9,4865637	-0,067081675	-0,010452769	-0,019576477	-0,0088346694
41774	37,912109	-10,422071	-10,441566	-0,073225796	-0,011967056	-0,021651866	-0,0099047516
41774	38,412109	-11,37207	-11,341894	-0,078836828	-0,013454942	-0,023679283	-0,01107451
41774	38,912109	-12,32207	-12,358954	-0,085086003	-0,01523865	-0,025999913	-0,012454699
41774	39,412109	-13,27207	-13,254416	-0,090248883	-0,016712461	-0,027948976	-0,013767165
41774	39,912109	-14,22207	-14,203898	-0,095813721	-0,018398592	-0,030117957	-0,015100325
41774	40,412109	-15,172071	-15,170362	-0,10160282	-0,020119382	-0,032267105	-0,016477529
41774	40,912109	-16,12207	-16,077486	-0,10650158	-0,021877596	-0,034369893	-0,017932855
41774	41,412109	-17,072069	-16,97052	-0,11199079	-0,023520805	-0,036502033	-0,019341614
41774	41,912109	-18,02207	-17,980013	-0,11751205	-0,025369111	-0,038726512	-0,020984765
41774	42,412109	-18,972071	-18,842518	-0,12256317	-0,0271644	-0,040782426	-0,02252863
41774	42,912109	-19,92207	-19,764164	-0,12790561	-0,028974939	-0,043126918	-0,024089798
41774	43,412109	-20,87207	-20,799614	-0,13345331	-0,031168766	-0,045554563	-0,025909569
41774	43,912109	-21,822069	-21,770267	-0,13904907	-0,033151425	-0,047929659	-0,027702887
41774	44,412109	-22,77207	-22,751236	-0,14428943	-0,035207201	-0,050359964	-0,029552229
41774	44,912109	-23,722071	-23,684185	-0,14946871	-0,037414238	-0,052783012	-0,031407949
41774	45,412109	-24,67207	-24,562525	-0,15495047	-0,039464902	-0,055217259	-0,033271406
41774	45,912109	-25,62207	-25,561392	-0,16071498	-0,041807748	-0,057775915	-0,035368297
41774	46,412109	-26,572069	-26,54166	-0,16617142	-0,044190098	-0,06044805	-0,037557345
41774	46,912109	-27,52207	-27,423216	-0,17198771	-0,046508532	-0,063175105	-0,039690722
41774	47,412109	-28,472071	-28,368191	-0,17722994	-0,048981056	-0,065938659	-0,041904423
41774	47,912109	-29,42207	-29,303385	-0,18354692	-0,051640902	-0,068825677	-0,044267457
41774	48,412109	-30,37207	-30,321095	-0,18950514	-0,054463465	-0,071820177	-0,046912231
41774	48,912109	-31,322069	-31,237539	-0,19596815	-0,05723007	-0,07496725	-0,049393907
41774	49,412109	-32,272068	-32,10804	-0,20157173	-0,059990842	-0,078060687	-0,052001391
41774	49,912109	-33,222069	-33,137383	-0,20879768	-0,063276134	-0,081569657	-0,055022821
41774	50,412109	-34,17207	-34,085129	-0,21535866	-0,066625334	-0,085157059	-0,058233913
41774	50,912109	-35,12207	-35,127224	-0,22318698	-0,070217304	-0,089152582	-0,061485615
41774	51,412109	-36,072071	-35,991634	-0,23006387	-0,073821887	-0,093127936	-0,065031327
41774	51,912109	-37,022068	-36,82534	-0,23738295	-0,077460684	-0,097141996	-0,06837061
41774	52,412109	-37,972069	-37,84539	-0,24554841	-0,081782587	-0,10181662	-0,072468661
41774	52,912109	-38,92207	-38,803467	-0,25434047	-0,08631894	-0,10667554	-0,076545343
41774	53,412109	-39,87207	-39,720673	-0,26318914	-0,090976238	-0,11188734	-0,081055507
41774	53,912109	-40,822071	-40,615318	-0,27256981	-0,096129335	-0,11746046	-0,08602342
41774	54,412109	-41,772068	-41,635796	-0,28319657	-0,10179519	-0,12358836	-0,091340668
41774	54,912109	-42,722069	-42,598892	-0,2942037	-0,10807605	-0,13017315	-0,097204909
41774	55,412109	-43,67207	-43,601429	-0,30587429	-0,11474895	-0,13750507	-0,10363945
41774	55,912109	-44,62207	-44,446594	-0,31745321	-0,12146886	-0,14466102	-0,11007023
41774	56,412109	-45,572071	-45,426601	-0,33053571	-0,12916879	-0,15301263	-0,11763377
41774	56,912109	-46,522068	-46,267292	-0,34535414	-0,13744597	-0,16211233	-0,12571405
41774	57,412109	-47,472069	-47,279526	-0,36211276	-0,14707267	-0,17274487	-0,13542877
41774	57,912109	-47,324024	-47,212193	-0,3741987	-0,15476224	-0,18135509	-0,14309198
41774	58,412109	-46,824024	-46,869717	-0,37944281	-0,15826492	-0,18538702	-0,14668961
41774	58,912109	-46,324024	-46,295807	-0,38158184	-0,15959485	-0,18719298	-0,14817367
41774	59,412109	-45,824024	-45,835873	-0,3818132	-0,16026005	-0,18800467	-0,1487591
41774	59,912109	-45,324024	-45,274288	-0,38155878	-0,16028567	-0,18826574	-0,1487848
41774	60,412109	-44,824024	-44,608551	-0,38034171	-0,15991376	-0,18798177	-0,1484943
41774	60,912109	-44,324024	-44,259991	-0,37951285	-0,15984711	-0,1878545	-0,14837916
41774	61,412109	-43,824024	-43,704475	-0,37826931	-0,15927657	-0,1873751	-0,14783375
41774	61,912109	-43,324024	-43,101929	-0,37684217	-0,15859909	-0,18671595	-0,14716548
41774	62,412109	-42,824024	-42,750538	-0,3752239	-0,15822305	-0,18639754	-0,14680888
41774	62,912109	-42,324024	-42,179825	-0,37396401	-0,1575067	-0,18576381	-0,14625411
41774	63,412109	-41,824024	-41,701973	-0,37259644	-0,15689261	-0,18522908	-0,14556478
41774	63,912109	-41,324024	-41,157791	-0,37067944	-0,15620023	-0,18458615	-0,14491497
41774	64,412109	-40,824024	-40,653759	-0,36910921	-0,15552519	-0,18386255	-0,14436468
41774	64,912109	-40,324024	-40,277821	-0,36793834	-0,15511866	-0,18337759	-0,14385509
41774	65,412109	-39,824024	-39,690777	-0,3659088	-0,15428124	-0,1825967	-0,14299613
41774	65,912109	-39,324024	-39,197491	-0,36406332	-0,15360132	-0,18186501	-0,14239591
41774	66,412109	-38,824024	-38,642197	-0,36268497	-0,15281701	-0,18124984	-0,14162718
41774	66,912109	-38,324024	-38,159512	-0,3607679	-0,15216976	-0,18054366	-0,14101537
41774	67,412109	-37,824024	-37,563847	-0,35913998	-0,15127307	-0,17974138	-0,14019419
41774	67,912109	-37,324024	-37,221218	-0,35732388	-0,15076952	-0,17916971	-0,13963234
41774	68,412109	-36,824024	-36,757893	-0,35624057	-0,15008026	-0,17854816	-0,1389599
41774	68,912109	-36,324024	-36,210789	-0,35422111	-0,14928861	-0,17781509	-0,13828906
41774	69,412109	-35,824024	-35,64645	-0,35193896	-0,14839856	-0,17692919	-0,1375217
41774	69,912109	-35,324024	-35,248177	-0,35031885	-0,14779097	-0,17641291	-0,13687369
41774	70,412109	-34,824024	-34,738693	-0,34900641	-0,14704561	-0,17556019	-0,13610454
41774	70,912109	-34,324024	-34,224312	-0,34681931	-0,14625831	-0,17481971	-0,135287
41774	71,412109	-33,824024	-33,696907	-0,34506208	-0,14545751	-0,17400461	-0,13453259
41774	71,912109	-33,324024	-33,217293	-0,34355894	-0,1446505	-0,17321438	-0,13377762
41774	72,412109	-32,824024	-32,717945	-0,34128502	-0,14394929	-0,17253438	-0,13304488
41774	72,912109	-32,324024	-32,164532	-0,33918768	-0,14304526	-0,17173564	-0,13226573
41774	73,412109	-31,824024	-31,578354	-0,33711606	-0,14214177	-0,17073765	-0,13134016
41774	73,912109	-31,324024	-31,251621	-0,33588037	-0,14160977	-0,17017898	-0,13084346
41774	74,412109	-30,824024	-30,633131	-0,33365488	-0,14057502	-0,16920978	-0,12987016
41774	74,912109	-30,324024	-30,064064	-0,33107027	-0,1397144	-0,16830139	-0,12897144
41774	75,412109	-29,824024	-29,714279	-0,32935441	-0,13900819	-0,16772147	-0,1284117
41774	75,912109	-29,324024	-29,191147	-0,32731181	-0,13814735	-0,16687021	-0,12758255
41774	76,412109	-28,824024	-28,57382	-0,32561606	-0,13720146	-0,16591991	-0,12658016
41774	76,912109	-28,324024	-28,177454	-0,32354221	-0,13647082	-0,16515379	-0,12579264
41774	77,412109	-27,824024	-27,588428	-0,32146686	-0,13551085	-0,16419211	-0,12500548
41774	77,912109	-27,324024	-27,100824	-0,31913555	-0,13459864	-0,16325377	-0,12421459
41774	78,412109	-26,824024	-26,719828	-0,31719133	-0,13396287	-0,16259216	-0,12342933
41774	78,912109	-26,324024	-26,12348	-0,31481758	-0,13297978	-0,1616064	-0,12248205
41774	79,412109	-25,824024	-25,806715	-0,31346381	-0,13227797	-0,1610114	-0,12197013
41774	79,912109	-25,324024	-25,146801	-0,31078047	-0,13119125	-0,15974806	-0,12089072
41774	80,412109	-24,824024	-24,722006	-0,30870849	-0,1304487	-0,15897942	-0,1200643
41774	80,912109	-24,324024	-24,303915	-0,30678177	-0,12962335	-0,1581753	-0,11928346
41774	81,412109	-23,824024	-23,648952	-0,30409878	-0,12841119	-0,15702946	-0,11824248
41774	81,912109	-23,324024	-23,113899	-0,30110145	-0,12747627	-0,15597278	-0,11724596
41774	82,412109	-22,824024	-22,668009	-0,29922462	-0,12659383	-0,15501632	-0,11644565
41774	82,912109	-22,324024	-22,194681	-0,29679126	-0,12570156	-0,15406843	-0,11552983
41774	83,412109	-21,824024	-21,764435	-0,29486454	-0,12492835	-0,15321261	-0,11464111
41774	83,912109	-21,324024	-21,135286	-0,2922684	-0,12369592	-0,15198933	-0,11358311
41774	84,412109	-20,824024	-20,653765	-0,28970614	-0,12274403	-0,15101919	-0,11270222
41774	84,912109	-20,324024	-20,231537	-0,28700754	-0,12190594	-0,14997979	-0,11173195
41774	85,412109	-19,824024	-19,625935	-0,28441364	-0,12072298	-0,14879259	-0,11058977
41774	85,912109	-19,324024	-19,228771	-0,28236175	-0,11982205	-0,14793223	-0,10990447
41774	86,412109	-18,824024	-18,629124	-0,27943289	-0,11859313	-0,14658825	-0,10865198
41774	86,912109	-18,324024	-18,191601	-0,27672535	-0,11767597	-0,14552645	-0,10765854
41774	87,412109	-17,824024	-17,754545	-0,27439409	-0,1167725	-0,14449443	-0,10675735
41774	87,912109	-17,324024	-17,201492	-0,27111992	-0,11562799	-0,14323653	-0,10561147
41774	88,412109	-16,824024	-16,642475	-0,26866719	-0,11445715	-0,14189313	-0,10458589
41774	88,912109	-16,324024	-16,135433	-0,2656076	-0,1133394	-0,14071199	-0,10347714
41774	89,412109	-15,824024	-15,74264	-0,26287103	-0,11233322	-0,13970743	-0,1024928
41774	89,912109	-15,324024	-15,188543	-0,25968403	-0,11112869	-0,13831587	-0,10130914
41774	90,412109	-14,824024	-14,760397	-0,257222	-0,11011627	-0,1370277	-0,100214
41774	90,912109	-14,324024	-14,123969	-0,25343931	-0,10874107	-0,13544832	-0,099000014
41774	91,412109	-13,824024	-13,688614	-0,25095195	-0,10762087	-0,13429502	-0,097910911
41774	91,912109	-13,324024	-13,137283	-0,24801008	-0,10630634	-0,1327585	-0,096658945
41774	92,412109	-12,824024	-12,645552	-0,24409331	-0,10501345	-0,13137485	-0,095403545
41774	92,912109	-12,324024	-12,260284	-0,24140961	-0,10392978	-0,13000765	-0,094330907
41774	93,412109	-11,824024	-11,70869	-0,2374351	-0,10255486	-0,12840904	-0,09297099
41774	93,912109	-11,324024	-11,113518	-0,23355596	-0,10094685	-0,12666544	-0,091462106
41774	94,412109	-10,824024	-10,683612	-0,23067035	-0,099706918	-0,12522306	-0,090286225
41774	94,912109	-10,324024	-10,260907	-0,22756532	-0,098423116	-0,12378839	-0,089036256
41774	95,412109	-9,8240242	-9,7543039	-0,22340938	-0,096952029	-0,12207935	-0,087605789
41774	95,912109	-9,3240242	-9,1953039	-0,21877699	-0,095298193	-0,12016763	-0,085958995
41774	96,412109	-8,8240242	-8,7300177	-0,21511018	-0,093810141	-0,11856911	-0,08452227
41774	96,912109	-8,3240242	-8,17836	-0,21059774	-0,092050292	-0,11653121	-0,082827657
41774	97,412109	-7,8240242	-7,6547694	-0,20658933	-0,090299919	-0,11464991	-0,081206337
41774	97,912109	-7,3240242	-7,2472	-0,20249449	-0,088819772	-0,11288996	-0,079783879
41774	98,412109	-6,8240242	-6,731935	-0,19756891	-0,08700835	-0,11079338	-0,07802964
41774	98,912109	-6,3240242	-6,2776952	-0,19279048	-0,085150577	-0,10871446	-0,076337084
41774	99,412109	-5,8240242	-5,7735386	-0,18788874	-0,083288789	-0,10650926	-0,074735768
41774	99,912109	-5,3240242	-5,4708366	-0,18411241	-0,081735343	-0,10480092	-0,073307894
41774	100,41211	-4,8240242	-4,9122944	-0,17846078	-0,079685643	-0,10249274	-0,071481667
41774	100,91211	-4,3240242	-4,1909685	-0,16964823	-0,076250367	-0,098446071	-0,068467692
41774	101,41211	-3,8240242	-3,7086568	-0,16292408	-0,07378941	-0,095540203	-0,066254295
41774	101,91211	-3,3240242	-3,2684617	-0,15674867	-0,071335867	-0,09265995	-0,0641651
41774	102,41211	-2,8240242	-2,7296841	-0,14878623	-0,068521537	-0,089193977	-0,061609518
41774	102,91211	-2,3240242	-2,2807326	-0,14154576	-0,065873004	-0,085826993	-0,059087675
41774	103,41211	-1,8240242	-1,8016957	-0,13293922	-0,063185848	-0,081927978	-0,056319848
41774	103,91211	-1,3240242	-1,3117399	-0,12293011	-0,060190823	-0,077357352	-0,053094555
41774	104,41211	-1,3265625	-1,0160525	-0,11373311	-0,057654604	-0,073286869	-0,05009529
41774	104,91211	-2,2765625	-1,9414369	-0,12385473	-0,058960661	-0,076392509	-0,051926196
41774	105,41211	-3,2265625	-2,908567	-0,13473704	-0,061404534	-0,079892814	-0,054264747
41774	105,91211	-4,1765623	-3,3973269	-0,13938658	-0,062770844	-0,0816992	-0,055429388
41774	106,41211	-5,1265626	-4,9945655	-0,1550477	-0,067971624	-0,087804295	-0,059640076
41774	106,91211	-6,0765624	-5,9545822	-0,16366765	-0,07107538	-0,091473117	-0,062350836
41774	107,41211	-7,0265622	-6,9489393	-0,17277785	-0,074519344	-0,095216386	-0,065149397
41774	107,91211	-7,9765625	-8,0280886	-0,18207021	-0,078002557	-0,099176794	-0,068214141
41774	108,41211	-8,9265623	-8,9275703	-0,18955469	-0,080968946	-0,10231769	-0,070572205
41774	108,91211	-9,8765621	-9,9244347	-0,19768141	-0,084172145	-0,1059345	-0,073434219
41774	109,41211	-10,826562	-10,831779	-0,20410717	-0,086818345	-0,10899051	-0,075957783
41774	109,91211	-11,776563	-11,761822	-0,21188334	-0,089670397	-0,11231422	-0,078656077
41774	110,41211	-12,726563	-12,76024	-0,21811947	-0,092488542	-0,11542679	-0,081225835
41774	110,91211	-13,676562	-13,619205	-0,22475719	-0,095033891	-0,11829308	-0,08360789
41774	111,41211	-14,626562	-14,674534	-0,23102947	-0,097810805	-0,1213849	-0,086280003
41774	111,91211	-15,576562	-15,503439	-0,23697689	-0,10023153	-0,12401482	-0,088478416
41774	112,41211	-16,526562	-16,515041	-0,24332516	-0,10288813	-0,12696682	-0,090984493
41774	112,91211	-17,476563	-17,377598	-0,24898574	-0,10525624	-0,1294276	-0,093296722
41774	113,41211	-18,426561	-18,362095	-0,25480315	-0,1077099	-0,13215841	-0,095639594
41774	113,91211	-19,376562	-19,276398	-0,260517	-0,11007152	-0,13470411	-0,097820066
41774	114,41211	-20,326563	-20,348063	-0,26667714	-0,11260852	-0,13746092	-0,10034317
41774	114,91211	-21,276562	-21,267517	-0,27166903	-0,1148878	-0,13973702	-0,10227048
41774	115,41211	-22,226563	-22,160828	-0,27685797	-0,1170927	-0,14208139	-0,10438934
41774	115,91211	-23,176561	-23,052322	-0,28161854	-0,11916099	-0,14439704	-0,1064674
41774	116,41211	-24,126562	-24,113943	-0,28716141	-0,1216582	-0,1468026	-0,10873538
41774	116,91211	-25,076563	-25,123896	-0,29243267	-0,12389831	-0,14914395	-0,11082475
41774	117,41211	-26,026562	-25,890728	-0,29678121	-0,12574793	-0,15109347	-0,11259498
41774	117,91211	-26,976563	-26,861975	-0,30177161	-0,12790725	-0,15338743	-0,11478502
41774	118,41211	-27,926561	-27,880737	-0,30681118	-0,13013199	-0,15564966	-0,11694396
41774	118,91211	-28,876562	-28,785906	-0,3116183	-0,13214092	-0,15762053	-0,11868021
41774	119,41211	-29,826563	-29,727837	-0,31596571	-0,13414198	-0,15973668	-0,12067366
41774	119,91211	-30,776562	-30,699558	-0,32083875	-0,13626324	-0,16183966	-0,12261638
41774	120,41211	-31,726563	-31,630547	-0,3250137	-0,13826154	-0,16384143	-0,12453771
41774	120,91211	-32,676563	-32,502029	-0,32936186	-0,14014594	-0,16578728	-0,12625819
41774	121,41211	-33,62656	-33,521603	-0,33442155	-0,14225313	-0,16788253	-0,12838154
41774	121,91211	-34,576561	-34,45734	-0,33892989	-0,14423876	-0,16987586	-0,13020141
41774	122,41211	-35,526562	-35,474186	-0,34311265	-0,14632542	-0,17195676	-0,13225757
41774	122,91211	-36,476563	-36,42247	-0,34790114	-0,14837913	-0,17405681	-0,1341216
41774	123,41211	-37,426563	-37,34296	-0,35238191	-0,15037191	-0,17609845	-0,13604729
41774	123,91211	-38,37656	-38,189171	-0,35654122	-0,15223598	-0,17794679	-0,13785088
41774	124,41211	-39,326561	-39,179749	-0,36108345	-0,15441139	-0,18012741	-0,13996604
41774	124,91211	-40,276562	-40,155609	-0,36600977	-0,15664561	-0,18227623	-0,14209992
41774	125,41211	-41,226563	-41,194008	-0,37087426	-0,15900706	-0,18460822	-0,14427689
41774	125,91211	-42,176563	-42,138775	-0,37595108	-0,16139863	-0,18703263	-0,14664195
41774	126,41211	-43,12656	-42,987503	-0,38061962	-0,16374087	-0,1894943	-0,14884128
41774	126,91211	-44,076561	-43,939487	-0,38634652	-0,1664293	-0,19223639	-0,15149578
41774	127,41211	-45,026562	-44,925125	-0,39246902	-0,16955602	-0,19540198	-0,1543542
41774	127,91211	-45,976563	-45,814442	-0,39869958	-0,17283803	-0,19883367	-0,15756378
41774	128,41211	-46,584766	-46,611946	-0,40525383	-0,17651056	-0,20258766	-0,16108519
41774	128,91211	-46,084766	-46,030304	-0,40656215	-0,17735907	-0,2037596	-0,16197941
41774	129,41211	-45,584766	-45,565071	-0,40650105	-0,17765538	-0,20407672	-0,16223057
41774	129,91211	-45,084766	-44,974625	-0,40603542	-0,17736685	-0,20395337	-0,16205575
41774	130,41211	-44,584766	-44,569141	-0,40488243	-0,1771457	-0,20373245	-0,16174224
41774	130,91211	-44,084766	-43,998329	-0,40363109	-0,17666377	-0,20326287	-0,16134503
41774	131,41211	-43,584766	-43,506947	-0,40249601	-0,17618196	-0,2028354	-0,16085812
41774	131,91211	-43,084766	-42,9132	-0,40036106	-0,17536794	-0,20212671	-0,1601294
41774	132,41211	-42,584766	-42,452866	-0,39886013	-0,17483418	-0,20157097	-0,15950975
41774	132,91211	-42,084766	-41,983906	-0,39780438	-0,17424874	-0,20110804	-0,15897572
41774	133,41211	-41,584766	-41,433064	-0,3961429	-0,17355901	-0,20040113	-0,15836118
41774	133,91211	-41,084766	-41,008247	-0,39468223	-0,17292503	-0,19981922	-0,15773937
41774	134,41211	-40,584766	-40,450714	-0,39246863	-0,17220256	-0,19910841	-0,15703803
41774	134,91211	-40,084766	-39,844685	-0,39051509	-0,17138031	-0,19834083	-0,15632184
41774	135,41211	-39,584766	-39,494675	-0,38953424	-0,17091241	-0,19785452	-0,15588774
41774	135,91211	-39,084766	-38,851231	-0,38742089	-0,17002819	-0,19690563	-0,15493336
41774	136,41211	-38,584766	-38,439533	-0,38611367	-0,16935995	-0,19643606	-0,15435508
41774	136,91211	-38,084766	-37,964394	-0,38418174	-0,16875707	-0,19578394	-0,15362048
41774	137,41211	-37,584766	-37,437759	-0,38245583	-0,16795108	-0,19502516	-0,15298203
41774	137,91211	-37,084766	-36,926384	-0,38060099	-0,16713671	-0,19424877	-0,15231229
41774	138,41211	-36,584766	-36,533356	-0,37960374	-0,16648218	-0,19370194	-0,15165973
41774	138,91211	-36,084766	-35,975388	-0,37752315	-0,16569254	-0,19290723	-0,15082188
41774	139,41211	-35,584766	-35,53149	-0,3756851	-0,16505915	-0,19218959	-0,15019123
41774	139,91211	-35,084766	-34,89135	-0,37360191	-0,16401298	-0,19128513	-0,1493071
41774	140,41211	-34,584766	-34,467632	-0,3724359	-0,16341466	-0,19060819	-0,14864388
41774	140,91211	-34,084766	-33,976021	-0,36980098	-0,16266361	-0,18989806	-0,14788157
41774	141,41211	-33,584766	-33,453396	-0,36783928	-0,16181412	-0,18908608	-0,14717792
41774	141,91211	-33,084766	-32,96172	-0,36646539	-0,16098128	-0,1882769	-0,14642459
41774	142,41211	-32,584766	-32,470592	-0,36464632	-0,16025327	-0,1875421	-0,14574616
41774	142,91211	-32,084766	-31,931295	-0,36259517	-0,15938193	-0,18680245	-0,1447906
41774	143,41211	-31,584766	-31,490747	-0,36078468	-0,15861414	-0,18598227	-0,14409752
41774	143,91211	-31,084766	-31,017475	-0,35886353	-0,15785097	-0,18522917	-0,14337169
41774	144,41211	-30,584766	-30,515717	-0,35703516	-0,1571002	-0,18442707	-0,14258157
41774	144,91211	-30,084766	-29,945448	-0,35470873	-0,15606137	-0,18350594	-0,14161113
41774	145,41211	-29,584766	-29,437931	-0,35283118	-0,15522958	-0,18268502	-0,14076209
41774	145,91211	-29,084766	-28,920258	-0,35045594	-0,15434293	-0,18180966	-0,14006805
41774	146,41211	-28,584766	-28,414991	-0,34840629	-0,15349942	-0,18091814	-0,1391149
41774	146,91211	-28,084766	-28,04488	-0,34725481	-0,15284258	-0,18020321	-0,13850647
41774	147,41211	-27,584766	-27,432777	-0,34456775	-0,15177833	-0,17921741	-0,13754551
41774	147,91211	-27,084766	-26,924515	-0,34238473	-0,15089436	-0,17828129	-0,13668229
41774	148,41211	-26,584766	-26,455362	-0,34037417	-0,15002759	-0,17745197	-0,13589577
41774	148,91211	-26,084766	-25,979038	-0,33831263	-0,14916267	-0,17651434	-0,1349293
41774	149,41211	-25,584766	-25,436569	-0,33626333	-0,14822216	-0,17555337	-0,13402529
41774	149,91211	-25,084766	-24,901178	-0,33372194	-0,14725631	-0,17464985	-0,13316472
41774	150,41211	-24,584766	-24,433229	-0,33154303	-0,14627129	-0,17372884	-0,13218851
41774	150,91211	-24,084766	-23,904997	-0,32935143	-0,14535025	-0,17274532	-0,13138391
41774	151,41211	-23,584766	-23,429897	-0,32703504	-0,14444958	-0,17180039	-0,13048366
41774	151,91211	-23,084766	-22,915327	-0,32463557	-0,14346497	-0,17079653	-0,12941453
41774	152,41211	-22,584766	-22,439985	-0,32200629	-0,14265274	-0,16983467	-0,12860012
41774	152,91211	-22,084766	-21,920223	-0,31975508	-0,1415738	-0,16877463	-0,12763542
41774	153,41211	-21,584766	-21,45915	-0,31758362	-0,14063385	-0,1678535	-0,12667271
41774	153,91211	-21,084766	-20,976219	-0,31460077	-0,13963671	-0,1667099	-0,12569542
41774	154,41211	-20,584766	-20,361435	-0,31213945	-0,13851814	-0,16549398	-0,12455797
41774	154,91211	-20,084766	-19,853867	-0,30938238	-0,13746195	-0,16438453	-0,12358864
41774	155,41211	-19,584766	-19,459827	-0,30732974	-0,13656837	-0,16349079	-0,12267247
41774	155,91211	-19,084766	-18,98683	-0,30433312	-0,13563146	-0,16239823	-0,12163036
41774	156,41211	-18,584766	-18,466749	-0,30174777	-0,13445282	-0,16118541	-0,12060332
41774	156,91211	-18,084766	-17,999777	-0,29993355	-0,1335122	-0,16014734	-0,11959065
41774	157,41211	-17,584766	-17,370783	-0,29611588	-0,13217661	-0,15865684	-0,11842956
41774	157,91211	-17,084766	-16,961935	-0,29351637	-0,13119684	-0,1575473	-0,11734913
41774	158,41211	-16,584766	-16,461933	-0,29067659	-0,13002449	-0,15635824	-0,11625985
41774	158,91211	-16,084766	-16,038855	-0,28845891	-0,12900721	-0,15521911	-0,11525928
41774	159,41211	-15,584766	-15,423483	-0,28506592	-0,12761599	-0,15366483	-0,11394598
41774	159,91211	-15,084766	-14,928702	-0,28193331	-0,12638719	-0,15234482	-0,1126873
41774	160,41211	-14,584766	-14,389326	-0,27854705	-0,12508674	-0,15095392	-0,11140598
41774	160,91211	-14,084766	-14,020742	-0,2759766	-0,12410419	-0,14973816	-0,11041442
41774	161,41211	-13,584766	-13,504167	-0,27253032	-0,12270556	-0,14832136	-0,10913819
41774	161,91211	-13,084766	-12,930259	-0,26886052	-0,12126835	-0,14665444	-0,10783047
41774	162,41211	-12,584766	-12,419626	-0,26559794	-0,11995745	-0,14526549	-0,10644218
41774	162,91211	-12,084766	-12,005841	-0,26220495	-0,11873776	-0,14380117	-0,10513128
41774	163,41211	-11,584766	-11,508531	-0,25901085	-0,11729405	-0,1422462	-0,10388567
41774	163,91211	-11,084766	-10,982511	-0,25543457	-0,11584088	-0,14057516	-0,10237233
41774	164,41211	-10,584766	-10,413397	-0,25111064	-0,11414056	-0,13864288	-0,10072619
41774	164,91211	-10,084766	-10,034453	-0,24794526	-0,11289735	-0,13721065	-0,099593595
41774	165,41211	-9,5847664	-9,4824839	-0,24344511	-0,11114159	-0,13532382	-0,0979333
41774	165,91211	-9,0847664	-8,9217815	-0,23880042	-0,10936271	-0,13334918	-0,096286327
41774	166,41211	-8,5847664	-8,4334793	-0,23541935	-0,10760459	-0,13143414	-0,094598435
41774	166,91211	-8,0847664	-7,9595661	-0,23061596	-0,10592961	-0,12943816	-0,092972934
41774	167,41211	-7,5847664	-7,4998679	-0,22667907	-0,10411854	-0,12757812	-0,09122505
41774	167,91211	-7,0847664	-6,9363017	-0,22128634	-0,10203694	-0,12527509	-0,089298531
41774	168,41211	-6,5847664	-6,5434594	-0,21686517	-0,10026459	-0,12320238	-0,087627806
41774	168,91211	-6,0847664	-5,9980693	-0,21162964	-0,09803009	-0,12065422	-0,085571669
41774	169,41211	-5,5847664	-5,6264157	-0,20695589	-0,096273012	-0,11879379	-0,084142044
41774	169,91211	-5,0847664	-5,3680801	-0,20372719	-0,094911262	-0,11725191	-0,082895495
41774	170,41211	-4,5847664	-4,4526758	-0,19379705	-0,090987116	-0,11281059	-0,079483777
41774	170,91211	-4,0847664	-3,9058607	-0,18585883	-0,087919556	-0,10920069	-0,076567769
41774	171,41211	-3,5847664	-3,4625995	-0,1795914	-0,085300207	-0,10617942	-0,074294202
41774	171,91211	-3,0847664	-3,0334573	-0,17209984	-0,082540013	-0,10285181	-0,071884334
41774	172,41211	-2,5847664	-2,5268345	-0,16415007	-0,07946182	-0,099242732	-0,069265045
41774	172,91211	-2,0847664	-2,0055547	-0,15485361	-0,076090232	-0,094995923	-0,065945596
41774	173,41211	-1,5847664	-1,5568342	-0,14584474	-0,073124297	-0,090641454	-0,062748499
41774	173,91211	-1,0847664	-1,0390524	-0,13446324	-0,070011839	-0,085339762	-0,059042748
41774	174,41211	-1	-0,84819645	-0,12791194	-0,067865998	-0,082197659	-0,056637909
41774	174,91211	-1	-0,78689122	-0,12557693	-0,067077808	-0,08115726	-0,055702485
41774	175,41211	-1	-0,87301064	-0,12586787	-0,066839814	-0,080922604	-0,055607814
41774	175,91211	-1	-0,8847881	-0,12570359	-0,066619031	-0,080703191	-0,055367026
41774	176,41211	-1	-0,89519471	-0,12608916	-0,066411167	-0,08066275	-0,055386201
41774	176,91211	-1	-0,91886336	-0,12551211	-0,06628982	-0,080493189	-0,055142567
41774	177,41211	-1	-0,90433097	-0,12516379	-0,06610208	-0,08027301	-0,054935005
41774	177,91211	-1	-0,89893866	-0,12500621	-0,06606333	-0,080137834	-0,054858737
41774	178,41211	-1	-0,91309285	-0,12490973	-0,065893948	-0,080089182	-0,054770205
41774	178,91211	-1	-0,95413256	-0,12498572	-0,065891631	-0,080128402	-0,05476566
41774	179,41211	-1	-0,92751718	-0,12443475	-0,065772466	-0,079991341	-0,05463044
41774	179,91211	-1	-0,97647125	-0,12541004	-0,065773591	-0,08014261	-0,054809198
41774	180,41211	-1	-0,94657207	-0,12496114	-0,065662377	-0,07988026	-0,054630756
41774	180,91211	-1	-0,98107195	-0,12499727	-0,065678872	-0,07986667	-0,054713253
41774	181,41211	-1	-0,94028187	-0,12441427	-0,065519556	-0,079758406	-0,054621141
41774	181,91211	-1	-0,93295801	-0,12456924	-0,065488376	-0,079703636	-0,054460805
41774	182,41211	-1	-1,0165348	-0,12459829	-0,065564044	-0,079770058	-0,054473132
41774	182,91211	-1	-0,92346597	-0,12387261	-0,065290779	-0,079503253	-0,054332115
41774	183,41211	-1	-0,94029868	-0,12402385	-0,065313682	-0,079468831	-0,054341782
41774	183,91211	-1	-0,97669661	-0,12402125	-0,065408893	-0,079527825	-0,054374903
41774	184,41211	-1	-0,97362882	-0,12414865	-0,065270491	-0,079530276	-0,054264877
41774	184,91211	-1	-0,98628366	-0,12422726	-0,065189376	-0,079523884	-0,054249857
41774	185,41211	-1	-0,95843339	-0,12422763	-0,065195084	-0,079414599	-0,054372821
41774	185,91211	-1	-0,95898843	-0,12373254	-0,065065108	-0,079277433	-0,054053728
41774	186,41211	-1	-1,0643862	-0,12454055	-0,0652126	-0,07955119	-0,054226577
41774	186,91211	-1	-0,91040879	-0,12280047	-0,064971372	-0,079025611	-0,05393542
41774	187,41211	-1	-0,96645391	-0,12348108	-0,0650203	-0,079238348	-0,054086719
41774	187,91211	-1	-0,95994771	-0,12336634	-0,064958729	-0,079163939	-0,054011893
41774	188,41211	-1	-0,93638152	-0,12306944	-0,064867176	-0,079109833	-0,053898953
41774	188,91211	-1	-0,97800422	-0,12313947	-0,064939469	-0,078935198	-0,053896636
41774	189,41211	-1	-0,9476822	-0,12285151	-0,064835139	-0,078843735	-0,053805619
41774	189,91211	-1	-0,95982105	-0,1230143	-0,064845622	-0,078903519	-0,053895999
41774	190,41211	-1	-0,96879715	-0,12342557	-0,064805903	-0,078926869	-0,053848427
41774	190,91211	-1	-0,98602104	-0,12337826	-0,064816535	-0,078992844	-0,053827595
41774	191,41211	-1	-0,91845918	-0,12266934	-0,06459973	-0,078696944	-0,053672493
41774	191,91211	-1	-0,99989587	-0,12317561	-0,064724252	-0,078879945	-0,053891592
41774	192,41211	-1	-0,95497632	-0,12279451	-0,064673834	-0,078791954	-0,053761117
41774	192,91211	-1	-0,96593428	-0,12294427	-0,064717993	-0,078833736	-0,053799361
41774	193,41211	-1	-0,93343294	-0,12281537	-0,064573519	-0,078695931	-0,053536091
41774	193,91211	-1	-0,97205114	-0,12262724	-0,064544469	-0,078661866	-0,053637642
41774	194,41211	-1	-0,95308387	-0,12275614	-0,064515404	-0,078669295	-0,053682152
41774	194,91211	-1	-0,98304451	-0,1223702	-0,064605735	-0,078727573	-0,053668816
41774	195,41211	-1	-0,94652736	-0,1221627	-0,064479589	-0,078628182	-0,053504813
41774	195,91211	-1	-0,94850922	-0,12234226	-0,064489499	-0,078547247	-0,05352078
41774	196,41211	-1	-0,96186066	-0,1225099	-0,064466357	-0,078591287	-0,053545289
41774	196,91211	-1	-0,95165706	-0,12263842	-0,064420491	-0,078682758	-0,053547826
41774	197,41211	-1	-0,93599224	-0,12240857	-0,06434723	-0,078579657	-0,053589094
41774	197,91211	-1	-0,92020816	-0,1220949	-0,064341098	-0,078425258	-0,053435285
41774	198,41211	-1	-1,0186136	-0,1227282	-0,064442366	-0,078644045	-0,05350069
41774	198,91211	-1	-0,91070867	-0,12162477	-0,064315774	-0,078306489	-0,05338164
41774	199,41211	-1	-0,9367615	-0,12195483	-0,064307764	-0,07838621	-0,053411074
41774	199,91211	-1	-0,94301069	-0,12205653	-0,06428434	-0,078374572	-0,053321339
41774	200,41211	-1	-1,0504649	-0,12277439	-0,06440229	-0,078613728	-0,053527948
41774	200,91211	-1	-0,96618199	-0,12238584	-0,064281635	-0,07841152	-0,053380527
41774	201,41211	-1	-0,95048177	-0,12235045	-0,064251751	-0,078430243	-0,053403638
41774	201,91211	-1	-0,90076214	-0,12148321	-0,064144805	-0,078086525	-0,053214412
41774	202,41211	-1	-1,0256804	-0,12255572	-0,064303346	-0,078443155	-0,053387299
41774	202,91211	-1	-0,92336351	-0,12163185	-0,064158767	-0,078206345	-0,053181015
41774	203,41211	-1	-0,9277761	-0,1216013	-0,064148188	-0,078154117	-0,053249035
41774	203,91211	-1	-0,97152591	-0,12182519	-0,064176947	-0,078203216	-0,053264949
41774	204,41211	-1,7755859	-1,5140064	-0,12839846	-0,065011822	-0,080268852	-0,054639008
41774	204,91211	-2,7255859	-2,5596955	-0,14044344	-0,067827053	-0,084776506	-0,057456069
41774	205,41211	-3,675586	-3,0155852	-0,14629103	-0,069608033	-0,087008484	-0,058819253
41774	205,91211	-4,625586	-4,4630504	-0,16149618	-0,074882418	-0,093269616	-0,063540168
41774	206,41211	-5,5755858	-5,5270009	-0,17309524	-0,079265781	-0,098295487	-0,067147166
41774	206,91211	-6,5255857	-6,4900613	-0,18251799	-0,083044626	-0,10252685	-0,070328571
41774	207,41211	-7,4755859	-7,4232183	-0,19227974	-0,086897463	-0,10668147	-0,073534563
41774	207,91211	-8,4255857	-8,5067816	-0,20195544	-0,090900533	-0,1111615	-0,077055365
41774	208,41211	-9,3755856	-9,4530735	-0,21102279	-0,094580658	-0,11524867	-0,080384426
41774	208,91211	-10,325585	-10,386824	-0,21878034	-0,097882442	-0,11891077	-0,083467945
41774	209,41211	-11,275586	-11,26992	-0,22622682	-0,10089284	-0,12228833	-0,086111523
41774	209,91211	-12,225586	-12,247233	-0,23389161	-0,10407481	-0,12587817	-0,089262724
41774	210,41211	-13,175586	-13,162903	-0,24064295	-0,10701902	-0,12914647	-0,092060834
41774	210,91211	-14,125586	-14,196791	-0,24788901	-0,11021562	-0,13254516	-0,095025897
41774	211,41211	-15,075585	-15,046025	-0,25440192	-0,11291187	-0,13564155	-0,097526461
41774	211,91211	-16,025585	-15,917873	-0,26063061	-0,1156239	-0,13854313	-0,10006249
41774	212,41211	-16,975586	-16,870092	-0,26646182	-0,11831421	-0,14136496	-0,10261166
41774	212,91211	-17,925585	-17,862841	-0,27296171	-0,12117923	-0,14446062	-0,10536508
41774	213,41211	-18,875586	-18,77162	-0,2790086	-0,12366822	-0,14710145	-0,10763838
41774	213,91211	-19,825586	-19,737343	-0,28488523	-0,12627609	-0,14978403	-0,10996284
41774	214,41211	-20,775585	-20,688374	-0,29020125	-0,1287062	-0,15245987	-0,11236373
41774	214,91211	-21,725586	-21,566647	-0,29540026	-0,13098018	-0,15473554	-0,11464073
41774	215,41211	-22,675585	-22,573233	-0,30111784	-0,13346477	-0,15738146	-0,117024
41774	215,91211	-23,625586	-23,453375	-0,30675942	-0,13571434	-0,15968692	-0,1190265
41774	216,41211	-24,575586	-24,432911	-0,31201467	-0,13804328	-0,16212906	-0,12137233
41774	216,91211	-25,525585	-25,368368	-0,31691566	-0,14035684	-0,1644585	-0,12352835
41774	217,41211	-26,475586	-26,31893	-0,32171792	-0,14256811	-0,16670246	-0,12569322
41774	217,91211	-27,425585	-27,261425	-0,32626653	-0,1447728	-0,16901307	-0,12778419
41774	218,41211	-28,375586	-28,259411	-0,33140069	-0,14699429	-0,17131704	-0,12979077
41774	218,91211	-29,325586	-29,094683	-0,33605099	-0,14889069	-0,17315488	-0,13154632
41774	219,41211	-30,275585	-30,102434	-0,34128016	-0,15115555	-0,1754023	-0,13369443
41774	219,91211	-31,225586	-31,101635	-0,34597254	-0,15331806	-0,17770024	-0,13588585
41774	220,41211	-32,175587	-32,102158	-0,3508158	-0,15543123	-0,17981957	-0,13784051
41774	220,91211	-33,125584	-32,934265	-0,3550548	-0,15729682	-0,18170927	-0,13969196
41774	221,41211	-34,075584	-33,984692	-0,35970396	-0,1595237	-0,18389547	-0,14175168
41774	221,91211	-35,025585	-35,013599	-0,36476964	-0,16164404	-0,185992	-0,14378868
41774	222,41211	-35,975586	-35,901123	-0,36906338	-0,16355014	-0,18798137	-0,14570019
41774	222,91211	-36,925587	-36,861923	-0,37339404	-0,16563131	-0,19000095	-0,14756466
41774	223,41211	-37,875584	-37,783363	-0,37771612	-0,16765825	-0,19201139	-0,14956972
41774	223,91211	-38,825584	-38,69759	-0,38220286	-0,16966432	-0,19406284	-0,15135638
41774	224,41211	-39,775585	-39,659309	-0,38680062	-0,17187214	-0,19615901	-0,15354441
41774	224,91211	-40,725586	-40,744732	-0,39181226	-0,1741658	-0,19849584	-0,155582
41774	225,41211	-41,675587	-41,547726	-0,39631689	-0,17626175	-0,20050697	-0,15767057
41774	225,91211	-42,625584	-42,553841	-0,40082002	-0,17853588	-0,20293637	-0,15987833
41774	226,41211	-43,575584	-43,467785	-0,40585583	-0,18100555	-0,20531146	-0,16214761
41774	226,91211	-44,525585	-44,440006	-0,4117716	-0,18367741	-0,2080401	-0,16476296
41774	227,41211	-45,475586	-45,351978	-0,41750187	-0,1865366	-0,21092936	-0,16756481
41774	227,91211	-46,425587	-46,309872	-0,42379275	-0,18988352	-0,21435314	-0,17080799
41774	228,41211	-46,700001	-46,627701	-0,42851865	-0,19251274	-0,21714701	-0,17341372
41774	228,91211	-46,700001	-46,616215	-0,4312467	-0,19409801	-0,21888728	-0,1750291
41774	229,41211	-46,700001	-46,636799	-0,43333656	-0,19533297	-0,22038648	-0,17611139
41774	229,91211	-46,700001	-46,683472	-0,43541974	-0,19645748	-0,22163269	-0,1772701
41774	230,41211	-46,700001	-46,615181	-0,43666661	-0,19737904	-0,22257639	-0,17820428
41774	230,91211	-46,700001	-46,587376	-0,43785423	-0,19817942	-0,22338216	-0,17908402
41774	231,41211	-46,700001	-46,595261	-0,43934807	-0,19892858	-0,22423129	-0,17967783
41774	231,91211	-46,700001	-46,694214	-0,44048652	-0,19992028	-0,22514339	-0,18058868
41774	232,41211	-46,700001	-46,669815	-0,44195688	-0,20056407	-0,22593364	-0,18128626
41774	232,91211	-46,700001	-46,632252	-0,4429169	-0,20116097	-0,22657068	-0,18196259
41774	233,41211	-46,700001	-46,576225	-0,44356549	-0,20172492	-0,22713767	-0,1824353
41774	233,91211	-46,700001	-46,691326	-0,4447557	-0,20239444	-0,22802016	-0,18313423
41774	234,41211	-46,700001	-46,547791	-0,44514126	-0,20278175	-0,22842644	-0,18354197
41774	234,91211	-46,700001	-46,632164	-0,44642651	-0,203481	-0,22910368	-0,18411715
41774	235,41211	-46,700001	-46,64946	-0,44743532	-0,20404321	-0,22963372	-0,18471903
41774	235,91211	-46,700001	-46,579838	-0,4480496	-0,2045276	-0,23009908	-0,18512024
41774	236,41211	-46,700001	-46,588352	-0,44883043	-0,20497066	-0,23064238	-0,18551859
41774	236,91211	-46,700001	-46,628895	-0,44984967	-0,20551226	-0,23113866	-0,18610999
41774	237,41211	-46,700001	-46,514225	-0,45039618	-0,2058143	-0,23155308	-0,18641919
41774	237,91211	-46,700001	-46,611267	-0,4509244	-0,20639934	-0,23210187	-0,18690908
41774	238,41211	-46,700001	-46,648621	-0,45215636	-0,20688279	-0,23270586	-0,18738098
41774	238,91211	-46,700001	-46,534599	-0,4520908	-0,20712326	-0,23297824	-0,18768166
41774	239,41211	-46,700001	-46,645844	-0,45350716	-0,20778415	-0,23352626	-0,18828012
41774	239,91211	-46,700001	-46,526188	-0,45331195	-0,20801508	-0,23378594	-0,18843783
41774	240,41211	-46,700001	-46,570957	-0,45478308	-0,20848228	-0,23432198	-0,18885513
41774	240,91211	-46,700001	-46,54734	-0,45487434	-0,20885666	-0,23473367	-0,18917914
41774	241,41211	-46,700001	-46,609161	-0,45596063	-0,20939042	-0,23527795	-0,18970188
41774	241,91211	-46,700001	-46,63269	-0,45679176	-0,20976752	-0,23566517	-0,19017623
41774	242,41211	-46,700001	-46,633873	-0,4571926	-0,21020269	-0,23613524	-0,19040763
41774	242,91211	-46,700001	-46,705246	-0,45791492	-0,21067768	-0,23661955	-0,19097461
41774	243,41211	-46,700001	-46,680748	-0,45870209	-0,21099709	-0,23698179	-0,19131456
41774	243,91211	-46,700001	-46,685886	-0,45869088	-0,21143377	-0,23742412	-0,19165233
41774	244,41211	-46,700001	-46,770782	-0,45995378	-0,21193211	-0,23788619	-0,19205494
41774	244,91211	-46,700001	-46,725166	-0,46025738	-0,21218722	-0,23807931	-0,19233607
41774	245,41211	-46,700001	-46,696228	-0,46112055	-0,21254942	-0,23860058	-0,19272299
41774	245,91211	-46,700001	-46,748611	-0,46175867	-0,2129595	-0,23896953	-0,19316508
41774	246,41211	-46,700001	-46,729706	-0,46208388	-0,21327424	-0,23928513	-0,19342177
41774	246,91211	-46,700001	-46,756836	-0,46244189	-0,21369739	-0,23974273	-0,19376245
41774	247,41211	-46,700001	-46,566757	-0,46312922	-0,2138765	-0,23990567	-0,19387314
41774	247,91211	-46,700001	-46,653561	-0,46381092	-0,21423754	-0,24034365	-0,19430035
41774	248,41211	-46,700001	-46,710136	-0,46382582	-0,21463181	-0,24078764	-0,19476905
41774	248,91211	-46,700001	-46,688782	-0,4649289	-0,21498916	-0,24109128	-0,19497439
41774	249,41211	-46,700001	-46,680595	-0,46506599	-0,21532381	-0,24142118	-0,19520117
41774	249,91211	-46,700001	-46,633095	-0,46565795	-0,21555184	-0,24165834	-0,19551176
41774	250,41211	-46,700001	-46,714428	-0,46637094	-0,2160103	-0,24204293	-0,19587629
41774	250,91211	-46,700001	-46,741779	-0,46686381	-0,21630944	-0,24248543	-0,19627288
41774	251,41211	-46,700001	-46,586834	-0,46741927	-0,21651174	-0,24265517	-0,19641678
41774	251,91211	-46,700001	-46,650784	-0,46773142	-0,21698552	-0,24306554	-0,19678639
41774	252,41211	-46,700001	-46,68932	-0,46830177	-0,21724552	-0,24336062	-0,19711171
41774	252,91211	-46,700001	-46,734329	-0,46894068	-0,21760906	-0,2438381	-0,19750389
41774	253,41211	-46,700001	-46,643642	-0,46924725	-0,21774605	-0,24395505	-0,19757828
41774	253,91211	-46,700001	-46,709389	-0,47001129	-0,21823952	-0,24442409	-0,19792314
41774	254,41211	-46,700001	-46,784481	-0,47052801	-0,21869731	-0,24486671	-0,19830653
41774	254,91211	-46,700001	-46,631363	-0,47103688	-0,2187812	-0,24504901	-0,19846444
41774	255,41211	-46,700001	-46,764771	-0,47153717	-0,21928619	-0,24547145	-0,19878127
41774	255,91211	-46,700001	-46,661114	-0,47169811	-0,21942332	-0,24570517	-0,19900849
41774	256,41211	-46,700001	-46,670738	-0,47259516	-0,2197334	-0,24600701	-0,19933091
41774	256,91211	-46,700001	-46,576366	-0,47263092	-0,21997496	-0,24618156	-0,19957323
41774	257,41211	-46,700001	-46,676029	-0,47334099	-0,22039652	-0,24665751	-0,20004848
41774	257,91211	-46,700001	-46,677437	-0,47352016	-0,22072226	-0,24696931	-0,20017785
41774	258,41211	-44,956837	-45,042877	-0,46907365	-0,2187219	-0,24502413	-0,19812244
41774	258,91211	-42,456837	-42,394226	-0,46038961	-0,21489561	-0,24145891	-0,19460773
41774	259,41211	-39,956837	-39,971851	-0,45179838	-0,21119872	-0,23783527	-0,1911151
41774	259,91211	-37,456837	-37,443352	-0,44324994	-0,20730798	-0,23414031	-0,1872582
41774	260,41211	-34,956837	-34,922924	-0,43397844	-0,20322554	-0,23019089	-0,1834138
41774	260,91211	-32,456837	-32,571114	-0,42463803	-0,19925755	-0,22629084	-0,17945662
41774	261,41211	-29,956837	-29,906755	-0,41362381	-0,19455944	-0,22165641	-0,17497161
41774	261,91211	-27,456837	-27,386507	-0,40350929	-0,18993115	-0,21711087	-0,17045288
41774	262,41211	-24,956837	-24,864567	-0,39229655	-0,18516204	-0,21225728	-0,16570613
41774	262,91211	-22,456837	-22,454357	-0,37974864	-0,18022798	-0,2071327	-0,1608123
41774	263,41211	-19,956837	-19,902893	-0,36693886	-0,17477863	-0,20149401	-0,15537232
41774	263,91211	-17,456837	-17,393805	-0,35293436	-0,1689456	-0,1952264	-0,14956205
41774	264,41211	-14,956837	-14,926956	-0,33804214	-0,16263923	-0,18842994	-0,14320429
41774	264,91211	-12,456837	-12,438292	-0,32105744	-0,15568927	-0,18080634	-0,13623141
41774	265,41211	-9,9568367	-9,93363	-0,30232555	-0,14771816	-0,17200796	-0,12843409
41774	265,91211	-7,4568367	-7,447228	-0,27986318	-0,13819157	-0,16154949	-0,11926276
41774	266,41211	-4,9568367	-5,0374289	-0,2523832	-0,12664853	-0,14866048	-0,10841952
41774	266,91211	-2,4568367	-3,223084	-0,22575594	-0,1152515	-0,1358692	-0,098245844
41774	267,41211	-1	-0,89367479	-0,17426237	-0,095815703	-0,11029554	-0,078922451
41774	267,91211	-1	-0,6949175	-0,16382337	-0,092186287	-0,10484825	-0,074744835
41774	268,41211	-1	-0,57478249	-0,15972815	-0,090595685	-0,10253701	-0,073039003
41774	268,91211	-1	-0,58458	-0,15904978	-0,089960128	-0,10185374	-0,072337463
41774	269,41211	-1	-0,70427543	-0,15910901	-0,089751549	-0,10193034	-0,072211087
41774	269,91211	-1	-0,75006485	-0,15982836	-0,089605317	-0,10192078	-0,072188929
41774	270,41211	-1	-0,78422576	-0,16076565	-0,089462161	-0,10197761	-0,07230518
41774	270,91211	-1	-0,82154572	-0,16022138	-0,08936163	-0,10191034	-0,072156832
41774	271,41211	-1	-0,85166281	-0,16046464	-0,089284725	-0,10192055	-0,07216756
41774	271,91211	-1	-0,93973988	-0,16195476	-0,089347087	-0,10230543	-0,072383255
41774	272,41211	-1	-0,91976857	-0,16113482	-0,089350104	-0,10210945	-0,07228855
41774	272,91211	-1	-1,0029935	-0,16224049	-0,089358754	-0,10240141	-0,072436802
41774	273,41211	-1	-0,92540681	-0,16132593	-0,089129098	-0,10198922	-0,07211832
41774	273,91211	-1	-0,94457716	-0,16118549	-0,089035235	-0,10196201	-0,072055534
41774	274,41211	-1	-0,97578579	-0,16170181	-0,089095555	-0,1020624	-0,072095029
41774	274,91211	-1	-1,0020733	-0,16240217	-0,089128703	-0,10223008	-0,072269306
41774	275,41211	-1	-0,95698798	-0,16131997	-0,088930108	-0,10197018	-0,07202635
41774	275,91211	-1	-1,0225903	-0,1618363	-0,089017652	-0,10203252	-0,072111577
41774	276,41211	-1	-0,95979685	-0,16151965	-0,088860333	-0,10182442	-0,071956381
41774	276,91211	-1	-0,96122921	-0,16114675	-0,088794224	-0,1017703	-0,071979307
41774	277,41211	-1	-1,0449737	-0,16208775	-0,088866055	-0,10196096	-0,072048977
41774	277,91211	-1	-1,0056552	-0,16130172	-0,088719495	-0,10178482	-0,071910746
41774	278,41211	-1	-0,99354422	-0,16137548	-0,088702768	-0,10176205	-0,071937338
41774	278,91211	-1	-0,95515698	-0,1611609	-0,088578328	-0,10149632	-0,071753204
41774	279,41211	-1	-1,0196567	-0,16143657	-0,088639431	-0,10170058	-0,07179752
41774	279,91211	-1	-0,99248254	-0,16126186	-0,088617988	-0,10161966	-0,071670383
41774	280,41211	-1	-0,94740653	-0,16047955	-0,08837463	-0,10134826	-0,071529433
41774	280,91211	-1	-1,0374599	-0,16101934	-0,088581905	-0,10151725	-0,071714632
41774	281,41211	-1	-0,96888471	-0,16036965	-0,088440955	-0,10139614	-0,071519472
41774	281,91211	-1	-0,93787539	-0,16049147	-0,08832258	-0,10120514	-0,071410879
41774	282,41211	-1	-1,0119584	-0,16056634	-0,088439979	-0,10141882	-0,0715933
41774	282,91211	-1	-1,0101087	-0,16108304	-0,08839228	-0,10146546	-0,071561582
41774	283,41211	-1	-0,98052436	-0,16062967	-0,088292487	-0,10138407	-0,071513675
41774	283,91211	-1	-0,92474186	-0,15967451	-0,088107787	-0,10099444	-0,071277805
41774	284,41211	-1	-0,95315462	-0,16016401	-0,088210963	-0,1011752	-0,071315348
41774	284,91211	-1	-0,9964332	-0,16079172	-0,088196859	-0,10125197	-0,071431801
41774	285,41211	-1	-1,0025203	-0,16046911	-0,088235065	-0,10128991	-0,071368344
41774	285,91211	-1	-0,97639489	-0,16039051	-0,088124089	-0,10112227	-0,071308739
41774	286,41211	-1	-0,99534541	-0,16077571	-0,088124871	-0,10128282	-0,071376152
41774	286,91211	-1	-0,94976091	-0,16005784	-0,088040166	-0,10093355	-0,071228057
41774	287,41211	-1	-1,0281745	-0,16047731	-0,088117234	-0,10114832	-0,071278267
41774	287,91211	-1	-1,0333769	-0,16053766	-0,088089012	-0,10115096	-0,071375832
41774	288,41211	-1	-0,94918722	-0,16053244	-0,087943129	-0,10092845	-0,071284339
41774	288,91211	-1	-0,98349154	-0,16018264	-0,088066481	-0,10093905	-0,071114428
41774	289,41211	-1	-0,97183138	-0,15968718	-0,087960638	-0,10092802	-0,071169674
41774	289,91211	-1	-0,93436611	-0,15964769	-0,087814756	-0,10072195	-0,071037732
41774	290,41211	-1	-0,96535683	-0,15953407	-0,087897837	-0,10077441	-0,071072459
41774	290,91211	-1	-0,89706665	-0,15888624	-0,087662756	-0,10049844	-0,070926033
41774	291,41211	-1	-1,0258387	-0,16070269	-0,087856539	-0,10100845	-0,071206689
41774	291,91211	-1	-1,0396875	-0,16039163	-0,087950304	-0,10095502	-0,071063273
41774	292,41211	-1	-0,95339304	-0,15966892	-0,087739244	-0,10071431	-0,070928134
41774	292,91211	-1	-1,0081158	-0,16002357	-0,087870717	-0,10087819	-0,071099736
41774	293,41211	-1	-0,948295	-0,15877299	-0,087732114	-0,10050634	-0,070808202
41774	293,91211	-1	-0,96722132	-0,15931353	-0,08771655	-0,10061079	-0,070923336
41774	294,41211	-1	-0,97193009	-0,15983358	-0,087691858	-0,10069663	-0,070935838
41774	294,91211	-1	-1,0219048	-0,16020797	-0,087738588	-0,10076263	-0,070961386
41774	295,41211	-1	-1,001956	-0,15999824	-0,087789178	-0,10078659	-0,071041271
41774	295,91211	-1	-1,0258592	-0,16023666	-0,087643795	-0,10082168	-0,071000248
41774	296,41211	-1	-0,97797811	-0,15971065	-0,087650463	-0,1005649	-0,070853584
41774	296,91211	-1	-0,9425953	-0,15892386	-0,087586857	-0,10042007	-0,070761822
41774	297,41211	-1	-0,94915742	-0,15905872	-0,08751478	-0,10040317	-0,07074926
41774	297,91211	-1	-0,97859836	-0,15901364	-0,087549917	-0,10045308	-0,070839919
41774	298,41211	-1	-0,98066217	-0,15934072	-0,087529719	-0,10047305	-0,070812821
41774	298,91211	-1	-1,0079052	-0,16017072	-0,08756277	-0,10066805	-0,070902146
41774	299,41211	-1	-0,99598616	-0,15920401	-0,087594725	-0,10042757	-0,070704296
41774	299,91211	-1	-1,0175165	-0,15982054	-0,087616883	-0,10058685	-0,07092683
41774	300,41211	-1	-1,0166392	-0,15977509	-0,087591909	-0,10061689	-0,070860267
41774	300,91211	-1	-0,98009408	-0,15873462	-0,087478422	-0,10039074	-0,070729889
41774	301,41211	-1	-1,0011736	-0,15886351	-0,087557286	-0,10040437	-0,070812464
41774	301,91211	-1	-0,9599216	-0,15865862	-0,08748503	-0,10040483	-0,070715278
41774	302,41211	-1	-0,98458678	-0,1588583	-0,087371379	-0,10033038	-0,0705994
41774	302,91211	-1	-1,0032505	-0,15911721	-0,087494746	-0,10045554	-0,070725024
41774	303,41211	-1	-0,99801272	-0,15908368	-0,087458804	-0,1004376	-0,070810117
41774	303,91211	-1	-0,98180211	-0,15850291	-0,087409742	-0,10019035	-0,07058619
41774	304,41211	-1	-0,9283945	-0,15827902	-0,087293781	-0,10001569	-0,070495062
41774	304,91211	-1	-0,99555218	-0,15907958	-0,087428376	-0,10029983	-0,070639364
41774	305,41211	-1	-0,99437684	-0,15880875	-0,08735615	-0,10022585	-0,070594788
41774	305,91211	-1	-1,0329839	-0,15992634	-0,087426201	-0,10045027	-0,070702881
41774	306,41211	-1	-0,95649248	-0,15835129	-0,087266997	-0,10011855	-0,070522897
41774	306,91211	-1	-0,93665534	-0,15824959	-0,087266453	-0,10004903	-0,070425153
41774	307,41211	-1	-0,96874309	-0,15891679	-0,087228246	-0,10020184	-0,070480421
41774	307,91211	-1	-0,97456759	-0,1586426	-0,087227322	-0,10016013	-0,070463061
41774	308,41211	-1	-0,96392632	-0,15825666	-0,087271683	-0,10001073	-0,0704474
41774	308,91211	-1	-0,98283958	-0,15884042	-0,087255888	-0,10018214	-0,070568755
41774	309,41211	-1	-0,91064346	-0,15779287	-0,087119527	-0,099783473	-0,070335604
41774	309,91211	-1	-0,96191651	-0,15844516	-0,087211698	-0,10004918	-0,070447192
41774	310,41211	-1	-0,98853374	-0,15887618	-0,087205358	-0,10007774	-0,070451543
41774	310,91211	-1	-1,0261443	-0,1589369	-0,087319836	-0,10017157	-0,07059367
41774	311,41211	-1	-1,0195448	-0,15859753	-0,087296374	-0,10019086	-0,070627429
41774	311,91211	-1	-0,96669793	-0,15844963	-0,087160796	-0,10007509	-0,070537835
41774	312,41211	-1	-0,96478689	-0,15820749	-0,087133288	-0,099917695	-0,070359021
41774	312,91211	-1	-0,99915266	-0,15887171	-0,087171987	-0,10008696	-0,070494957
41774	313,41211	-1	-0,99187344	-0,15873797	-0,087148078	-0,10007452	-0,070495375
41774	313,91211	-1	-0,96188486	-0,15844256	-0,087161608	-0,099936463	-0,070409633
41774	314,41211	-1	-0,94518065	-0,15831292	-0,087111004	-0,099872179	-0,070275426
41774	314,91211	-1	-0,99540126	-0,15864223	-0,087116793	-0,1001005	-0,070356756
41774	315,41211	-1	-0,89211202	-0,15725307	-0,086990803	-0,09970554	-0,070146836
41774	315,91211	-1	-1,0052155	-0,15862249	-0,087066986	-0,099967256	-0,070300348
41774	316,41211	-1	-0,97124279	-0,15818402	-0,086983524	-0,099997766	-0,070372514
41774	316,91211	-1	-0,93670374	-0,15775897	-0,086952843	-0,099808827	-0,070241027
41774	317,41211	-1	-0,94161743	-0,15773624	-0,086957179	-0,099735446	-0,070120335
41774	317,91211	-1	-0,96244365	-0,15803389	-0,086984769	-0,09974096	-0,07022287
41774	318,41211	-1	-0,95587784	-0,15818551	-0,086991586	-0,099757716	-0,070275992
41774	318,91211	-1	-0,94932687	-0,15735812	-0,08695589	-0,099718116	-0,070207484
41774	319,41211	-1	-1,0363926	-0,15884973	-0,08708135	-0,10000999	-0,070390314
41774	319,91211	-1	-0,98718518	-0,15851818	-0,08699923	-0,099874087	-0,070284605
41774	320,41211	-1	-1,0437574	-0,15864	-0,087113291	-0,10008657	-0,070408337
41774	320,91211	-1	-0,96114165	-0,15790053	-0,08694154	-0,099724151	-0,070274405
41774	321,41211	-1	-0,93889236	-0,15741773	-0,086881094	-0,099625796	-0,069998682
41774	321,91211	-1	-0,97324699	-0,15739836	-0,086931244	-0,099704698	-0,070147239
41774	322,41211	-1	-1,028249	-0,1586739	-0,087059326	-0,10001284	-0,070313253
41774	322,91211	-1	-1,057094	-0,15879162	-0,087026641	-0,099942289	-0,070322201
41774	323,41211	-1	-0,93464923	-0,15732013	-0,086783886	-0,09959352	-0,069964685
41774	323,91211	-1	-0,97196734	-0,15798733	-0,086838618	-0,099741891	-0,070075922
41774	324,41211	-1	-1,0122881	-0,15802123	-0,087012306	-0,099869736	-0,070138209
41774	324,91211	-1	-0,96452421	-0,15761778	-0,086863652	-0,099673457	-0,070091784
41774	325,41211	-1	-0,97036362	-0,15749447	-0,086879984	-0,099714167	-0,070053443
41774	325,91211	-1	-1,0029637	-0,15780292	-0,086884983	-0,09977489	-0,070219055
41774	326,41211	-1	-0,95373952	-0,15767515	-0,086789176	-0,099663407	-0,069994055
41774	326,91211	-1	-0,98053926	-0,15771836	-0,086813234	-0,099553995	-0,070020631
41774	327,41211	-1	-1,0332707	-0,15836954	-0,086960077	-0,099848799	-0,070179246
41774	327,91211	-1	-1,0040216	-0,15797764	-0,086913526	-0,099816725	-0,070192359
41774	328,41211	-1	-1,0478646	-0,15854686	-0,086922042	-0,099882945	-0,070260145
41774	328,91211	-1	-0,92521495	-0,15705265	-0,086630546	-0,099414572	-0,069887787
41774	329,41211	-1	-0,97936022	-0,15745834	-0,086768299	-0,09960366	-0,0699424
41774	329,91211	-1	-1,0504256	-0,15833415	-0,086883947	-0,099801995	-0,070139326
41774	330,41211	-1	-0,99541247	-0,15772358	-0,086795285	-0,099622756	-0,070085943
41774	330,91211	-1	-0,96860343	-0,15741065	-0,086670578	-0,099542208	-0,07008744
41774	331,41211	-1	-1,0097455	-0,15784316	-0,086792335	-0,099638246	-0,070021227
41774	331,91211	-1	-0,91028583	-0,15668496	-0,086598754	-0,099358596	-0,069883645
41774	332,41211	-1	-0,97587889	-0,15721619	-0,086679511	-0,0994296	-0,06979055
41774	332,91211	-1	-0,98150599	-0,15760884	-0,086680479	-0,099565625	-0,069984719
41774	333,41211	-1	-0,92826223	-0,1568716	-0,086581767	-0,099416167	-0,069832191
41774	333,91211	-1	-0,98327923	-0,15718006	-0,086658381	-0,099420175	-0,069948241
41774	334,41211	-1	-0,97768569	-0,1578372	-0,086686388	-0,09955515	-0,069935419
41774	334,91211	-1	-1,0037813	-0,15789047	-0,086625636	-0,099585488	-0,070033066
41774	335,41211	-1	-0,90959299	-0,1566723	-0,086510926	-0,099359632	-0,069731809
41774	335,91211	-1	-0,94439834	-0,15692227	-0,086609416	-0,099327445	-0,069831878
41774	336,41211	-1	-0,97878838	-0,15749484	-0,086583167	-0,099442303	-0,069827713
41774	336,91211	-1	-0,98087263	-0,15767775	-0,08655075	-0,099554047	-0,070022635
41774	337,41211	-1	-0,91447866	-0,15646815	-0,086510919	-0,09930566	-0,069782615
41774	337,91211	-1	-0,95279515	-0,15742555	-0,086591803	-0,099382348	-0,069867514
41774	338,41211	-1	-1,0099467	-0,15813448	-0,086578131	-0,099561863	-0,069935493
41774	338,91211	-1	-1,0255892	-0,15757121	-0,086672693	-0,099476174	-0,06985461
41774	339,41211	-1	-0,92912841	-0,15688315	-0,086535275	-0,099255368	-0,069766298
41774	339,91211	-1	-1,0204278	-0,15762523	-0,086540759	-0,099478513	-0,069955893
41774	340,41211	-1	-1,0143425	-0,15745126	-0,086570472	-0,09958338	-0,069970019
41774	340,91211	-1	-1,0064374	-0,15800409	-0,086671799	-0,099563956	-0,069874831
41774	341,41211	-1	-0,93872845	-0,15684851	-0,086438484	-0,099206015	-0,069722712
41774	341,91211	-1	-0,97646004	-0,15717447	-0,086504929	-0,099382758	-0,069770142
41774	342,41211	-1	-1,0535363	-0,15790574	-0,086600512	-0,099561095	-0,0700102
41774	342,91211	-1	-0,98812211	-0,15750937	-0,086495377	-0,099496365	-0,069871999
41774	343,41211	-1	-1,0870751	-0,15841909	-0,086668335	-0,099726424	-0,070022739
41774	343,91211	-1	-0,95780009	-0,15692785	-0,086409628	-0,099251151	-0,069724441
41774	344,41211	-1	-0,9675678	-0,15728399	-0,086459532	-0,099291325	-0,069778852
41774	344,91211	-1	-0,96577775	-0,15707947	-0,086537704	-0,09930446	-0,069775656
41774	345,41211	-1	-0,9078998	-0,15648566	-0,08632376	-0,099166639	-0,069555856
41774	345,91211	-1	-0,95525753	-0,15651435	-0,08641661	-0,099123836	-0,069683641
41774	346,41211	-1	-0,96367484	-0,15697181	-0,086432435	-0,099257663	-0,069645651
41774	346,91211	-1	-0,93850678	-0,15692711	-0,086388022	-0,099162929	-0,069737241
41774	347,41211	-1	-0,96409392	-0,15693419	-0,086455606	-0,099326923	-0,069697544
41774	347,91211	-1	-0,92770904	-0,15656278	-0,086281441	-0,099135146	-0,069527112
41774	348,41211	-1	-1,074018	-0,15745647	-0,086620256	-0,099502005	-0,069921352
41774	348,91211	-1	-0,98607874	-0,15696362	-0,086469449	-0,09931618	-0,069821157
41774	349,41211	-1	-0,97763908	-0,15682615	-0,086377919	-0,099147759	-0,069635488
41774	349,91211	-1	-0,97189659	-0,15696809	-0,086368844	-0,099252611	-0,06966915
41774	350,41211	-1	-0,96231139	-0,15674382	-0,086353719	-0,099193588	-0,069694988
41774	350,91211	-1	-0,97441304	-0,15667416	-0,086354844	-0,099122033	-0,069619812
41774	351,41211	-1	-0,99914521	-0,15709624	-0,086374335	-0,099379435	-0,069794931
41774	351,91211	-1	-1,0435562	-0,15754998	-0,086497888	-0,099426098	-0,069762975
41774	352,41211	-1	-1,0117273	-0,15704185	-0,086415194	-0,099323355	-0,069691539
41774	352,91211	-1	-0,92793256	-0,15657619	-0,086189546	-0,099094741	-0,06952747
41774	353,41211	-1	-0,97255778	-0,15681162	-0,086345695	-0,099160999	-0,069579937
41774	353,91211	-1	-0,86786413	-0,15525408	-0,086105183	-0,09875419	-0,06936767
41774	354,41211	-1	-1,0383427	-0,15683547	-0,086439304	-0,0992864	-0,06965027
41774	354,91211	-1	-0,94872344	-0,15688725	-0,086331494	-0,099044293	-0,0695187
41774	355,41211	-1	-1,0524038	-0,15730076	-0,086501606	-0,099352315	-0,069789775
41774	355,91211	-1	-0,93761647	-0,15578121	-0,086245231	-0,098946236	-0,069500536
41774	356,41211	-1	-0,95892698	-0,15610941	-0,086291939	-0,099012375	-0,06949693
41774	356,91211	-1	-0,97188914	-0,15660599	-0,086285613	-0,099067658	-0,069550335
41774	357,41211	-1	-0,97425652	-0,1560878	-0,086313389	-0,099247776	-0,069582298
41774	357,91211	-1	-0,90860951	-0,15585013	-0,086132437	-0,098886698	-0,069423243
41774	358,41211	-1	-0,91333872	-0,15620142	-0,086164571	-0,098955236	-0,069468714
41774	358,91211	-1	-1,0337346	-0,15697517	-0,086461544	-0,099230133	-0,069633953
41774	359,41211	-1	-0,995202	-0,15725493	-0,086358629	-0,099366978	-0,069681376
41774	359,91211	-1	-0,96213818	-0,15653893	-0,086252816	-0,099071205	-0,069503218
41774	360,41211	-1	-0,92980826	-0,15611462	-0,086238988	-0,098885357	-0,06940034
41774	360,91211	-1	-0,94281507	-0,15605278	-0,086252943	-0,099001758	-0,069519363
41774	361,41211	-1	-0,99996293	-0,15666038	-0,086332925	-0,099216342	-0,069568545
41774	361,91211	-1	-0,95454603	-0,15624836	-0,086214237	-0,099041946	-0,069417506
41774	362,41211	-1	-0,90704858	-0,15560612	-0,086122736	-0,09880808	-0,069384471
41774	362,91211	-1	-0,96777451	-0,15634559	-0,08622063	-0,099116996	-0,069594033
41774	363,41211	-1	-0,96382201	-0,15613064	-0,08620207	-0,098985091	-0,069533385
41774	363,91211	-1	-0,92934817	-0,15612319	-0,086132497	-0,098955318	-0,069453202
41774	364,41211	-1	-0,96580756	-0,15660189	-0,086228095	-0,099060975	-0,069499627
41774	364,91211	-1	-0,97079206	-0,15610009	-0,086194724	-0,099047616	-0,069541253
41774	365,41211	-1	-0,91683865	-0,15642978	-0,086172491	-0,099036418	-0,069427818
41774	365,91211	-1	-0,96597338	-0,1565069	-0,086270072	-0,099107876	-0,069568686
41774	366,41211	-1	-0,95995891	-0,15659593	-0,086191945	-0,099139169	-0,069467895
41774	366,91211	-1	-0,92115629	-0,15552267	-0,086169094	-0,098934203	-0,069388665
41774	367,41211	-1	-0,93416125	-0,1560729	-0,086112939	-0,098982729	-0,069470853
41774	367,91211	-1	-0,95699912	-0,15649311	-0,086154222	-0,09902931	-0,069548123
41774	368,41211	-1	-0,93278289	-0,15564077	-0,086116128	-0,098975629	-0,069401711
41774	368,91211	-1	-0,88498181	-0,15530549	-0,086049154	-0,098792762	-0,069294438
41774	369,41211	-1	-0,96520597	-0,15623011	-0,086050577	-0,099036135	-0,069490299
41774	369,91211	-1	-0,94618088	-0,15602484	-0,086113937	-0,09899009	-0,069454126
41774	370,41211	-1	-0,93903393	-0,15590489	-0,086031757	-0,098970838	-0,069360256
41774	370,91211	-1	-0,98239815	-0,15654415	-0,086153828	-0,099039018	-0,069546506
41774	371,41211	-1	-0,97494197	-0,1562193	-0,086173281	-0,099146321	-0,069496326
41774	371,91211	-1	-0,97891319	-0,15628189	-0,086189315	-0,098999143	-0,069553837
41774	372,41211	-1	-0,93887186	-0,15605353	-0,08600796	-0,098881513	-0,069392458
41774	372,91211	-1	-0,95284545	-0,15582256	-0,086067349	-0,098853119	-0,069337815
41774	373,41211	-1	-0,99874288	-0,15631691	-0,086165003	-0,099102221	-0,069439955
41774	373,91211	-1	-0,95738286	-0,15596822	-0,086029954	-0,098921239	-0,069383897
41774	374,41211	-1	-0,92887318	-0,15591606	-0,086002328	-0,098899752	-0,06932278
41774	374,91211	-1	-0,98822641	-0,15631244	-0,086107381	-0,099025309	-0,069471985
41774	375,41211	-1	-0,97292477	-0,15606396	-0,086060539	-0,098933272	-0,069386609
41774	375,91211	-1	-0,98883545	-0,15637279	-0,086132653	-0,099052444	-0,069379918
41774	376,41211	-1	-0,92631763	-0,15580766	-0,085969359	-0,098813377	-0,06927596
41774	376,91211	-1	-1,0011177	-0,1556959	-0,08606226	-0,099030726	-0,069386683
41774	377,41211	-1	-0,9592343	-0,15581474	-0,086017944	-0,098987177	-0,069447272
41774	377,91211	-1	-1,0469984	-0,15678518	-0,086182155	-0,099189922	-0,069521032
41774	378,41211	-1	-1,0116417	-0,15665777	-0,086027235	-0,099165678	-0,069445163
41774	378,91211	-1	-0,97398645	-0,15568733	-0,086052313	-0,098937236	-0,069321424
41774	379,41211	-1	-0,93697572	-0,15566237	-0,086000137	-0,09877298	-0,069357917
41774	379,91211	-1	-0,93315172	-0,15513748	-0,086019322	-0,098705225	-0,06937319
41774	380,41211	-1	-1,0124613	-0,15613846	-0,086038925	-0,099029563	-0,069340236
41774	380,91211	-1	-0,9791851	-0,15547648	-0,085999005	-0,098918237	-0,069270253
41774	381,41211	-1	-0,9072367	-0,15566051	-0,085891351	-0,098754294	-0,069259591
41774	381,91211	-1	-1,0378156	-0,15668757	-0,086132735	-0,099099874	-0,069461919
41774	382,41211	-1	-0,99688208	-0,1566235	-0,086063154	-0,099059097	-0,069424562
41774	382,91211	-1	-1,000993	-0,15632473	-0,086014464	-0,098907322	-0,069223009
41774	383,41211	-1	-1,0013431	-0,15652739	-0,086044341	-0,099091448	-0,069388196
41774	383,91211	-1	-0,9765625	-0,15598089	-0,085978843	-0,098869331	-0,069303922
41774	384,41211	-1	-0,92602336	-0,15562028	-0,085911952	-0,098802328	-0,06919992
41774	384,91211	-1	-1,0212101	-0,15601516	-0,086084194	-0,098947935	-0,069341116
41774	385,41211	-1	-0,98886716	-0,15620217	-0,086008668	-0,098966651	-0,069370739
41774	385,91211	-1	-0,94732082	-0,15538894	-0,085912101	-0,098662265	-0,069226801
41774	386,41211	-1	-0,90038592	-0,15541352	-0,085792951	-0,098546833	-0,069086075
41774	386,91211	-1	-0,97906774	-0,15547015	-0,085935235	-0,098778233	-0,069254257
41774	387,41211	-1	-1,0076929	-0,15598722	-0,086031541	-0,099016801	-0,069466077
41774	387,91211	-1	-1,0134094	-0,15571453	-0,086009659	-0,099020682	-0,069332071
41774	388,41211	-1	-0,9804163	-0,15556775	-0,085899852	-0,098918356	-0,069367252
41774	388,91211	-1	-0,92839074	-0,15536062	-0,085876502	-0,098683141	-0,069090292
41774	389,41211	-1	-0,97080505	-0,15547052	-0,085905045	-0,098811835	-0,069246776
41774	389,91211	-1	-0,87625349	-0,15470311	-0,085811615	-0,098487511	-0,069072507
41774	390,41211	-1	-0,90506113	-0,15473217	-0,085843243	-0,098662131	-0,069072992
41774	390,91211	-1	-0,97970295	-0,15535392	-0,085904665	-0,098865621	-0,069239497
41774	391,41211	-1	-0,96158868	-0,15560985	-0,085860215	-0,098794334	-0,069245376
41774	391,91211	-1	-1,000138	-0,15599467	-0,085945591	-0,098845303	-0,069380991
41774	392,41211	-1	-0,9881649	-0,15626326	-0,085893355	-0,098905154	-0,069401994
41774	392,91211	-1	-0,90581179	-0,15466698	-0,085714355	-0,098508559	-0,069129638
41774	393,41211	-1	-0,97650659	-0,1558084	-0,085894018	-0,098860286	-0,069163717
41774	393,91211	-1	-0,96646136	-0,15566945	-0,0858595	-0,098712377	-0,069161795
41774	394,41211	-1	-0,98134947	-0,15521497	-0,085855566	-0,098747618	-0,069139935
41774	394,91211	-1	-0,9162277	-0,1553636	-0,085764334	-0,098615311	-0,069174349
41774	395,41211	-1	-0,98128247	-0,15608221	-0,085854851	-0,098754197	-0,069332391
41774	395,91211	-1	-0,90365297	-0,15500709	-0,085704453	-0,09848319	-0,068975449
41774	396,41211	-1	-0,99599177	-0,15589707	-0,085858718	-0,098815359	-0,069244444
41774	396,91211	-1	-1,0267664	-0,15568882	-0,085973762	-0,09881258	-0,06925644
41774	397,41211	-1	-0,95834023	-0,15536062	-0,085836835	-0,098707289	-0,069256797
41774	397,91211	-1	-0,97914225	-0,15535466	-0,085816912	-0,098628573	-0,069216318
41774	398,41211	-1	-0,97454715	-0,15534237	-0,085840628	-0,098561391	-0,06911549
41774	398,91211	-1	-0,97426212	-0,15534908	-0,08580821	-0,098735712	-0,069148019
41774	399,41211	-1	-0,9265132	-0,15480742	-0,085744463	-0,098544516	-0,069080606
41774	399,91211	-1	-1,0095071	-0,15539527	-0,085896693	-0,098752789	-0,069204874
41774	400,41211	-1	-1,024032	-0,15647896	-0,085954718	-0,098994777	-0,069251373
41774	400,91211	-1	-0,99443644	-0,15541203	-0,085897036	-0,098796174	-0,069208197
41774	401,41211	-1	-0,99298918	-0,1551155	-0,085788943	-0,098672301	-0,069263391
41774	401,91211	-1	-0,95393133	-0,15540086	-0,085751578	-0,098633446	-0,069128685
41774	402,41211	-1	-0,9612143	-0,15513077	-0,085811108	-0,098651923	-0,069189884
41774	402,91211	-1	-1,0251682	-0,15566386	-0,085861139	-0,098851673	-0,069227442
41774	403,41211	-1	-0,96036494	-0,15557744	-0,085764848	-0,098664373	-0,069089033
41774	403,91211	-1	-1,0083728	-0,15523992	-0,085841343	-0,098654225	-0,069267921
41774	404,41211	-1	-0,99982691	-0,15541948	-0,08580748	-0,098789036	-0,069166347
41774	404,91211	-1	-0,99484253	-0,15564263	-0,085864067	-0,09870562	-0,069218859
41774	405,41211	-1	-0,90525675	-0,15421845	-0,085643426	-0,098220959	-0,068856701
41774	405,91211	-1	-0,91776252	-0,15464239	-0,085668691	-0,098485753	-0,069037184
41774	406,41211	-1	-0,91970152	-0,15431568	-0,085688964	-0,098416448	-0,069038965
41774	406,91211	-1	-1,0568871	-0,1558654	-0,085929759	-0,098756909	-0,069291808
41774	407,41211	-1	-0,93642247	-0,1553461	-0,085690252	-0,098547272	-0,069034971
41774	407,91211	-1	-1,0343883	-0,15624091	-0,085825771	-0,098783612	-0,06928128
41774	408,41211	-1	-1,022866	-0,15571751	-0,085856244	-0,098647892	-0,069171436
41774	408,91211	-1	-0,99091977	-0,15561879	-0,085748911	-0,098678425	-0,069161393
41774	409,41211	-1	-0,96539593	-0,15546866	-0,085758522	-0,098507129	-0,069139294
41774	409,91211	-1	-1,0020528	-0,15549511	-0,0857471	-0,098620705	-0,069038115
41774	410,41211	-1	-0,98026729	-0,15544631	-0,085705303	-0,098649949	-0,069084227
41774	410,91211	-1	-0,92799032	-0,15484355	-0,085703082	-0,098399885	-0,068979599
41774	411,41211	-1	-0,94038618	-0,15487038	-0,085707203	-0,098410495	-0,069029272
41774	411,91211	-1	-0,9856708	-0,15528873	-0,085745595	-0,09852948	-0,069050789
41774	412,41211	-1	-0,93041176	-0,15481487	-0,085661322	-0,098363273	-0,068868563
41774	412,91211	-1	-0,93973988	-0,15456304	-0,085674889	-0,098307736	-0,068953954
41774	413,41211	-1	-0,9342227	-0,15475377	-0,085634977	-0,098440856	-0,06908939
41774	413,91211	-1	-1,0004472	-0,15589632	-0,085673399	-0,098622166	-0,069072753
41774	414,41211	-1	-0,98130476	-0,15501603	-0,085718043	-0,098480366	-0,069050625
41774	414,91211	-1	-0,91227704	-0,15497319	-0,08560992	-0,098349676	-0,06900119
41774	415,41211	-1	-0,96745229	-0,15524067	-0,085671574	-0,0985462	-0,069089741
41774	415,91211	-1	-0,95010734	-0,15442744	-0,085633621	-0,098360874	-0,0689767
41774	416,41211	-1	-0,96334702	-0,15509687	-0,085713089	-0,098574147	-0,06900207
41774	416,91211	-1	-0,95127338	-0,15536621	-0,085627861	-0,098406412	-0,068963036
41774	417,41211	-1	-0,94858372	-0,15514493	-0,085627265	-0,098484635	-0,069030039
41774	417,91211	-1	-0,91098994	-0,15462078	-0,085564189	-0,098351985	-0,068924695
41774	418,41211	-1	-0,91096759	-0,15467815	-0,085577078	-0,098308057	-0,069007896
41774	418,91211	-1	-0,93269163	-0,15489645	-0,085620776	-0,098392926	-0,068945304
41774	419,41211	-1	-0,93906933	-0,15445426	-0,085576288	-0,098448671	-0,068955839
41774	419,91211	-1	-0,99591911	-0,15572309	-0,085680142	-0,098658934	-0,069072641
41774	420,41211	-1	-0,99280846	-0,15539676	-0,085694522	-0,098609567	-0,069121979
41774	420,91211	-1	-0,99347901	-0,15549622	-0,085688807	-0,098688208	-0,069006674
41774	421,41211	-1	-0,9117108	-0,15472434	-0,085484959	-0,098261274	-0,068844423
41774	421,91211	-1	-0,92337096	-0,15468784	-0,085525624	-0,098233417	-0,06888596
41774	422,41211	-1	-0,97694433	-0,15544295	-0,085623957	-0,098552033	-0,069064118
41774	422,91211	-1	-0,95874631	-0,15497021	-0,08557605	-0,098383106	-0,068889521
41774	423,41211	-1	-0,98562801	-0,15480444	-0,085654542	-0,098426484	-0,068991601
41774	423,91211	-1	-0,9565782	-0,15500858	-0,085616149	-0,098413832	-0,06899
41774	424,41211	-1	-0,97863746	-0,15490651	-0,085660897	-0,098448902	-0,069038935
41774	424,91211	-1	-1,0131932	-0,15537068	-0,08566229	-0,098590374	-0,069197617
41774	425,41211	-1	-0,96718222	-0,15536211	-0,08554922	-0,098554246	-0,068955407
41774	425,91211	-1	-0,9584837	-0,15483722	-0,085558616	-0,098356381	-0,068966679
41774	426,41211	-1	-1,0335929	-0,15538186	-0,085732535	-0,098590478	-0,069135986
41774	426,91211	-1	-0,92633069	-0,15467033	-0,08552967	-0,098315783	-0,068876073
41774	427,41211	-1	-0,87235498	-0,15355609	-0,085435599	-0,098154649	-0,068817586
41774	427,91211	-1	-0,94631499	-0,15444309	-0,085521527	-0,098188721	-0,068877466
41774	428,41211	-1	-0,92878193	-0,15455522	-0,085495733	-0,098296396	-0,068821497
41774	428,91211	-1	-0,91550684	-0,15408322	-0,085535683	-0,098192245	-0,068887271
41774	429,41211	-1	-0,94965661	-0,15437417	-0,085594274	-0,098335452	-0,068874322
41774	429,91211	-1	-1,0612235	-0,15534163	-0,085753113	-0,098699458	-0,069184043
41774	430,41211	-1	-0,94110334	-0,15452132	-0,085482948	-0,098322175	-0,068842292
41774	430,91211	-1	-0,91701746	-0,15376247	-0,085421048	-0,098128267	-0,068749368
41774	431,41211	-1	-0,98447686	-0,15451163	-0,085558914	-0,098331966	-0,068900019
41774	431,91211	-1	-0,98140538	-0,15484691	-0,085482866	-0,098433279	-0,069012552
41774	432,41211	-1	-0,93204904	-0,15403815	-0,085526459	-0,098180734	-0,068952322
41774	432,91211	-1	-0,99863297	-0,15505366	-0,085573561	-0,098390125	-0,068847291
41774	433,41211	-1	-1,0015442	-0,15501864	-0,085587867	-0,098467462	-0,068937711
41774	433,91211	-1	-0,96080828	-0,15447848	-0,085604727	-0,098402567	-0,068920851
41774	434,41211	-1	-0,93575191	-0,15345216	-0,085458957	-0,098154768	-0,068753526
41774	434,91211	-1	-0,98645127	-0,15467852	-0,085522667	-0,09831275	-0,068934701
41774	435,41211	-1	-0,9560976	-0,15482381	-0,085540943	-0,098327167	-0,068821944
41774	435,91211	-1	-0,99929798	-0,15508458	-0,085569777	-0,098385334	-0,068731986
41774	436,41211	-1	-1,0006782	-0,15494041	-0,085594326	-0,098460898	-0,012058659
41774	436,91211	-1	-0,97221136	-0,15469976	-0,085569285	-0,098376788	-0,014670067
41774	437,41211	-1	-0,91126561	-0,15382282	-0,085470289	-0,098199934	-0,063864455
41774	437,91211	-1	-0,97357106	-0,15453473	-0,085628472	-0,09834893	-0,067757934
41774	438,41211	-1	-1,0129381	-0,15507527	-0,085568175	-0,098350145	-0,063362606
41774	438,91211	-1	-0,95719284	-0,1545351	-0,085525855	-0,098325647	-0,05915482
41774	439,41211	-1	-0,97904354	-0,1545988	-0,085552096	-0,098381959	-0,053823479
41774	439,91211	-1	-0,97920001	-0,15462898	-0,085537106	-0,098342463	-0,055517334
41774	440,41211	-1	-0,96653217	-0,15497357	-0,085570022	-0,075576164	-0,05548602
41774	440,91211	-1	-1,006905	-0,15498176	-0,085558772	-0,082570136	-0,055495858
41774	441,41211	-1	-1,0322537	-0,15526637	-0,08568158	-0,08189898	-0,055463828
41774	441,91211	-1	-0,91853368	-0,15414208	-0,085428342	-0,078992397	-0,055362877
41774	442,41211	-1	-0,97622722	-0,15476421	-0,085427843	-0,079159893	-0,055344295
41774	442,91211	-1	-0,90740621	-0,15387163	-0,085323691	2,4358025	-0,055420011
41774	443,41211	-1	-1,0375063	-0,15508644	-0,085583724	-3,0001612	-0,055427469
41774	443,91211	-1	-0,97541142	-0,15475713	-0,085409835	-2,0561929	-0,055422932
41774	444,41211	-1	-0,94561648	-0,15462376	-0,085420892	-2,1250355	-0,055306111
41774	444,91211	-1	-1,0067225	-0,1548551	-0,085494913	-3,0001609	-0,055312067
41774	445,41211	-1	-0,92083216	-0,15416928	-0,085302308	-3,0001609	-0,055465821
41774	445,91211	-1	-0,92555952	-0,15389733	-0,085386522	-3,0001609	-0,055391658
41774	446,41211	-1	-0,90670025	-0,15391558	-0,085387655	-3,0001609	-0,055262282
41774	446,91211	-1	-0,95465219	-0,15415847	-0,085364394	-3,0001609	-0,055299666
41774	447,41211	-1	-0,99821204	-0,15459582	-0,08545804	-3,0001609	-0,055258203
41774	447,91211	-1	-0,98580307	-0,15469044	-0,085548505	-3,0001609	-0,05541639
41774	448,41211	-1	-0,92731601	-0,15446357	-0,08538796	-3,0001609	-0,05525811
41774	448,91211	-1	-0,91978163	-0,15367083	-0,085368767	-3,0001609	-0,055273969
41774	449,41211	-1	-0,96352768	-0,15412197	-0,085360467	-3,0001609	-0,055288885
41774	449,91211	-1	-1,0131468	-0,15528277	-0,08550752	-3,0001609	-0,055319641
41774	450,41211	-1	-0,94600391	-0,15454404	-0,085391432	-3,0001609	-0,055388551
41774	450,91211	-1	-0,9296816	-0,15385337	-0,085382029	-3,0001609	-0,055250503
41774	451,41211	-1	-1,0190457	-0,15511103	-0,085552014	-3,0001609	-0,0552218
41774	451,91211	-1	-0,94501674	-0,15427731	-0,085455358	-3,0001609	-0,055282455
41774	452,41211	-1	-0,92463565	-0,15434287	-0,085346572	-3,0001609	-0,055281647
41774	452,91211	-1	-0,95319188	-0,15431382	-0,085483365	-3,0001609	-0,055446159
41774	453,41211	-1	-1,0057539	-0,15484355	-0,08251112	-3,0001609	-0,055326723
41774	453,91211	-1	-0,96949005	-0,15454628	0,79867405	-3,0001609	-0,055308498
41774	454,41211	-1	-0,9136833	-0,15396476	0,78208542	-3,0001609	-0,055231567
41774	454,91211	-1	-0,95946527	-0,15417971	0,82480156	-3,0001609	-0,055220835
41774	455,41211	-1	-1,0035895	-0,15432499	0,81686944	-3,0001609	-0,055267315
41774	455,91211	-1	-0,93389487	-0,15390441	0,80285734	-3,0001609	-0,055235676
41774	456,41211	-1	-0,93085134	-0,1541011	0,77443933	-3,0001609	-0,055359703
41774	456,91211	-1	-0,90039146	-0,15380383	2,8580389	-3,0001609	-0,055124346
41774	457,41211	-1	-0,89594537	-0,15374199	2,8580389	-3,0001609	-0,055309374
41774	457,91211	-1	-0,94221348	-0,15397184	2,8580389	-3,0001609	-0,055227239
41774	458,41211	-1	-0,9579435	-0,15396699	2,8580389	-3,0001609	-0,055455193
41774	458,91211	-1	-0,91323441	-0,15393235	1,7627376	-3,0001609	-0,055407893
41774	459,41211	-1	-0,94054455	-0,15429184	1,3906527	-3,0001609	-0,055345003
41774	459,91211	-1	-1,007678	-0,15476197	1,217834	-3,0001609	-0,055192243
41774	460,41211	-1	-0,91594088	-0,15373491	0,6656965	-3,0001609	-0,055103671
41774	460,91211	-1	-0,98037159	-0,15422255	0,76685756	-3,0001609	-0,055204075
41774	461,41211	-1	-0,95696002	-0,15459135	0,013011896	-3,0001609	-0,055336576
41774	461,91211	-1	-0,9412542	-0,15388057	0,013899754	-3,0001609	-0,055236552
41774	462,41211	-1	-0,97131729	-0,15392788	0,013805726	-3,0001609	-0,055286676
41774	462,91211	-1	-0,95586294	-0,15392005	0,013853581	-3,0001609	-0,055171225
41774	463,41211	-1	-0,93963557	-0,15394576	0,013876223	-3,0001609	-0,055277906
41774	463,91211	-1	-1,0293387	-0,15498735	0,013783923	-3,0001609	-0,05527921
41774	464,41211	-1	-0,92663431	-0,15364513	0,013856803	-3,0001609	-0,055191837
41774	464,91211	-1	-0,94545448	-0,15381202	0,013772075	-3,0001609	-0,05518008
41774	465,41211	-1	-0,9252615	-0,1539629	0,013844634	-3,0001609	-0,05512549
41774	465,91211	-1	-0,94413197	-0,15431233	0,013766502	-3,0001609	-0,055156138
41774	466,41211	-1	-0,92476791	-0,15362725	0,013786701	-3,0001609	-0,055117149
41774	466,91211	0	0,029401854	1,4154941	0,013773915	-3,0001609	-0,055262502

Datenerfassung						Zeit:	467,27051	s	15.05.2014 11:11:21
Ch 1 Kraft	Ch 1 Weg	1944 A	1944 B	1281068
kN	mm	mm	mm	mm
0,10514259	4,8357491	2,8586445	2,4440777	0,1167013
-47,79039	-0,47462022	-0,75214028	-3,0003085	-0,20052992
