Datum : 	11.6.2014
Durchmesser :	199,9
Datum	Laufzeit	Ch 1 Kraft Sollwert	Ch 1 Kraft	Ch 1 Weg	1944 A	1944 B	1281068
d	s	kN	kN	mm	mm	mm	mm
41801	27,886719	-1	-0,98440421	-0,096946955	-0,00014993176	-0,47099397	-0,0072440603
41801	28,386719	-1	-1,0104123	-0,097569823	-0,00013877731	-0,47102073	-0,0074165841
41801	28,886719	-1	-0,96960181	-0,096541643	-0,00021901028	-0,47105476	-0,0071502444
41801	29,386719	-1	-0,95660985	-0,096455216	-0,00014714245	-0,47098193	-0,0070534884
41801	29,886719	-1	-1,0333564	-0,098106265	-0,00028970418	-0,47098553	-0,0073576136
41801	30,386719	-1	-0,98313022	-0,096219778	-0,00017054845	-0,47104445	-0,0072417958
41801	30,886719	-1	-1,0441896	-0,097209215	-0,00016550347	-0,47103387	-0,0074074646
41801	31,386719	-1	-1,053242	-0,097340345	-0,00026000757	-0,47098577	-0,0074411975
41801	31,886719	-1	-1,0388755	-0,097444654	-0,00022490881	-0,47101083	-0,00746733
41801	32,386719	-1	-0,99164993	-0,097084045	-0,00013646018	-0,47102717	-0,0072851675
41801	32,886719	-1	-1,0073744	-0,09726584	-0,00020532496	-0,47099641	-0,007353601
41801	33,386719	-1	-1,0473635	-0,096577406	-0,00022881106	-0,47103718	-0,0073979693
41801	33,886719	-1	-0,99984181	-0,096446276	-0,00016491022	-0,47100136	-0,0071921991
41801	34,386719	-1	-0,99861991	-0,096011162	-0,00025229249	-0,47103301	-0,0071303574
41801	34,886719	-1	-0,98283029	-0,096750259	-0,00012886431	-0,47100699	-0,0071618343
41801	35,386719	-1	-0,99062175	-0,095653534	-0,00019192789	-0,47104013	-0,0072127655
41801	35,886719	-1	-1,009034	-0,096923113	-0,00012992881	-0,47101894	-0,0073476979
41801	36,386719	-1	-0,99277312	-0,096666813	-0,00012558792	-0,47104967	-0,0070891483
41801	36,886719	-1	-1,0431949	-0,097444654	-0,00014991499	-0,47101992	-0,0074017011
41801	37,386719	-1	-1,0947678	-0,097241998	-0,00022756774	-0,47100577	-0,0075424905
41801	37,886719	-1,4589844	-1,453299	-0,0054091215	-0,00010605156	-8,966215e-05	-0,0015876994
41801	38,386719	-1,9589844	-1,9765924	-0,013455749	-3,3019111e-05	-0,0002832748	-0,0036790411
41801	38,886719	-2,4589844	-2,2580771	-0,017541647	-0,0001384872	-0,00040342286	-0,0044702445
41801	39,386719	-2,9589844	-2,5952551	-0,023216009	-3,864523e-05	-0,00066167116	-0,0055587236
41801	39,886719	-3,4589844	-3,6174898	-0,03284812	-0,00016381638	-0,0022427682	-0,0077325488
41801	40,386719	-3,9589844	-4,037272	-0,036969781	1,2630597e-05	-0,003080694	-0,0086216042
41801	40,886719	-4,4589844	-4,4987893	-0,04067719	-0,00011863559	-0,0038874689	-0,0095093707
41801	41,386719	-4,9589844	-4,9821234	-0,044834614	-5,8661215e-05	-0,0049192458	-0,010641994
41801	41,886719	-5,4589844	-5,4692793	-0,049605966	-0,00014934642	-0,0058772042	-0,011489752
41801	42,386719	-5,9589844	-5,9428363	-0,054195523	-0,00011253124	-0,0068294518	-0,012551923
41801	42,886719	-6,4589844	-6,5341053	-0,058218837	-6,4162537e-05	-0,0080071762	-0,013663818
41801	43,386719	-6,9589844	-7,0735626	-0,062856078	-0,00013187435	-0,0089787599	-0,014702439
41801	43,886719	-7,4589844	-7,6002069	-0,066900253	-8,3627179e-05	-0,010230615	-0,015815524
41801	44,386719	-7,9589844	-8,1075687	-0,069639087	-0,00010196585	-0,011139868	-0,016804283
41801	44,886719	-8,4589844	-8,5301476	-0,073960423	-7,4118376e-05	-0,012112734	-0,017704468
41801	45,386719	-8,9589844	-8,9130373	-0,077486038	-0,00014152797	-0,012882732	-0,018644895
41801	45,886719	-9,4589844	-9,4770575	-0,081953406	-0,00015442446	-0,014006431	-0,019686984
41801	46,386719	-9,9589844	-10,055616	-0,08636117	-0,00013247458	-0,015194464	-0,020912636
41801	46,886719	-10,458984	-10,514805	-0,089031458	-5,4744072e-05	-0,016017221	-0,021890381
41801	47,386719	-10,958984	-10,980859	-0,092869997	-6,2583946e-05	-0,017133638	-0,022873042
41801	47,886719	-11,458984	-11,489486	-0,097867846	-0,00016517285	-0,018115111	-0,023896458
41801	48,386719	-11,958984	-11,9348	-0,09984076	-4,1246414e-05	-0,019068077	-0,024835795
41801	48,886719	-12,458984	-12,498202	-0,1044035	-0,00011145324	-0,020167593	-0,02591208
41801	49,386719	-12,958984	-13,06321	-0,10869801	-9,4472431e-05	-0,021385493	-0,027193416
41801	49,886719	-13,458984	-13,504792	-0,11248291	-0,00016105594	-0,022264373	-0,028055029
41801	50,386719	-13,958984	-14,01084	-0,11538863	-0,00017398922	-0,023306185	-0,029064996
41801	50,886719	-14,458984	-14,462645	-0,11904538	-0,00011786539	-0,024282509	-0,030174216
41801	51,386719	-14,958984	-14,979888	-0,12203753	-0,00017082971	-0,02532707	-0,031166127
41801	51,886719	-15,458984	-15,482054	-0,12544096	-0,00013202475	-0,026456792	-0,032289639
41801	52,386719	-15,958984	-15,936461	-0,12871325	-0,00023353938	-0,027281769	-0,03319484
41801	52,886719	-16,458984	-16,46907	-0,13224781	-7,5004064e-05	-0,02856553	-0,034352444
41801	53,386719	-16,958984	-16,969339	-0,1360178	-0,00018079951	-0,029567569	-0,035332218
41801	53,886719	-17,458984	-17,452917	-0,13912916	-0,00013299007	-0,030634841	-0,036407538
41801	54,386719	-17,958984	-18,071304	-0,14332831	-0,00015456835	-0,031930447	-0,037734967
41801	54,886719	-18,458984	-18,4473	-0,14660656	-8,720858e-05	-0,03283162	-0,038640745
41801	55,386719	-18,958984	-19,045626	-0,15071034	-0,00015373621	-0,034109846	-0,039852738
41801	55,886719	-19,458984	-19,453394	-0,1544863	-9,6924603e-05	-0,03504651	-0,040821094
41801	56,386719	-19,958984	-20,006004	-0,15762746	-0,00010335213	-0,036278896	-0,04196256
41801	56,886719	-20,458984	-20,476179	-0,16021132	-0,00011939555	-0,037344009	-0,04300984
41801	57,386719	-20,958984	-20,997124	-0,1647979	-7,2102994e-05	-0,038446613	-0,044189319
41801	57,886719	-21,458984	-21,485126	-0,16702116	-0,00012090337	-0,039548855	-0,045138255
41801	58,386719	-21,958984	-22,012844	-0,1709789	-7,9928897e-05	-0,040702846	-0,046460841
41801	58,886719	-22,458984	-22,475164	-0,17320812	-0,00016167713	-0,04180222	-0,047390398
41801	59,386719	-22,958984	-22,983923	-0,17703772	-6,6176988e-05	-0,04296767	-0,048560958
41801	59,886719	-23,458984	-23,562857	-0,18126965	-0,00015307637	-0,044144761	-0,049843855
41801	60,386719	-23,958984	-23,940996	-0,18425286	-7,5732358e-05	-0,045197595	-0,050790399
41801	60,886719	-24,458984	-24,40621	-0,18815994	-8,9811627e-05	-0,046178065	-0,051882647
41801	61,386719	-24,958984	-24,81711	-0,19088387	-6,3176267e-05	-0,047207762	-0,052860342
41801	61,886719	-25,458984	-25,541651	-0,19548535	-0,00011196919	-0,048675127	-0,054284118
41801	62,386719	-25,958984	-25,992979	-0,19808114	-7,2381459e-05	-0,049818695	-0,055517934
41801	62,886719	-26,458984	-26,285955	-0,20073056	-0,00010582991	-0,05060418	-0,056207921
41801	63,386719	-26,958984	-26,994438	-0,20587742	-1,7444603e-05	-0,052166015	-0,057826638
41801	63,886719	-27,458984	-27,47298	-0,20894408	-3,8499013e-05	-0,053345099	-0,058987338
41801	64,386719	-27,958984	-28,039339	-0,21229684	-5,5288896e-05	-0,054617487	-0,060178488
41801	64,886719	-28,458984	-28,525185	-0,21517277	-8,0037862e-06	-0,055784754	-0,061337236
41801	65,386719	-28,958984	-28,97716	-0,21899343	-0,00018076226	-0,056840401	-0,062450781
41801	65,886719	-29,458984	-29,48844	-0,22295713	-7,0103444e-05	-0,058161322	-0,063680321
41801	66,386719	-29,958984	-30,014265	-0,22686124	-0,00012143282	-0,059317924	-0,065004423
41801	66,886719	-30,458984	-30,440495	-0,22931695	-5,4716133e-05	-0,060408309	-0,066008426
41801	67,386719	-30,958984	-30,916542	-0,23247004	-0,00010460941	-0,061551113	-0,067170359
41801	67,886719	-31,458984	-31,416393	-0,23643076	-8,7730121e-05	-0,062809661	-0,068504624
41801	68,386719	-31,958984	-31,873182	-0,23894608	-7,9347752e-05	-0,064019576	-0,069638252
41801	68,886719	-32,458984	-32,431957	-0,24321675	-4,8842281e-05	-0,065334	-0,070971571
41801	69,386719	-32,958984	-32,910252	-0,24636388	-3,0584633e-05	-0,066586852	-0,072256804
41801	69,886719	-33,145702	-33,285744	-0,24892688	-6,6789798e-05	-0,067496344	-0,073125944
41801	70,386719	-32,645702	-32,765461	-0,24702549	-0,0001249034	-0,066779822	-0,072490573
41801	70,886719	-32,145702	-32,174297	-0,24394095	-0,00013155164	-0,065851271	-0,071517244
41801	71,386719	-31,645702	-31,639837	-0,24130344	-8,9524779e-05	-0,064946659	-0,070634812
41801	71,886719	-31,145702	-31,14929	-0,23970306	-7,3984265e-05	-0,064012863	-0,069694154
41801	72,386719	-30,645702	-30,662663	-0,23664236	-5,0188042e-05	-0,063253462	-0,068854794
41801	72,886719	-30,145702	-30,136032	-0,2337873	-5,7065859e-05	-0,062294621	-0,067910284
41801	73,386719	-29,645702	-29,631304	-0,23203194	-1,2890436e-05	-0,061374128	-0,067043521
41801	73,886719	-29,145702	-29,111454	-0,2284646	-8,2800165e-05	-0,060476534	-0,066054434
41801	74,386719	-28,645702	-28,612537	-0,22697449	-7,0833601e-05	-0,059523094	-0,065126076
41801	74,886719	-28,145702	-28,005098	-0,22304654	-6,3482672e-05	-0,058355853	-0,064099126
41801	75,386719	-27,645702	-27,729774	-0,22218525	-8,6136162e-05	-0,057819288	-0,063487992
41801	75,886719	-27,145702	-27,138296	-0,21788478	-3,8485974e-05	-0,056746494	-0,062335342
41801	76,386719	-26,645702	-26,674309	-0,21589696	-0,00016101543	-0,055756226	-0,061424103
41801	76,886719	-26,145702	-26,179153	-0,21430254	-2,3894012e-05	-0,054877017	-0,060516804
41801	77,386719	-25,645702	-25,70442	-0,21008551	-6,2633306e-05	-0,053910255	-0,059704505
41801	77,886719	-25,145702	-25,159798	-0,20687282	-4,6066009e-05	-0,052907206	-0,058581591
41801	78,386719	-24,645702	-24,632036	-0,20418465	-6,7989342e-05	-0,051779911	-0,057540074
41801	78,886719	-24,145702	-24,135393	-0,20142198	-0,00012130989	-0,05088415	-0,05656857
41801	79,386719	-23,645702	-23,58482	-0,19874573	-5,6486577e-05	-0,049865678	-0,055487484
41801	79,886719	-23,145702	-23,187662	-0,19602776	-0,00010544853	-0,048997581	-0,054650992
41801	80,386719	-22,645702	-22,603657	-0,19234121	-6,7672692e-05	-0,047841311	-0,053566415
41801	80,886719	-22,145702	-22,108854	-0,18957853	-6,6935085e-05	-0,046774387	-0,052594136
41801	81,386719	-21,645702	-21,719505	-0,18647313	-0,00014300272	-0,045983374	-0,051709898
41801	81,886719	-21,145702	-21,145458	-0,18396974	-7,0923939e-05	-0,044900417	-0,050684575
41801	82,386719	-20,645702	-20,760399	-0,18171072	-6,0684979e-05	-0,044083387	-0,049901415
41801	82,886719	-20,145702	-20,184849	-0,17782152	-4,1414984e-05	-0,042895976	-0,048714742
41801	83,386719	-19,645702	-19,640354	-0,17392933	-6,3738786e-05	-0,041760728	-0,047740687
41801	83,886719	-19,145702	-19,112164	-0,1712501	-4,6745874e-05	-0,040721089	-0,0465906
41801	84,386719	-18,645702	-18,592449	-0,1678586	-7,0787035e-05	-0,039640401	-0,045562219
41801	84,886719	-18,145702	-18,103395	-0,16506016	-9,3648676e-05	-0,038638555	-0,044436675
41801	85,386719	-17,645702	-17,64052	-0,16095042	-9,498233e-05	-0,037573967	-0,043660518
41801	85,886719	-17,145702	-17,168472	-0,15868843	-0,00016790489	-0,036572605	-0,042623747
41801	86,386719	-16,645702	-16,58025	-0,15500486	-5,1804818e-05	-0,035460193	-0,041411579
41801	86,886719	-16,145702	-16,121695	-0,15121102	-0,00017712312	-0,03450321	-0,040506214
41801	87,386719	-15,645702	-15,573743	-0,14860928	-0,00012248429	-0,033317342	-0,039439298
41801	87,886719	-15,145702	-15,221585	-0,14642179	-7,0418231e-05	-0,03259341	-0,038591385
41801	88,386719	-14,645702	-14,671137	-0,14156401	-7,9862773e-05	-0,031416379	-0,037489396
41801	88,886719	-14,145702	-14,105023	-0,13814867	-4,345458e-05	-0,030207492	-0,036397185
41801	89,386719	-13,645702	-13,661361	-0,13507307	-0,00015409151	-0,029267717	-0,035488114
41801	89,886719	-13,145702	-13,165015	-0,13198555	-6,2691979e-05	-0,028215485	-0,034547746
41801	90,386719	-12,645702	-12,692921	-0,12852252	-8,6660497e-05	-0,027270274	-0,033369619
41801	90,886719	-12,145702	-12,138237	-0,1252383	-0,00014647422	-0,026052816	-0,032217987
41801	91,386719	-11,645702	-11,588998	-0,12083054	-0,00012363447	-0,024834922	-0,031285606
41801	91,886719	-11,145702	-11,142404	-0,11759698	-0,00016372418	-0,023823924	-0,030212244
41801	92,386719	-10,645702	-10,59969	-0,11422038	-3,2229349e-05	-0,022774905	-0,029179893
41801	92,886719	-10,145702	-10,093466	-0,11044741	-9,992905e-05	-0,021613939	-0,027987655
41801	93,386719	-9,6457024	-9,6303463	-0,10679662	-8,2366168e-05	-0,020613253	-0,026979696
41801	93,886719	-9,1457024	-9,2020283	-0,1029402	-2,4219975e-05	-0,019752387	-0,026192736
41801	94,386719	-8,6457024	-8,6583223	-0,099173188	-0,00011780113	-0,018487962	-0,024890788
41801	94,886719	-8,1457024	-8,2058668	-0,095650554	-0,00015067449	-0,017547995	-0,024011429
41801	95,386719	-7,6457024	-7,6802764	-0,090870261	-0,00014617108	-0,016298136	-0,02278012
41801	95,886719	-7,1457024	-7,0966072	-0,086793303	-4,0864572e-05	-0,015141805	-0,021553202
41801	96,386719	-6,6457024	-6,6190267	-0,08277297	-0,00014990615	-0,014026066	-0,020546963
41801	96,886719	-6,1457024	-6,1529183	-0,079569221	-7,6507218e-05	-0,012959156	-0,019565208
41801	97,386719	-5,6457024	-5,6379495	-0,074914098	-8,3825551e-05	-0,011827605	-0,01850256
41801	97,886719	-5,1457024	-5,4101014	-0,072863698	-6,6196546e-05	-0,011215352	-0,017776566
41801	98,386719	-4,6457024	-4,7320576	-0,067138672	-8,2107261e-05	-0,0097697582	-0,016504422
41801	98,886719	-4,1457024	-4,1060781	-0,059917569	-0,00016715284	-0,008284267	-0,015040389
41801	99,386719	-3,6457024	-3,6124139	-0,055518746	6,6440552e-06	-0,00733901	-0,013837415
41801	99,886719	-3,1457024	-3,1187608	-0,051176548	-0,0001171045	-0,0062935092	-0,012685094
41801	100,38672	-2,6457024	-2,585562	-0,045803189	-3,5006553e-05	-0,0052059051	-0,011380005
41801	100,88672	-2,1457024	-2,1754577	-0,039955974	-0,00013138587	-0,0044915862	-0,010184451
41801	101,38672	-1,6457024	-1,7324835	-0,033849478	-0,00013321359	-0,0038181767	-0,0089066857
41801	101,88672	-1,1457024	-1,1924039	-0,025033951	-7,476192e-05	-0,0035133064	-0,0067572114
41801	102,38672	-1,3496094	-1,1272188	-0,021404028	-6,4369291e-05	-0,0034171566	-0,0061625931
41801	102,88672	-1,8496094	-1,7099735	-0,031000376	-8,0266967e-05	-0,0036066789	-0,0083401343
41801	103,38672	-2,3496094	-2,2197719	-0,036495924	-0,000148986	-0,0040412061	-0,0094344607
41801	103,88672	-2,8496094	-2,4201031	-0,038915873	6,2007457e-06	-0,0043406412	-0,010037322
41801	104,38672	-3,3496094	-3,1536183	-0,044792891	-2,4606474e-05	-0,0054971911	-0,01143436
41801	104,88672	-3,8496094	-3,8503687	-0,052139163	-6,5351836e-05	-0,0068844873	-0,01289706
41801	105,38672	-4,3496094	-4,32688	-0,056433678	-4,0184706e-05	-0,0078402217	-0,013896544
41801	105,88672	-4,8496094	-4,8603954	-0,059834123	-9,6561853e-05	-0,0089102946	-0,014811664
41801	106,38672	-5,3496094	-5,309876	-0,065043569	-0,00010709045	-0,0098693296	-0,015809197
41801	106,88672	-5,8496094	-5,8392549	-0,06865263	-0,00011617364	-0,010978106	-0,016751708
41801	107,38672	-6,3496094	-6,3998199	-0,073748827	1,211185e-05	-0,012150174	-0,017797239
41801	107,88672	-6,8496094	-6,9081149	-0,077709556	-9,7320415e-05	-0,013162994	-0,018898329
41801	108,38672	-7,3496094	-7,3507113	-0,080999732	-6,3059852e-05	-0,014168678	-0,019708589
41801	108,88672	-7,8496094	-7,8557134	-0,084754825	-7,0663169e-05	-0,015223987	-0,020714283
41801	109,38672	-8,3496094	-8,3950701	-0,088381767	-4,2065978e-05	-0,016369795	-0,021878941
41801	109,88672	-8,8496094	-8,8360109	-0,092536211	2,8527342e-05	-0,017326051	-0,022755625
41801	110,38672	-9,3496094	-9,322917	-0,095790625	-9,3800481e-05	-0,018256795	-0,023657368
41801	110,88672	-9,8496094	-9,9712563	-0,10056794	-2,2943132e-05	-0,019594003	-0,024874616
41801	111,38672	-10,349609	-10,401084	-0,10420084	-9,3706418e-05	-0,020552363	-0,025836678
41801	111,88672	-10,849609	-10,868704	-0,10697246	-4,8452057e-05	-0,021458361	-0,026765158
41801	112,38672	-11,349609	-11,358879	-0,1101315	-2,2495165e-05	-0,022529984	-0,027812237
41801	112,88672	-11,849609	-11,889605	-0,11392534	-0,00015018554	-0,023640504	-0,028883513
41801	113,38672	-12,349609	-12,356922	-0,1178205	-4,8537739e-05	-0,02464387	-0,029980572
41801	113,88672	-12,849609	-12,861433	-0,12004972	-0,00011834968	-0,025689799	-0,030863041
41801	114,38672	-13,349609	-13,301788	-0,12308657	-5,7436526e-05	-0,026584668	-0,031778686
41801	114,88672	-13,849609	-13,808191	-0,12744665	-6,3541345e-05	-0,027634999	-0,032795131
41801	115,38672	-14,349609	-14,398177	-0,13096035	-0,0001511178	-0,028918026	-0,034001108
41801	115,88672	-14,849609	-14,829653	-0,13391078	-6,5952539e-05	-0,029763676	-0,034958635
41801	116,38672	-15,349609	-15,409241	-0,13813674	-0,00010188995	-0,030991592	-0,035978615
41801	116,88672	-15,849609	-15,817182	-0,14073253	-2,6818365e-05	-0,031948544	-0,037002832
41801	117,38672	-16,349609	-16,394251	-0,14379919	-7,0235692e-05	-0,033098787	-0,038272366
41801	117,88672	-16,849609	-16,830177	-0,14785826	2,3416243e-05	-0,034063984	-0,03904831
41801	118,38672	-17,349609	-17,337612	-0,1516968	-8,4163621e-05	-0,035159755	-0,040152434
41801	118,88672	-17,849609	-17,861147	-0,15410483	-4,3169595e-05	-0,036125232	-0,041185845
41801	119,38672	-18,349609	-18,285463	-0,15679598	-7,7537261e-05	-0,037155814	-0,042097021
41801	119,88672	-18,849609	-18,891209	-0,16083717	-0,0001213653	-0,03846449	-0,043380443
41801	120,38672	-19,349609	-19,407305	-0,1648128	3,3018179e-05	-0,039515629	-0,044392675
41801	120,88672	-19,849609	-19,894375	-0,16711354	-1,4340505e-05	-0,040567804	-0,04549941
41801	121,38672	-20,349609	-20,403345	-0,17152131	1,1567026e-06	-0,041722529	-0,046424948
41801	121,88672	-20,849609	-20,918915	-0,17597377	-5,1431358e-05	-0,042856462	-0,047644239
41801	122,38672	-21,349609	-21,466276	-0,17879009	-9,6951611e-05	-0,043873217	-0,048720863
41801	122,88672	-21,849609	-21,863611	-0,18083453	-5,3551048e-05	-0,044898927	-0,049616452
41801	123,38672	-22,349609	-22,351528	-0,18381178	-0,00010786485	-0,045909461	-0,050658651
41801	123,88672	-22,849609	-22,913681	-0,18718541	2,3087487e-06	-0,047037631	-0,05191106
41801	124,38672	-23,349609	-23,318308	-0,18957257	-6,1874278e-05	-0,048011549	-0,052706439
41801	124,88672	-23,849609	-23,839848	-0,19337237	-1,9274652e-05	-0,04905086	-0,05377033
41801	125,38672	-24,349609	-24,324703	-0,19664764	-8,8103581e-05	-0,050184377	-0,054824062
41801	125,88672	-24,849609	-24,891157	-0,20041168	-6,1797909e-05	-0,051350143	-0,056078915
41801	126,38672	-25,349609	-25,271774	-0,2022773	-2,6730821e-05	-0,052189261	-0,057035666
41801	126,88672	-25,849609	-25,954491	-0,20711422	-9,6970238e-05	-0,053605817	-0,058193337
41801	127,38672	-26,349609	-26,38345	-0,20960271	-7,5650401e-05	-0,054623704	-0,059332009
41801	127,88672	-26,849609	-26,85227	-0,2124846	-0,00013911724	-0,055586118	-0,060232185
41801	128,38672	-27,349609	-27,365091	-0,21570027	-0,00011874503	-0,056725197	-0,061382201
41801	128,88672	-27,849609	-27,880291	-0,21854639	-6,0602091e-05	-0,057910919	-0,062526554
41801	129,38672	-28,349609	-28,380159	-0,22257566	-0,00012435857	-0,058843981	-0,06351994
41801	129,88672	-28,849609	-28,884176	-0,22508204	-1,0435469e-05	-0,060081966	-0,064710796
41801	130,38672	-29,349609	-29,363031	-0,22895038	-0,00010387879	-0,061070498	-0,06565012
41801	130,88672	-29,849609	-29,944605	-0,23197532	-4,3666922e-05	-0,06233095	-0,066919476
41801	131,38672	-30,349609	-30,461353	-0,23530126	-0,00011255546	-0,063483603	-0,068087086
41801	131,88672	-30,849609	-30,934341	-0,23754835	-0,00011161063	-0,064531401	-0,069221079
41801	132,38672	-31,349609	-31,406811	-0,24138689	-2,7072616e-05	-0,06565626	-0,070407808
41801	132,88672	-31,849609	-31,864752	-0,24400949	-4,4764951e-05	-0,066616416	-0,071333811
41801	133,38672	-32,255077	-32,208599	-0,24532676	-4,8746355e-05	-0,067524448	-0,072136633
41801	133,88672	-31,755077	-31,833565	-0,24518073	-2,5548972e-05	-0,066921979	-0,071645983
41801	134,38672	-31,255077	-31,231985	-0,241521	-0,00017242832	-0,065826647	-0,070534833
41801	134,88672	-30,755077	-30,769531	-0,23927987	-5,9786253e-05	-0,065060191	-0,06976153
41801	135,38672	-30,255077	-30,270967	-0,23678541	-0,00011909707	-0,064127445	-0,068802424
41801	135,88672	-29,755077	-29,808992	-0,23493469	-4,2621046e-05	-0,063317969	-0,068025649
41801	136,38672	-29,255077	-29,207371	-0,23160279	-0,00010128459	-0,062231954	-0,066920392
41801	136,88672	-28,755077	-28,82691	-0,22950172	-0,00013921224	-0,061481111	-0,066197276
41801	137,38672	-28,255077	-28,320925	-0,22727549	-2,1992251e-05	-0,060595587	-0,065261722
41801	137,88672	-27,755077	-27,708918	-0,22378266	-7,2892755e-05	-0,059437431	-0,064083301
41801	138,38672	-27,255077	-27,280977	-0,22116005	-7,4094161e-05	-0,058578804	-0,063177787
41801	138,88672	-26,755077	-26,753319	-0,21846294	-2,4992973e-05	-0,057612028	-0,062332083
41801	139,38672	-26,255077	-26,262154	-0,21548569	-0,00015536416	-0,056531079	-0,061274201
41801	139,88672	-25,755077	-25,682989	-0,21227598	-4,9681403e-05	-0,055565476	-0,060307387
41801	140,38672	-25,255077	-25,213243	-0,2096355	-0,00011447258	-0,054611452	-0,059255768
41801	140,88672	-24,755077	-24,69602	-0,20756125	-3,312435e-05	-0,053597949	-0,058321349
41801	141,38672	-24,255077	-24,215153	-0,2037406	-8,1642531e-05	-0,052582249	-0,057373967
41801	141,88672	-23,755077	-23,818386	-0,2015084	-0,00013426924	-0,051795073	-0,056588184
41801	142,38672	-23,255077	-23,264593	-0,19909441	-2,7529895e-05	-0,050750073	-0,055738498
41801	142,88672	-22,755077	-22,745232	-0,19545257	-9,3224924e-05	-0,049633387	-0,054450192
41801	143,38672	-22,255077	-22,247759	-0,19257367	-7,2855502e-05	-0,048691355	-0,053500265
41801	143,88672	-21,755077	-21,737703	-0,19049942	-7,9019926e-05	-0,047663264	-0,052547898
41801	144,38672	-21,255077	-21,28702	-0,18786788	-6,082654e-05	-0,046686552	-0,051530264
41801	144,88672	-20,755077	-20,678177	-0,18323958	-0,00010029273	-0,045544874	-0,050461609
41801	145,38672	-20,255077	-20,151499	-0,18049181	-0,00013084756	-0,044417832	-0,049444027
41801	145,88672	-19,755077	-19,71162	-0,17751455	-4,4758432e-05	-0,043499235	-0,048599906
41801	146,38672	-19,255077	-19,159861	-0,17410219	-8,6555257e-05	-0,042413563	-0,047420204
41801	146,88672	-18,755077	-18,707376	-0,17110109	-1,7007813e-05	-0,041377477	-0,04640108
41801	147,38672	-18,255077	-18,239229	-0,16821623	-0,00011144206	-0,040445194	-0,045581479
41801	147,88672	-17,755077	-17,843487	-0,16570091	-0,00017139828	-0,039644137	-0,044686709
41801	148,38672	-17,255077	-17,252039	-0,16272664	-1,6080216e-05	-0,038431488	-0,043446716
41801	148,88672	-16,755077	-16,730057	-0,15869737	-7,7428296e-05	-0,037330661	-0,04251489
41801	149,38672	-16,255077	-16,266939	-0,15649796	-8,7971799e-05	-0,03635025	-0,041535553
41801	149,88672	-15,755077	-15,757933	-0,15198588	-0,00013003545	-0,035272837	-0,040419143
41801	150,38672	-15,255077	-15,191421	-0,14907718	-9,197183e-05	-0,034150608	-0,039298307
41801	150,88672	-14,755077	-14,638864	-0,14412403	-7,7176839e-05	-0,032980941	-0,038250469
41801	151,38672	-14,255077	-14,211503	-0,14157891	-0,00013219519	-0,032024648	-0,037281666
41801	151,88672	-13,755077	-13,705143	-0,13855398	-1,849141e-05	-0,030995773	-0,036299802
41801	152,38672	-13,255077	-13,269895	-0,13513267	-9,3444716e-05	-0,030009845	-0,035282772
41801	152,88672	-12,755077	-12,769428	-0,13223886	-5,1906332e-05	-0,028945688	-0,034207627
41801	153,38672	-12,255077	-12,209872	-0,12890399	-5,4529868e-05	-0,027724598	-0,033156317
41801	153,88672	-11,755077	-11,760735	-0,1252383	-0,00010882597	-0,026700871	-0,032188419
41801	154,38672	-11,255077	-11,247991	-0,12146533	-8,9379027e-05	-0,025638958	-0,031111734
41801	154,88672	-10,755077	-10,731446	-0,11768341	-8,278992e-05	-0,024558667	-0,030001525
41801	155,38672	-10,255077	-10,272689	-0,11432171	-0,00015311781	-0,023493025	-0,029038103
41801	155,88672	-9,7550774	-9,6726027	-0,10894537	-6,1175786e-05	-0,022227563	-0,027836649
41801	156,38672	-9,2550774	-9,2560501	-0,10563135	-0,00013981387	-0,021291967	-0,026847323
41801	156,88672	-8,7550774	-8,6647453	-0,10195971	-6,6604465e-05	-0,019971641	-0,025560131
41801	157,38672	-8,2550774	-8,2303228	-0,098907948	-9,9945348e-05	-0,01898719	-0,024775147
41801	157,88672	-7,7550774	-7,7035017	-0,09469986	-0,00012778444	-0,01782497	-0,02346639
41801	158,38672	-7,2550774	-7,20579	-0,090166926	-9,9588186e-05	-0,016686559	-0,022473203
41801	158,88672	-6,7550774	-6,7641177	-0,086450577	-0,00015953835	-0,015662782	-0,021504544
41801	159,38672	-6,2550774	-6,2826071	-0,082007051	-0,00013353117	-0,014593009	-0,020379078
41801	159,88672	-5,7550774	-5,8136883	-0,078266859	-0,00017865095	-0,013415352	-0,019446773
41801	160,38672	-5,2550774	-5,4095497	-0,074580312	-0,00010666903	-0,012578673	-0,018504599
41801	160,88672	-4,7550774	-5,0941372	-0,071677566	-0,00012732856	-0,011798341	-0,017846974
41801	161,38672	-4,2550774	-4,2222719	-0,064203143	-7,6538883e-05	-0,0098512927	-0,016020237
41801	161,88672	-3,7550774	-3,7293379	-0,059086084	-0,00010364456	-0,0088270344	-0,014771728
41801	162,38672	-3,2550774	-3,2023137	-0,05453825	-0,00013207598	-0,0076103061	-0,013615753
41801	162,88672	-2,7550774	-2,7565007	-0,04850626	-7,1089715e-05	-0,0066414792	-0,012526543
41801	163,38672	-2,2550774	-2,2887998	-0,044193864	-0,0001428877	-0,0056909081	-0,011306116
41801	163,88672	-1,7550774	-1,7924533	-0,038030744	-8,4797852e-05	-0,0049081855	-0,0099694524
41801	164,38672	-1,2550774	-1,2545903	-0,029298663	-5,6859106e-05	-0,0043872911	-0,0080138147
41801	164,88672	-1	-0,96327436	-0,022038817	-0,00010137446	-0,0042278599	-0,0063313032
41801	165,38672	-1	-0,90557337	-0,021007657	-0,00010962412	-0,0042024571	-0,0062016165
41801	165,88672	-1	-0,9456389	-0,020840764	-7,0061535e-05	-0,0041358341	-0,0061232932
41801	166,38672	-1	-0,9636935	-0,021234155	-0,0001753429	-0,0040490292	-0,0061476696
41801	166,88672	-1	-0,91850013	-0,020343065	-8,8270288e-05	-0,0040163975	-0,0060467902
41801	167,38672	-1	-0,94049984	-0,020542741	-0,00010594493	-0,004036732	-0,0060107899
41801	167,88672	-1	-0,92128849	-0,020346045	-7,5358897e-05	-0,0039478	-0,0058437185
41801	168,38672	-1	-0,93579853	-0,020468235	-0,000142131	-0,0038239732	-0,0057760449
41801	168,88672	-1	-0,9412691	-0,021070242	-0,00012741936	-0,0038792454	-0,0057249703
41801	169,38672	-1	-0,90665746	-0,020062923	-6,5514818e-05	-0,0037541911	-0,0056928075
41801	169,88672	-1	-0,99374914	-0,02104044	-0,00014324393	-0,0038935952	-0,0058817002
41801	170,38672	-1	-0,9996742	-0,021401048	-8,9023728e-05	-0,0037297811	-0,0060219653
41801	170,88672	-1	-1,0149479	-0,021213293	-2,722349e-05	-0,0037295111	-0,0059634033
41801	171,38672	-1	-1,0433756	-0,020909309	-0,00014239922	-0,0037120786	-0,0059651318
41801	171,88672	-1	-0,94865078	-0,020000339	-0,00012114551	-0,0036267154	-0,0057128854
41801	172,38672	-1	-0,92799962	-0,020289421	-8,6216256e-05	-0,0035386141	-0,0056308247
41801	172,88672	-1	-0,93862784	-0,020503998	-9,4338786e-05	-0,0037313793	-0,0056189336
41801	173,38672	-1	-0,95427966	-0,020539761	-6,8326481e-05	-0,0036199149	-0,0056623127
41801	173,88672	-1	-0,98915583	-0,019299984	-0,00014087604	-0,0035375319	-0,0056898599
41801	174,38672	-1	-0,99506789	-0,020557642	-0,00013534585	-0,0036181752	-0,005828199
41801	174,88672	-1	-0,98957491	-0,022408366	-4,9423426e-05	-0,0035012607	-0,0058383574
41801	175,38672	-1	-1,0136292	-0,02027154	-0,00012512552	-0,0035409853	-0,00567031
41801	175,88672	-1	-0,92745388	-0,019654632	-1,6247854e-05	-0,0034198221	-0,0054727197
41801	176,38672	-1	-0,95215625	-0,019744039	-0,00010035979	-0,0035398249	-0,0055936575
41801	176,88672	-1	-0,96910071	-0,020089746	-4,6666712e-05	-0,0034640003	-0,0054314448
41801	177,38672	-1	-0,98083353	-0,019466877	-5,9654005e-05	-0,0034318455	-0,0055499859
41801	177,88672	-1	-0,99284577	-0,018948317	-0,0001504533	-0,0033832155	-0,0055265496
41801	178,38672	-1	-0,95828807	-0,019162893	-5,5715442e-05	-0,0034514274	-0,0054674149
41801	178,88672	-1	-1,024574	-0,020709634	-6,7503192e-05	-0,0033976957	-0,0055856858
41801	179,38672	-1	-0,99749494	-0,01988709	-8,1703067e-05	-0,0033771824	-0,005480906
41801	179,88672	-1	-1,0487921	-0,020828843	-7,9081394e-05	-0,0033944882	-0,0057496396
41801	180,38672	-1	-1,0070335	-0,019389391	-0,00010749185	-0,003255859	-0,0055054794
41801	180,88672	-1	-0,96596032	-0,020065904	-2,7535483e-05	-0,0033715684	-0,0053655105
41801	181,38672	-1	-0,95993465	-0,019606948	-5,7472847e-05	-0,0032748487	-0,0053370572
41801	181,88672	-1	-0,98505986	-0,019645691	-8,6547807e-05	-0,0032447353	-0,0054235789
41801	182,38672	-1	-0,99503434	-0,019845366	-7,6136552e-05	-0,0032440275	-0,005414925
41801	182,88672	-1	-1,0142959	-0,020372868	-0,00013600942	-0,0031925999	-0,0053610802
41801	183,38672	-1	-0,96569771	-0,020378828	-6,0455874e-05	-0,0032141712	-0,005318644
41801	183,88672	-1	-0,96086413	-0,019773841	-6,5563247e-05	-0,0032386407	-0,0051861093
41801	184,38672	-1	-0,99908936	-0,01950264	-7,6722354e-05	-0,0032187048	-0,0053833621
41801	184,88672	-1	-0,99866092	-0,0197649	-8,9118257e-06	-0,0031955056	-0,00523117
41801	185,38672	-1	-1,0411367	-0,02002418	-0,00016880548	-0,0032602176	-0,0053247991
41801	185,88672	-1	-1,0198001	-0,020349026	1,2069941e-06	-0,0031798165	-0,0054391427
41801	186,38672	-1	-1,0348186	-0,019952655	-0,00011231471	-0,0031959713	-0,0053697964
41801	186,88672	-1	-1,0120571	-0,019708276	-8,24444e-05	-0,0031383764	-0,0052858316
41801	187,38672	-1	-0,97943282	-0,018110871	-5,1204115e-05	-0,003164731	-0,0051423823
41801	187,88672	-1	-1,0207574	-0,018030405	-0,0001468244	-0,0031971633	-0,0051401076
41801	188,38672	-1	-1,0323412	-0,019952655	-0,00010161754	-0,0031444672	-0,0054548164
41801	188,88672	-1	-1,049906	-0,020620227	-0,00018338393	-0,0031622723	-0,0052827355
41801	189,38672	-1	-1,0326766	-0,01962781	-7,965602e-05	-0,0031315181	-0,005357198
41801	189,88672	-1	-1,0462049	-0,019648671	-5,2169897e-05	-0,0031229854	-0,0053881533
41801	190,38672	-1	-1,0304097	-0,02079308	-5,3167343e-05	-0,0031156279	-0,0051211962
41801	190,88672	-1	-1,0101311	-0,01911819	-7,1448274e-05	-0,0031149741	-0,0052351994
41801	191,38672	-1	-1,0237713	-0,01963973	-7,4378215e-05	-0,0030326582	-0,0052062897
41801	191,88672	-1	-0,9944402	-0,019523501	-6,6717155e-05	-0,0030544791	-0,0051723295
41801	192,38672	-1	-0,95074439	-0,019052625	-0,00011467887	-0,0030774605	-0,0050000246
41801	192,88672	-1	-1,0152645	-0,020563602	-8,0618076e-05	-0,003083976	-0,0050271885
41801	193,38672	-1	-0,97604841	-0,01860857	-7,1422197e-05	-0,0030022766	-0,0050625419
41801	193,88672	-1	-1,0254942	-0,019341707	-0,00013420871	-0,0030048341	-0,0051153209
41801	194,38672	-1	-0,99726391	-0,019454956	-2,5982969e-05	-0,0030437913	-0,0051585892
41801	194,88672	-1,2373047	-1,1286176	-0,021454692	-0,00013558986	-0,0030246582	-0,0055448059
41801	195,38672	-1,7373047	-1,7298777	-0,030612946	-6,1337836e-05	-0,0033163317	-0,0076036821
41801	195,88672	-2,2373047	-2,2539682	-0,035589933	-1,3891608e-05	-0,0039405301	-0,0089350622
41801	196,38672	-2,7373047	-2,4588778	-0,037661195	-0,0001622038	-0,0042404514	-0,0093775745
41801	196,88672	-3,2373047	-3,1775777	-0,045353174	-7,6603144e-05	-0,0055109598	-0,010793364
41801	197,38672	-3,7373047	-3,8237627	-0,05055964	-0,00011727121	-0,006751664	-0,012124522
41801	197,88672	-4,2373047	-4,2887964	-0,055971742	-0,00010299729	-0,007739814	-0,013087453
41801	198,38672	-4,7373047	-4,7404022	-0,059825182	-2,3391098e-05	-0,008649664	-0,014022896
41801	198,88672	-5,2373047	-5,2142458	-0,064024329	-8,8387635e-05	-0,0095924949	-0,014952
41801	199,38672	-5,7373047	-5,6313219	-0,066095591	-4,3650158e-05	-0,010545721	-0,015850449
41801	199,88672	-6,2373047	-6,381577	-0,073245168	-0,00012553437	-0,012039592	-0,017045325
41801	200,38672	-6,7373047	-6,8551974	-0,077360868	-0,00011031004	-0,013136129	-0,01814034
41801	200,88672	-7,2373047	-7,3951168	-0,080871582	-0,00012750831	-0,014274776	-0,019180829
41801	201,38672	-7,7373047	-7,8778229	-0,085088611	-7,1430579e-05	-0,015340163	-0,02017615
41801	201,88672	-8,2373047	-8,2921438	-0,088971853	-5,2912161e-05	-0,016234539	-0,021041377
41801	202,38672	-8,7373047	-8,7923784	-0,091385841	-6,5054744e-05	-0,017362112	-0,021997346
41801	202,88672	-9,2373047	-9,2326775	-0,095611811	-7,7777542e-05	-0,018255685	-0,023002358
41801	203,38672	-9,7373047	-9,8088779	-0,099855661	-0,00014231401	-0,019382438	-0,024130097
41801	203,88672	-10,237305	-10,274839	-0,10355115	-4,35533e-05	-0,020467177	-0,025066203
41801	204,38672	-10,737305	-10,853708	-0,10751188	-0,00014418503	-0,021661019	-0,026132397
41801	204,88672	-11,237305	-11,266217	-0,10997653	-5,6456774e-06	-0,022545343	-0,027094427
41801	205,38672	-11,737305	-11,774564	-0,11398792	-9,088777e-06	-0,023661237	-0,028233154
41801	205,88672	-12,237305	-12,240519	-0,11632442	-0,00011913432	-0,024676371	-0,02919537
41801	206,38672	-12,737305	-12,75052	-0,11977851	-2,0156614e-05	-0,025646366	-0,030181469
41801	206,88672	-13,237305	-13,209575	-0,12346208	-0,00010790303	-0,026674705	-0,031141067
41801	207,38672	-13,737305	-13,696564	-0,1270771	-5,4342672e-06	-0,027799904	-0,032411505
41801	207,88672	-14,237305	-14,258983	-0,13034344	-0,00010597473	-0,02884564	-0,033282883
41801	208,38672	-14,737305	-14,70624	-0,13456345	-1,4249235e-07	-0,029886648	-0,034291055
41801	208,88672	-15,237305	-15,186235	-0,13750196	-0,00014963048	-0,030981313	-0,03532235
41801	209,38672	-15,737305	-15,656789	-0,14074743	-0,0001055547	-0,031980857	-0,036229622
41801	209,88672	-16,237305	-16,16378	-0,14483929	-0,00011409447	-0,03305437	-0,037424099
41801	210,38672	-16,737305	-16,841776	-0,14769733	-0,00013356004	-0,034398668	-0,038733292
41801	210,88672	-17,237305	-17,220587	-0,15116632	-3,6368147e-05	-0,035313435	-0,03961999
41801	211,38672	-17,737305	-17,77792	-0,15459359	-0,00017231889	-0,036533594	-0,040818661
41801	211,88672	-18,237305	-18,246214	-0,15845895	-6,3027255e-05	-0,037603825	-0,04176107
41801	212,38672	-18,737305	-18,732855	-0,1616478	-0,00012103701	-0,038697515	-0,042854387
41801	212,88672	-19,237305	-19,241852	-0,16395152	-8,0148689e-05	-0,039666966	-0,043855928
41801	213,38672	-19,737305	-19,75528	-0,16801059	-0,00010563247	-0,04077933	-0,044966042
41801	213,88672	-20,237305	-20,237051	-0,17046928	-0,0001584948	-0,041746624	-0,045946877
41801	214,38672	-20,737305	-20,716843	-0,17493665	-8,3841383e-05	-0,042964645	-0,047191251
41801	214,88672	-21,237305	-21,293123	-0,17846525	-0,00014291517	-0,04402025	-0,048258629
41801	215,38672	-21,737305	-21,691782	-0,18024147	-3,9337203e-05	-0,045011889	-0,049178068
41801	215,88672	-22,237305	-22,252083	-0,18416643	-9,7340439e-05	-0,046003491	-0,050376069
41801	216,38672	-22,737305	-22,740757	-0,18796921	-5,6979246e-05	-0,047252283	-0,051489927
41801	216,88672	-23,237305	-23,281435	-0,19129515	-0,00010830862	-0,048502669	-0,052522488
41801	217,38672	-23,737305	-23,845572	-0,19410849	1,1817552e-05	-0,049633458	-0,053764895
41801	217,88672	-24,237305	-24,301146	-0,19783974	-9,0535264e-05	-0,050687533	-0,054780658
41801	218,38672	-24,737305	-24,571693	-0,19886792	-8,0872327e-05	-0,051298913	-0,055482343
41801	218,88672	-25,237305	-25,131861	-0,20298362	-7,3751435e-05	-0,052523717	-0,056510475
41801	219,38672	-25,737305	-25,738344	-0,20751655	-2,8910115e-05	-0,053805385	-0,05786949
41801	219,88672	-26,237305	-26,3039	-0,20956099	-0,0001106225	-0,055042833	-0,059082665
41801	220,38672	-26,737305	-26,755423	-0,21372139	-7,5129792e-06	-0,056051858	-0,06002209
41801	220,88672	-27,237305	-27,269836	-0,21639168	-0,00013066689	-0,057148948	-0,061105464
41801	221,38672	-27,737305	-27,825344	-0,22053421	-7,3404051e-05	-0,058337521	-0,062361982
41801	221,88672	-28,237305	-28,320196	-0,22260249	-0,00016134139	-0,059420772	-0,063394912
41801	222,38672	-28,737305	-28,7512	-0,22544265	-7,6493248e-05	-0,060505509	-0,064411059
41801	222,88672	-29,237305	-29,245123	-0,22874177	-0,00013458682	-0,061488174	-0,065362699
41801	223,38672	-29,737305	-29,868166	-0,23283064	-2,9396266e-05	-0,062897906	-0,066743508
41801	223,88672	-30,237305	-30,32617	-0,23613572	-0,00010278029	-0,063971564	-0,067820989
41801	224,38672	-30,737305	-30,780613	-0,23917556	-9,5351133e-05	-0,064919814	-0,068826161
41801	224,88672	-31,237305	-31,297773	-0,24276972	-0,00016114535	-0,066011764	-0,070021339
41801	225,38672	-31,737305	-31,80237	-0,24522841	-0,00016532931	-0,067232266	-0,071091205
41801	225,88672	-32,237305	-32,256577	-0,2494067	-6,3407235e-05	-0,0681642	-0,072072357
41801	226,38672	-32,299999	-32,368282	-0,24955273	-0,00017014518	-0,068581581	-0,072551295
41801	226,88672	-32,299999	-32,270954	-0,24964809	1,8095598e-06	-0,068497643	-0,07254301
41801	227,38672	-32,299999	-32,384048	-0,24968684	-0,00011397479	-0,068792179	-0,072665356
41801	227,88672	-32,299999	-32,329082	-0,24928451	-8,6562708e-05	-0,068853252	-0,072814964
41801	228,38672	-32,299999	-32,390686	-0,2512455	-0,00011326466	-0,069069616	-0,073019192
41801	228,88672	-32,299999	-32,318653	-0,2507329	-7,3784031e-05	-0,068973273	-0,073053934
41801	229,38672	-32,299999	-32,266972	-0,25056601	-6,3964166e-05	-0,068962052	-0,073013663
41801	229,88672	-32,299999	-32,348354	-0,25132298	-0,00015853252	-0,069188029	-0,073095895
41801	230,38672	-32,299999	-32,32777	-0,25184155	-4,4676475e-05	-0,06937553	-0,073346168
41801	230,88672	-32,299999	-32,241241	-0,25086701	-7,6048076e-05	-0,069231838	-0,073091298
41801	231,38672	-32,299999	-32,316059	-0,25289953	-4,372187e-05	-0,069438249	-0,073421396
41801	231,88672	-32,299999	-32,373165	-0,25202334	-0,00012046797	-0,069646344	-0,073693514
41801	232,38672	-32,299999	-32,282185	-0,25133193	-0,00010106107	-0,069485776	-0,073517106
41801	232,88672	-32,299999	-32,328751	-0,25194585	-0,00015488826	-0,069620438	-0,073622659
41801	233,38672	-32,299999	-32,37405	-0,25295317	-5,8406964e-05	-0,069821097	-0,0737537
41801	233,88672	-32,299999	-32,356541	-0,25204718	-0,00012854114	-0,069796115	-0,073820911
41801	234,38672	-32,299999	-32,32655	-0,25267899	-6,4355321e-05	-0,069919869	-0,073903307
41801	234,88672	-32,299999	-32,335777	-0,25215447	-0,00010424852	-0,069957972	-0,073897198
41801	235,38672	-32,299999	-32,36124	-0,25289953	-0,00014628656	-0,070039652	-0,074020199
41801	235,88672	-32,299999	-32,25634	-0,25247037	-0,0001939158	-0,069869518	-0,073904127
41801	236,38672	-32,299999	-32,260281	-0,25338233	-0,00017390773	-0,070037812	-0,073898137
41801	236,88672	-32,299999	-32,273785	-0,25315583	-0,00012192875	-0,070055395	-0,074009947
41801	237,38672	-32,299999	-32,325226	-0,25394857	-0,00012678653	-0,07020852	-0,074173547
41801	237,88672	-32,299999	-32,344643	-0,25424659	-0,00014799228	-0,070255533	-0,074247867
41801	238,38672	-32,299999	-32,237705	-0,25382936	-4,9096532e-05	-0,070213564	-0,074137785
41801	238,88672	-32,299999	-32,267513	-0,25404096	-0,00015271455	-0,07018055	-0,074119359
41801	239,38672	-32,299999	-32,271015	-0,25479496	-8,7998807e-05	-0,070331819	-0,074357323
41801	239,88672	-32,299999	-32,328922	-0,25389791	-0,00024782959	-0,070496559	-0,074454732
41801	240,38672	-32,299999	-32,312595	-0,2543807	-0,00010320498	-0,070482537	-0,074477032
41801	240,88672	-32,299999	-32,343979	-0,25445521	-0,00021271873	-0,070557095	-0,074614473
41801	241,38672	-32,299999	-32,299404	-0,2541393	-0,00011119619	-0,070605114	-0,074556641
41801	241,88672	-32,299999	-32,284023	-0,25441349	-0,00015335204	-0,070535198	-0,074626654
41801	242,38672	-32,299999	-32,268448	-0,25469363	-0,00010668486	-0,07064613	-0,074627638
41801	242,88672	-32,299999	-32,311333	-0,25391877	-6,7788176e-05	-0,070709512	-0,074584581
41801	243,38672	-32,299999	-32,330055	-0,2548039	-0,00012238603	-0,070929796	-0,074833058
41801	243,88672	-32,299999	-32,341454	-0,25472045	-8,3751976e-05	-0,070920341	-0,07497254
41801	244,38672	-32,299999	-32,312656	-0,25444925	-0,00013711536	-0,07084094	-0,074825414
41801	244,88672	-32,299999	-32,376766	-0,25621057	-0,00011117384	-0,071079656	-0,075003862
41801	245,38672	-32,299999	-32,315132	-0,25458038	-7,7843666e-05	-0,071093895	-0,074964724
41801	245,88672	-32,299999	-32,302517	-0,25562048	-7,0922077e-05	-0,071057051	-0,075003229
41801	246,38672	-32,299999	-32,301369	-0,25575459	-0,00011765258	-0,071070001	-0,075006209
41801	246,88672	-32,299999	-32,163368	-0,25463998	-9,0581365e-05	-0,070900738	-0,074772678
41801	247,38672	-32,299999	-32,294521	-0,25585294	-0,00013981061	-0,071154401	-0,075042441
41801	247,88672	-32,299999	-32,251213	-0,25535822	-8,172635e-05	-0,071132287	-0,075108148
41801	248,38672	-32,299999	-32,274467	-0,25533438	-0,00014562625	-0,071158126	-0,075045995
41801	248,88672	-32,299999	-32,31641	-0,25606751	-6,0076825e-05	-0,071297802	-0,075241491
41801	249,38672	-32,299999	-32,345692	-0,25660992	-0,00018041208	-0,071360208	-0,075259387
41801	249,88672	-32,299999	-32,275852	-0,25626123	-6,2556006e-05	-0,071337312	-0,075229973
41801	250,38672	-32,299999	-32,369659	-0,25723577	-0,00011244742	-0,071461216	-0,075361535
41801	250,88672	-32,299999	-32,257854	-0,25552511	-1,9179657e-05	-0,071316086	-0,075429842
41801	251,38672	-32,299999	-32,324146	-0,25556386	-0,00010482827	-0,071464002	-0,075340465
41801	251,88672	-32,299999	-32,243389	-0,25556386	-2,0631589e-05	-0,071366183	-0,075298056
41801	252,38672	-32,299999	-32,24855	-0,25596917	-6,5078959e-05	-0,071417011	-0,075266473
41801	252,88672	-32,299999	-32,272961	-0,25689602	-3,9711595e-05	-0,071453117	-0,075361826
41801	253,38672	-32,299999	-32,29554	-0,25741756	-0,00013430463	-0,071534321	-0,075491272
41801	253,88672	-32,299999	-32,297585	-0,25728643	-3,9626844e-05	-0,071600355	-0,075468689
41801	254,38672	-32,299999	-32,300552	-0,25772154	-0,00012868224	-0,071584642	-0,075581729
41801	254,88672	-32,299999	-32,285172	-0,25655627	-3,0770898e-06	-0,071710117	-0,075606868
41801	255,38672	-32,299999	-32,381847	-0,25694966	-8,3272345e-05	-0,071887448	-0,075723812
41801	255,88672	-32,299999	-32,285664	-0,25829375	-8,9481939e-05	-0,071751401	-0,075681321
41801	256,38672	-30,151562	-30,27198	-0,24662912	-0,00015882356	-0,067967102	-0,071938701
41801	256,88672	-27,651562	-27,677109	-0,23168921	-3,622286e-05	-0,062989309	-0,066832721
41801	257,38672	-25,151562	-25,1434	-0,21811128	-0,0001157634	-0,057970151	-0,061999351
41801	257,88672	-22,651562	-22,566582	-0,20264387	-7,5181946e-05	-0,052867681	-0,056891371
41801	258,38672	-20,151562	-20,114622	-0,188604	-0,0001060334	-0,047817595	-0,052115407
41801	258,88672	-17,651562	-17,609459	-0,17279685	-2,628658e-05	-0,042669367	-0,047121268
41801	259,38672	-15,151562	-15,150647	-0,1557678	-9,7604934e-05	-0,037466694	-0,041922756
41801	259,88672	-12,651562	-12,658356	-0,13943911	-7,4109994e-05	-0,032094073	-0,036745131
41801	260,38672	-10,151562	-10,148956	-0,12144744	-8,509215e-05	-0,026656188	-0,031420752
41801	260,88672	-7,6515617	-7,6696405	-0,10125637	-8,9026522e-05	-0,021038424	-0,026114332
41801	261,38672	-5,1515617	-5,1302052	-0,08122921	-8,9534558e-05	-0,015208239	-0,020728471
41801	261,88672	-2,6515617	-3,67558	-0,066354871	-8,7901484e-05	-0,011579082	-0,017085565
41801	262,38672	-1	-1,0489393	-0,033581257	-0,00011973828	-0,0069298465	-0,010062071
41801	262,88672	-1	-0,69984049	-0,025764108	-0,00012573646	-0,0064944997	-0,0078947013
41801	263,38672	-1	-0,58774281	-0,021746755	-8,1249513e-05	-0,0062343348	-0,0069429521
41801	263,88672	-1	-0,68866277	-0,022599101	-0,00017089024	-0,0060846582	-0,0071581653
41801	264,38672	-1	-0,76087749	-0,023660064	-0,00011408702	-0,0059481896	-0,0073332437
41801	264,88672	-1	-0,84394217	-0,024917722	-0,00011207163	-0,0058657844	-0,0074963016
41801	265,38672	-1	-0,87246859	-0,024396181	-0,00013956474	-0,0057818349	-0,0074988818
41801	265,88672	-1	-0,87229538	-0,024908781	-7,8591518e-05	-0,0056362711	-0,00749595
41801	266,38672	-1	-0,89174324	-0,024929643	-4,6385452e-05	-0,0056090243	-0,007324615
41801	266,88672	-1	-0,84739178	-0,023663044	-0,00013130298	-0,0055900421	-0,0072369659
41801	267,38672	-1	-0,95881152	-0,02438426	-0,00014178548	-0,0054478124	-0,0073559638
41801	267,88672	-1	-0,95729899	-0,026148558	-4,4891611e-05	-0,0054372419	-0,0075722081
41801	268,38672	-1	-0,9862017	-0,025296211	-0,00012644939	-0,0054257382	-0,0074712643
41801	268,88672	-1	-0,92032367	-0,02501905	-2,3384579e-05	-0,0052863248	-0,0072695431
41801	269,38672	-1	-0,96821225	-0,025945902	-0,00012175739	-0,0052572582	-0,0074408324
41801	269,88672	-1	-0,96120125	-0,025296211	-7,101614e-05	-0,0051623061	-0,0073559284
41801	270,38672	-1	-1,0242034	-0,026074052	-8,9392066e-05	-0,0051378384	-0,0075702416
41801	270,88672	-1	-1,0211151	-0,026297569	-6,1289407e-05	-0,0050767083	-0,00762511
41801	271,38672	-1	-1,024209	-0,026842952	-9,1511291e-05	-0,0051197596	-0,0075482838
41801	271,88672	-1	-0,95668805	-0,025293231	-0,0001235716	-0,0050131697	-0,0072834739
41801	272,38672	-1	-0,95518863	-0,02463758	-8,1030652e-05	-0,0050523281	-0,0072012786
41801	272,88672	-1	-0,96005762	-0,026071072	-0,000108629	-0,0048803147	-0,0071383826
41801	273,38672	-1	-0,97187793	-0,025346875	-0,00011068163	-0,0049612243	-0,007125977
41801	273,88672	-1	-0,98667669	-0,026240945	-1,4985912e-05	-0,0048964154	-0,007294219
41801	274,38672	-1	-1,0436773	-0,025591254	-0,00010862201	-0,0048307069	-0,0072876122
41801	274,88672	-1	-0,94709921	-0,025770068	-0,00010818802	-0,0047834814	-0,0070960885
41801	275,38672	-1	-1,0391195	-0,025936961	-0,00013675215	-0,0047452282	-0,0072920676
41801	275,88672	-1	-0,99494869	-0,026780367	-5,1478855e-05	-0,0046936069	-0,007095519
41801	276,38672	-1	-1,0021255	-0,024712086	-9,0339221e-05	-0,0046543144	-0,0071377452
41801	276,88672	-1	-0,9348765	-0,024953485	-3,6316924e-05	-0,0045846943	-0,0069869361
41801	277,38672	0	0,033563003	3,3159792	-9,3440991e-05	-0,004946664	-0,0021672721

Datenerfassung						Zeit:	277,55371	s	11.06.2014 14:37:57
Ch 1 Kraft	Ch 1 Weg	1944 A	1944 B	1281068
kN	mm	mm	mm	mm
0,10233186	4,8291059	0,00010815915	0,00018141977	7,3268304e-05
-33,423695	-0,25857687	-0,00034716865	-0,47116229	-0,075900786
