Datum : 	15.05.2014
Durchmesser :	69,4
Datum	Laufzeit	Ch 1 Kraft Sollwert	Ch 1 Kraft	Ch 1 Weg	1944 A	1944 B	1281068
d	s	kN	kN	mm	mm	mm	mm
41778	95,015625	-1	-0,97320229	-0,074261427	-0,22532956	-0,083361372	-0,0101513
41778	95,515625	-1	-0,99395961	-0,073766708	-0,22528718	-0,083289921	-0,010230765
41778	96,015625	-1	-0,99615192	-0,074013323	-0,22535151	-0,08334095	-0,010184213
41778	96,515625	-1	-0,9784475	-0,074166805	-0,22529693	-0,083336353	-0,010099735
41778	97,015625	-1	-0,97374988	-0,07398352	-0,22527675	-0,083233684	-0,01014416
41778	97,515625	-1	-0,97707844	-0,073610991	-0,22530243	-0,083250746	-0,010152623
41778	98,015625	-1	-0,94255245	-0,073863566	-0,22522406	-0,083286032	-0,010027929
41778	98,515625	-1	-0,98646057	-0,073832273	-0,22535121	-0,083301276	-0,010135564
41778	99,015625	-1	-0,98209643	-0,073854625	-0,22527513	-0,083240241	-0,010084401
41778	99,515625	-1	-0,99397635	-0,073950738	-0,22536868	-0,083192274	-0,010156772
41778	100,01563	-1	-1,0233521	-0,074221939	-0,22540791	-0,083331957	-0,010247125
41778	100,51563	-1	-0,9983834	-0,074096769	-0,22535233	-0,083279803	-0,010083777
41778	101,01563	-1	-0,94943309	-0,07365942	-0,22526987	-0,083169512	-0,010006498
41778	101,51563	-1	-1,0151248	-0,074630976	-0,22536725	-0,083279662	-0,010082006
41778	102,01563	-1	-0,92303938	-0,073689222	-0,22511613	-0,083202876	-0,0099614626
41778	102,51563	-1	-0,9272024	-0,073217601	-0,22520635	-0,083210684	-0,0099695977
41778	103,01563	-1	-0,95640868	-0,073760748	-0,22523437	-0,083268754	-0,010090618
41778	103,51563	-1	-0,98149848	-0,074069202	-0,22524121	-0,083203286	-0,01013839
41778	104,01563	-1	-0,97898579	-0,074319541	-0,22528349	-0,083225742	-0,010137795
41778	104,51563	-1	-0,9772405	-0,074089319	-0,22534451	-0,083270803	-0,010236908
41778	105,01563	-1,8683593	-1,724707	-0,0071741641	-0,0016996711	-0,00072579086	-0,0017625218
41778	105,51563	-2,8183594	-2,7206614	-0,016704947	-0,0043705553	-0,0019605011	-0,0044331499
41778	106,01563	-3,7683594	-3,0425246	-0,020460039	-0,0053979903	-0,0024794899	-0,0052827019
41778	106,51563	-4,7183595	-4,769083	-0,035336614	-0,0096652061	-0,0052972361	-0,0099637229
41778	107,01563	-5,6683593	-5,6781955	-0,044327974	-0,012357652	-0,0070811547	-0,012660364
41778	107,51563	-6,6183591	-6,5946803	-0,053311884	-0,015560269	-0,0093642548	-0,015941879
41778	108,01563	-7,5683594	-7,6000204	-0,063993782	-0,019349203	-0,012213133	-0,020037074
41778	108,51563	-8,5183592	-8,6769781	-0,074310601	-0,023363069	-0,015260078	-0,024243785
41778	109,01563	-9,468359	-9,6962719	-0,084172934	-0,026944593	-0,018365733	-0,02806505
41778	109,51563	-10,418359	-10,599314	-0,093138963	-0,030142009	-0,021126784	-0,03161798
41778	110,01563	-11,36836	-11,53654	-0,1010552	-0,033282325	-0,023986518	-0,035143562
41778	110,51563	-12,318359	-12,441081	-0,10906979	-0,036233917	-0,026680805	-0,038445823
41778	111,01563	-13,268359	-13,460579	-0,11773109	-0,039399192	-0,029700153	-0,042154979
41778	111,51563	-14,218359	-14,546607	-0,12658536	-0,042693198	-0,032672621	-0,045624636
41778	112,01563	-15,168359	-15,351435	-0,13353303	-0,045382559	-0,035271309	-0,0486302
41778	112,51563	-16,118359	-16,202635	-0,14001057	-0,047971398	-0,037631303	-0,051390763
41778	113,01563	-17,068359	-17,186256	-0,14699548	-0,050550953	-0,04014118	-0,054298125
41778	113,51563	-18,018358	-18,12409	-0,15420094	-0,053297088	-0,042641848	-0,057265047
41778	114,01563	-18,968359	-18,952929	-0,1604028	-0,055724502	-0,044939861	-0,059933268
41778	114,51563	-19,91836	-20,081179	-0,16810372	-0,058659941	-0,047565423	-0,063002758
41778	115,01563	-20,868359	-20,955235	-0,1741007	-0,061016902	-0,049930565	-0,065589443
41778	115,51563	-21,818359	-21,87154	-0,18047541	-0,063482389	-0,052208364	-0,068344727
41778	116,01563	-22,768358	-22,817848	-0,18702522	-0,065951258	-0,05446776	-0,070939429
41778	116,51563	-23,718359	-23,815132	-0,19281209	-0,068345577	-0,05672209	-0,073550031
41778	117,01563	-24,66836	-24,699448	-0,19851252	-0,070585936	-0,058860064	-0,075921506
41778	117,51563	-25,618359	-25,66736	-0,20458996	-0,072984993	-0,061044589	-0,078446396
41778	118,01563	-26,568359	-26,603525	-0,21066964	-0,075238854	-0,063092321	-0,080876872
41778	118,51563	-27,518358	-27,620018	-0,2161026	-0,077488959	-0,065213978	-0,083311349
41778	119,01563	-28,468359	-28,440924	-0,22150427	-0,079554647	-0,067270949	-0,085535713
41778	119,51563	-29,41836	-29,396576	-0,2274394	-0,081713796	-0,069205947	-0,087866887
41778	120,01563	-30,368359	-30,394257	-0,23268014	-0,08388105	-0,07136821	-0,090246543
41778	120,51563	-31,318359	-31,332766	-0,23861304	-0,086034119	-0,073319003	-0,092624635
41778	121,01563	-32,26836	-32,323807	-0,24376735	-0,088133484	-0,075319856	-0,094873711
41778	121,51563	-33,218357	-33,305466	-0,24949312	-0,090295076	-0,077368394	-0,097129025
41778	122,01563	-34,168358	-34,155689	-0,25470331	-0,092210561	-0,07921356	-0,099235095
41778	122,51563	-35,118359	-35,128334	-0,26017278	-0,094262779	-0,081181124	-0,10146379
41778	123,01563	-36,068359	-36,018482	-0,26546866	-0,09616366	-0,082980812	-0,10341012
41778	123,51563	-37,01836	-37,104393	-0,27076975	-0,098337471	-0,085084096	-0,10580036
41778	124,01563	-37,968357	-37,996738	-0,27568787	-0,1002098	-0,086835191	-0,1079822
41778	124,51563	-38,918358	-38,780476	-0,28043017	-0,10201263	-0,088579074	-0,10987788
41778	125,01563	-39,868359	-39,875957	-0,2860494	-0,10413843	-0,090611756	-0,11217458
41778	125,51563	-40,818359	-40,718475	-0,29075965	-0,10606548	-0,092450097	-0,11432505
41778	126,01563	-41,76836	-41,778439	-0,29585809	-0,10808179	-0,09442386	-0,11655737
41778	126,51563	-42,718357	-42,647404	-0,30088425	-0,10991123	-0,096287787	-0,11868124
41778	127,01563	-43,668358	-43,693439	-0,30630231	-0,11192563	-0,098269939	-0,12093448
41778	127,51563	-44,618359	-44,500851	-0,31138062	-0,1138505	-0,10015219	-0,12303438
41778	128,01563	-45,568359	-45,552959	-0,31762496	-0,11592194	-0,10216506	-0,12562895
41778	128,51563	-46,51836	-46,524704	-0,32293797	-0,11796355	-0,10437515	-0,12787476
41778	129,01563	-47,468357	-47,434158	-0,32823682	-0,1199815	-0,10628255	-0,13036686
41778	129,51563	-47,325977	-47,449856	-0,33068806	-0,12085679	-0,10733983	-0,13156293
41778	130,01563	-46,825977	-46,776436	-0,32903105	-0,12067184	-0,10709897	-0,13143216
41778	130,51563	-46,325977	-46,36982	-0,3282167	-0,12039447	-0,1068655	-0,13130708
41778	131,01563	-45,825977	-45,735287	-0,32677725	-0,11999035	-0,10640188	-0,13083009
41778	131,51563	-45,325977	-45,235542	-0,32541081	-0,11954623	-0,10601893	-0,1303972
41778	132,01563	-44,825977	-44,711525	-0,32395422	-0,1191152	-0,10546602	-0,12992373
41778	132,51563	-44,325977	-44,16394	-0,32203496	-0,11859429	-0,1050345	-0,12954253
41778	133,01563	-43,825977	-43,670525	-0,32094866	-0,11807802	-0,10459873	-0,12889794
41778	133,51563	-43,325977	-43,269714	-0,31966642	-0,11772311	-0,10414906	-0,12853478
41778	134,01563	-42,825977	-42,721485	-0,31772181	-0,11726362	-0,10365802	-0,1279456
41778	134,51563	-42,325977	-42,182289	-0,31640902	-0,11665994	-0,10318157	-0,12749898
41778	135,01563	-41,825977	-41,712688	-0,31449199	-0,11623204	-0,1026904	-0,12687859
41778	135,51563	-41,325977	-41,278316	-0,31330064	-0,11575559	-0,10226224	-0,12656176
41778	136,01563	-40,825977	-40,852875	-0,31171739	-0,11531731	-0,10175882	-0,1259263
41778	136,51563	-40,325977	-40,30769	-0,31014383	-0,11475572	-0,10125603	-0,12535757
41778	137,01563	-39,825977	-39,896053	-0,30839965	-0,11426613	-0,10078913	-0,12491563
41778	137,51563	-39,325977	-39,451283	-0,30737519	-0,1138455	-0,10035598	-0,12444796
41778	138,01563	-38,825977	-38,916626	-0,30518696	-0,11326888	-0,099820435	-0,12393144
41778	138,51563	-38,325977	-38,394848	-0,30374154	-0,11271262	-0,099204689	-0,12329408
41778	139,01563	-37,825977	-37,823101	-0,30178875	-0,11207682	-0,098667622	-0,12272531
41778	139,51563	-37,325977	-37,412502	-0,3001973	-0,11157161	-0,098213598	-0,12216621
41778	140,01563	-36,825977	-36,8764	-0,29840618	-0,11106512	-0,097593576	-0,12160339
41778	140,51563	-36,325977	-36,312279	-0,29618368	-0,11041573	-0,096994132	-0,12082299
41778	141,01563	-35,825977	-35,812687	-0,29450655	-0,10979769	-0,096482456	-0,12042179
41778	141,51563	-35,325977	-35,347927	-0,29297695	-0,10932469	-0,095918119	-0,11966818
41778	142,01563	-34,825977	-34,84288	-0,29078051	-0,10870585	-0,095344424	-0,11910829
41778	142,51563	-34,325977	-34,334419	-0,28926283	-0,10809517	-0,094714552	-0,11846105
41778	143,01563	-33,825977	-33,756981	-0,28731003	-0,10741398	-0,094167396	-0,11770328
41778	143,51563	-33,325977	-33,22699	-0,2854377	-0,10677707	-0,093487099	-0,11711782
41778	144,01563	-32,825977	-32,82037	-0,28380081	-0,10619155	-0,092929646	-0,11659232
41778	144,51563	-32,325977	-32,314114	-0,28208196	-0,10558158	-0,092352733	-0,1159673
41778	145,01563	-31,825977	-31,795879	-0,28051957	-0,10497901	-0,091781586	-0,11521138
41778	145,51563	-31,325977	-31,249477	-0,27754679	-0,10428628	-0,09110111	-0,11451509
41778	146,01563	-30,825977	-30,793901	-0,27603507	-0,10368106	-0,090606138	-0,11393514
41778	146,51563	-30,325977	-30,301086	-0,27427599	-0,10307595	-0,089965299	-0,1133448
41778	147,01563	-29,825977	-29,759636	-0,27207136	-0,1023806	-0,089272633	-0,11246578
41778	147,51563	-29,325977	-29,276121	-0,27008876	-0,101735	-0,088634729	-0,11191537
41778	148,01563	-28,825977	-28,798552	-0,26847795	-0,10109347	-0,088012218	-0,11125929
41778	148,51563	-28,325977	-28,236456	-0,26600361	-0,10030141	-0,087326944	-0,11045409
41778	149,01563	-27,825977	-27,851984	-0,26439205	-0,099880427	-0,086752743	-0,10988884
41778	149,51563	-27,325977	-27,339668	-0,26223585	-0,099170893	-0,086146355	-0,10924989
41778	150,01563	-26,825977	-26,728813	-0,25997683	-0,098340511	-0,085377276	-0,10832549
41778	150,51563	-26,325977	-26,226818	-0,25764182	-0,097671568	-0,084672317	-0,10761754
41778	151,01563	-25,825977	-25,743191	-0,25540441	-0,096889615	-0,083965287	-0,10691923
41778	151,51563	-25,325977	-25,267015	-0,25343671	-0,096263736	-0,083327264	-0,10618177
41778	152,01563	-24,825977	-24,775337	-0,25076047	-0,095543712	-0,082603246	-0,10537276
41778	152,51563	-24,325977	-24,287731	-0,24912357	-0,09483552	-0,081926972	-0,10472803
41778	153,01563	-23,825977	-23,823	-0,2469644	-0,094099939	-0,081263036	-0,10404712
41778	153,51563	-23,325977	-23,22732	-0,24425685	-0,09329918	-0,080429405	-0,103151
41778	154,01563	-22,825977	-22,706797	-0,24194419	-0,092452049	-0,079678521	-0,10230714
41778	154,51563	-22,325977	-22,260929	-0,2398029	-0,091700107	-0,079005778	-0,10150675
41778	155,01563	-21,825977	-21,846846	-0,23756772	-0,091103613	-0,078353286	-0,10091724
41778	155,51563	-21,325977	-21,235268	-0,23492798	-0,090112835	-0,077398926	-0,099822648
41778	156,01563	-20,825977	-20,785957	-0,23257658	-0,089383185	-0,076681539	-0,099056534
41778	156,51563	-20,325977	-20,367952	-0,23047924	-0,088638425	-0,076026142	-0,098348796
41778	157,01563	-19,825977	-19,896023	-0,22826195	-0,087846518	-0,075293511	-0,097571954
41778	157,51563	-19,325977	-19,297403	-0,22493526	-0,086782187	-0,074252918	-0,096600212
41778	158,01563	-18,825977	-18,810987	-0,22257864	-0,086045057	-0,073526822	-0,095714994
41778	158,51563	-18,325977	-18,266615	-0,21935552	-0,085121751	-0,072508477	-0,094713852
41778	159,01563	-17,825977	-17,832996	-0,21734685	-0,084221333	-0,071767107	-0,093729824
41778	159,51563	-17,325977	-17,300228	-0,21419004	-0,083278805	-0,070815846	-0,092875794
41778	160,01563	-16,825977	-16,77948	-0,21127909	-0,082338661	-0,069963455	-0,091801338
41778	160,51563	-16,325977	-16,302155	-0,20875186	-0,081439406	-0,06911099	-0,090866588
41778	161,01563	-15,825977	-15,850175	-0,20589381	-0,080495656	-0,068124309	-0,089831412
41778	161,51563	-15,325977	-15,36605	-0,20302236	-0,079573095	-0,067240804	-0,088970318
41778	162,01563	-14,825977	-14,77772	-0,1996778	-0,078401178	-0,066132411	-0,087602094
41778	162,51563	-14,325977	-14,294474	-0,19683465	-0,077503473	-0,065164372	-0,086686812
41778	163,01563	-13,825977	-13,853131	-0,19394457	-0,076552868	-0,06426008	-0,085582316
41778	163,51563	-13,325977	-13,238176	-0,19056499	-0,075307131	-0,063015938	-0,084337518
41778	164,01563	-12,825977	-12,757256	-0,18671453	-0,074166805	-0,061907142	-0,083063297
41778	164,51563	-12,325977	-12,249393	-0,18367842	-0,073072106	-0,060704611	-0,08175464
41778	165,01563	-11,825977	-11,811437	-0,17997399	-0,072103888	-0,059726611	-0,080755703
41778	165,51563	-11,325977	-11,294138	-0,17693564	-0,070865005	-0,058536448	-0,079408623
41778	166,01563	-10,825977	-10,738909	-0,17304569	-0,069673538	-0,057220198	-0,078013889
41778	166,51563	-10,325977	-10,289317	-0,16880929	-0,068374157	-0,055980802	-0,076507002
41778	167,01563	-9,8259773	-9,84447	-0,16581267	-0,067216232	-0,054813705	-0,075370781
41778	167,51563	-9,3259773	-9,2565393	-0,16155019	-0,065695956	-0,053292766	-0,073611572
41778	168,01563	-8,8259773	-8,8484812	-0,15769005	-0,064430565	-0,052090824	-0,072233453
41778	168,51563	-8,3259773	-8,3353672	-0,15347525	-0,062993407	-0,050578378	-0,070630088
41778	169,01563	-7,8259773	-7,8140402	-0,14840364	-0,061411679	-0,049070194	-0,068920471
41778	169,51563	-7,3259773	-7,3596163	-0,14446601	-0,059962377	-0,047631033	-0,067269422
41778	170,01563	-6,8259773	-6,8269072	-0,13950765	-0,058110103	-0,045981757	-0,065350451
41778	170,51563	-6,3259773	-6,3742642	-0,13449118	-0,056520984	-0,044456869	-0,063528955
41778	171,01563	-5,8259773	-6,0285554	-0,12993813	-0,055117384	-0,04314138	-0,061950516
41778	171,51563	-5,3259773	-5,6485963	-0,12638718	-0,053825036	-0,042062983	-0,060511317
41778	172,01563	-4,8259773	-4,6923552	-0,1152724	-0,049936265	-0,038636133	-0,056333516
41778	172,51563	-4,3259773	-4,1600838	-0,10819957	-0,047328174	-0,036401138	-0,05335398
41778	173,01563	-3,8259773	-3,734205	-0,10195524	-0,045156822	-0,034473382	-0,05100416
41778	173,51563	-3,3259773	-3,2683518	-0,094996393	-0,042556256	-0,032427602	-0,048330199
41778	174,01563	-2,8259773	-2,7888696	-0,087928772	-0,039891794	-0,030242495	-0,045396291
41778	174,51563	-2,3259773	-2,3638215	-0,080059469	-0,037050292	-0,027811863	-0,042199299
41778	175,01563	-2,0317383	-1,9008666	-0,071736425	-0,033852935	-0,025252737	-0,038813822
41778	175,51563	-2,9817383	-2,5678332	-0,076556951	-0,034985363	-0,026051715	-0,040023699
41778	176,01563	-3,9317381	-3,5964847	-0,086790323	-0,03770262	-0,028041258	-0,042776246
41778	176,51563	-4,8817382	-4,136024	-0,090781599	-0,039118528	-0,029179394	-0,04429451
41778	177,01563	-5,831738	-5,7770329	-0,10610223	-0,044028282	-0,032912523	-0,049650624
41778	177,51563	-6,7817383	-6,790247	-0,11541545	-0,047075018	-0,035498686	-0,052894782
41778	178,01563	-7,7317381	-7,8599806	-0,12542009	-0,050099447	-0,038260311	-0,05647286
41778	178,51563	-8,6817379	-8,8738136	-0,13317764	-0,052973196	-0,04074432	-0,059615064
41778	179,01563	-9,6317377	-9,8032455	-0,14014915	-0,055409119	-0,043080635	-0,062535867
41778	179,51563	-10,581738	-10,708267	-0,14746115	-0,057813153	-0,045325227	-0,065262236
41778	180,01563	-11,531738	-11,634572	-0,15449598	-0,060091317	-0,0476695	-0,06787876
41778	180,51563	-12,481738	-12,579472	-0,1609832	-0,062409312	-0,049954794	-0,070570551
41778	181,01563	-13,431738	-13,564683	-0,16763881	-0,064750865	-0,052142613	-0,073070243
41778	181,51563	-14,381738	-14,490628	-0,17415583	-0,066837028	-0,054237194	-0,075459033
41778	182,01563	-15,331738	-15,331409	-0,17999187	-0,068935752	-0,056215398	-0,077826641
41778	182,51563	-16,281738	-16,373543	-0,1860179	-0,071098506	-0,058342472	-0,080274448
41778	183,01563	-17,231737	-17,335846	-0,19226372	-0,073138535	-0,060354285	-0,08237277
41778	183,51563	-18,181738	-18,268082	-0,19776821	-0,075152248	-0,062104747	-0,084626287
41778	184,01563	-19,131739	-19,144325	-0,20271316	-0,076995194	-0,064009629	-0,08664801
41778	184,51563	-20,081738	-20,180958	-0,20847619	-0,079034239	-0,065876774	-0,088965289
41778	185,01563	-21,031738	-21,116978	-0,2138935	-0,081008375	-0,067713685	-0,091065384
41778	185,51563	-21,981737	-22,11228	-0,21917671	-0,082821548	-0,069486476	-0,092934527
41778	186,01563	-22,931738	-22,964556	-0,22372827	-0,084433675	-0,071042158	-0,094732478
41778	186,51563	-23,881739	-23,956074	-0,22876412	-0,086264759	-0,07263986	-0,096647382
41778	187,01563	-24,831738	-24,881609	-0,23375079	-0,087932914	-0,074350759	-0,098459564
41778	187,51563	-25,781738	-25,903399	-0,23837388	-0,089680344	-0,075927749	-0,10031854
41778	188,01563	-26,731737	-26,722385	-0,2434589	-0,091266155	-0,077506945	-0,10198067
41778	188,51563	-27,681738	-27,640684	-0,24757311	-0,092845261	-0,078842506	-0,10352358
41778	189,01563	-28,631739	-28,742865	-0,25301576	-0,094535619	-0,080602676	-0,10547388
41778	189,51563	-29,581738	-29,706179	-0,25745481	-0,096143275	-0,08208926	-0,10725686
41778	190,01563	-30,531738	-30,526272	-0,26134402	-0,097501546	-0,083465293	-0,10880037
41778	190,51563	-31,481737	-31,440245	-0,26564747	-0,09908089	-0,084882215	-0,11034739
41778	191,01563	-32,431736	-32,388866	-0,26980117	-0,10058874	-0,08629559	-0,11190077
41778	191,51563	-33,381737	-33,476219	-0,27458295	-0,10222191	-0,08789818	-0,1137514
41778	192,01563	-34,331738	-34,279404	-0,27889013	-0,10348916	-0,089170009	-0,11504507
41778	192,51563	-35,281738	-35,271519	-0,28286427	-0,10502028	-0,090519369	-0,11678377
41778	193,01563	-36,231739	-36,154316	-0,28710142	-0,10642102	-0,091798127	-0,11817879
41778	193,51563	-37,181736	-37,242428	-0,29135123	-0,10803908	-0,093340635	-0,11997848
41778	194,01563	-38,131737	-38,137726	-0,29518753	-0,10932609	-0,09461689	-0,12146091
41778	194,51563	-39,081738	-39,005383	-0,29922128	-0,11067227	-0,09588781	-0,12294541
41778	195,01563	-40,031738	-40,108452	-0,30347556	-0,11217913	-0,097504944	-0,12467197
41778	195,51563	-40,981739	-40,783821	-0,30720606	-0,11332873	-0,098504752	-0,12586021
41778	196,01563	-41,931736	-42,019539	-0,31238124	-0,11503008	-0,100133	-0,12774499
41778	196,51563	-42,881737	-42,880764	-0,31630471	-0,11637002	-0,10143986	-0,12923656
41778	197,01563	-43,831738	-43,733044	-0,32010153	-0,11774805	-0,10273288	-0,13077109
41778	197,51563	-44,781738	-44,773663	-0,32444894	-0,11930016	-0,10425478	-0,13258305
41778	198,01563	-45,731739	-45,760582	-0,32882392	-0,12088361	-0,10576279	-0,13436244
41778	198,51563	-46,681736	-46,787743	-0,33352152	-0,12251434	-0,10749738	-0,136282
41778	199,01563	-46,213673	-46,245678	-0,33321306	-0,12239769	-0,107308	-0,13630673
41778	199,51563	-45,713673	-45,756348	-0,3321141	-0,12210199	-0,10699613	-0,13601577
41778	200,01563	-45,213673	-45,194382	-0,33032596	-0,12165028	-0,10655531	-0,13560095
41778	200,51563	-44,713673	-44,674309	-0,3290005	-0,12118462	-0,10610874	-0,13513534
41778	201,01563	-44,213673	-44,211636	-0,32767504	-0,12081289	-0,10570702	-0,1346982
41778	201,51563	-43,713673	-43,554661	-0,32569841	-0,12009034	-0,1051438	-0,13404356
41778	202,01563	-43,213673	-43,163166	-0,32426566	-0,11973032	-0,10472538	-0,13368379
41778	202,51563	-42,713673	-42,686028	-0,32280162	-0,11930379	-0,10423602	-0,13311513
41778	203,01563	-42,213673	-42,119797	-0,32153726	-0,11863047	-0,10371745	-0,13258938
41778	203,51563	-41,713673	-41,62595	-0,31947419	-0,11815473	-0,10325825	-0,13209353
41778	204,01563	-41,213673	-41,133587	-0,3181912	-0,11769426	-0,10278095	-0,13156933
41778	204,51563	-40,713673	-40,746304	-0,31659231	-0,11726335	-0,10237065	-0,13120387
41778	205,01563	-40,213673	-40,228909	-0,31513572	-0,11678591	-0,10177976	-0,1305373
41778	205,51563	-39,713673	-39,620228	-0,31311437	-0,11616695	-0,10128509	-0,13000697
41778	206,01563	-39,213673	-39,210323	-0,31144023	-0,11571732	-0,10078022	-0,12935872
41778	206,51563	-38,713673	-38,661434	-0,30979514	-0,11509567	-0,10020243	-0,12881194
41778	207,01563	-38,213673	-38,055756	-0,30754507	-0,11444587	-0,0995294	-0,1281535
41778	207,51563	-37,713673	-37,629768	-0,30683726	-0,11405277	-0,09905605	-0,12766074
41778	208,01563	-37,213673	-37,066116	-0,30457973	-0,11339149	-0,098483667	-0,12695499
41778	208,51563	-36,713673	-36,69389	-0,30307844	-0,11295211	-0,098056152	-0,12658486
41778	209,01563	-36,213673	-36,121517	-0,30157268	-0,112286	-0,09746401	-0,12584539
41778	209,51563	-35,713673	-35,605194	-0,29919893	-0,11174506	-0,096881926	-0,12533122
41778	210,01563	-35,213673	-35,086285	-0,29747933	-0,11110273	-0,096351475	-0,12464903
41778	210,51563	-34,713673	-34,626049	-0,29549748	-0,11060852	-0,095743954	-0,12406776
41778	211,01563	-34,213673	-34,10944	-0,29389039	-0,10993704	-0,095118135	-0,12343188
41778	211,51563	-33,713673	-33,684174	-0,29172152	-0,10950664	-0,094724417	-0,12285925
41778	212,01563	-33,213673	-33,164303	-0,29041544	-0,1088835	-0,094092265	-0,12230659
41778	212,51563	-32,713673	-32,606289	-0,28823987	-0,1081332	-0,093379408	-0,12154902
41778	213,01563	-32,213673	-32,160488	-0,28679296	-0,10760546	-0,092856362	-0,12101405
41778	213,51563	-31,713673	-31,661268	-0,28493255	-0,106994	-0,092390522	-0,1202904
41778	214,01563	-31,213673	-31,213041	-0,28311834	-0,10645321	-0,091792881	-0,11974154
41778	214,51563	-30,713673	-30,703552	-0,28079003	-0,10580677	-0,091131076	-0,11905434
41778	215,01563	-30,213673	-30,162457	-0,27929395	-0,10515586	-0,090484455	-0,11841585
41778	215,51563	-29,713673	-29,602116	-0,27683154	-0,10439602	-0,089739934	-0,11761308
41778	216,01563	-29,213673	-29,168251	-0,2753444	-0,10397756	-0,089199424	-0,1169441
41778	216,51563	-28,713673	-28,691856	-0,27337521	-0,10320413	-0,088584393	-0,11637906
41778	217,01563	-28,213673	-28,200781	-0,27136058	-0,10261205	-0,087954015	-0,11573569
41778	217,51563	-27,713673	-27,67914	-0,26915669	-0,10183933	-0,087288067	-0,11490136
41778	218,01563	-27,213673	-27,205082	-0,26722252	-0,10119697	-0,086675718	-0,11423395
41778	218,51563	-26,713673	-26,702335	-0,26514754	-0,10047272	-0,085991472	-0,1135673
41778	219,01563	-26,213673	-26,150337	-0,26259348	-0,099720567	-0,085223049	-0,11271419
41778	219,51563	-25,713673	-25,743139	-0,26111454	-0,099147499	-0,084724128	-0,11215357
41778	220,01563	-25,213673	-25,148516	-0,25849119	-0,098336697	-0,08393383	-0,11123503
41778	220,51563	-24,713673	-24,689077	-0,2563037	-0,097656965	-0,083276689	-0,11050829
41778	221,01563	-24,213673	-24,094648	-0,25367364	-0,096776783	-0,082424968	-0,10957383
41778	221,51563	-23,713673	-23,686388	-0,25212616	-0,096079439	-0,081877604	-0,10901428
41778	222,01563	-23,213673	-23,147131	-0,24933219	-0,095338553	-0,081093282	-0,10815149
41778	222,51563	-22,713673	-22,663645	-0,24729967	-0,094635308	-0,080436915	-0,10738121
41778	223,01563	-22,213673	-22,144823	-0,24478436	-0,093817741	-0,079596519	-0,10654641
41778	223,51563	-21,713673	-21,654137	-0,24231449	-0,093066216	-0,078757867	-0,10563545
41778	224,01563	-21,213673	-21,090166	-0,23972541	-0,092164904	-0,077951059	-0,10483272
41778	224,51563	-20,713673	-20,695345	-0,23743138	-0,091488689	-0,077341706	-0,10403746
41778	225,01563	-20,213673	-20,228903	-0,23507401	-0,090717345	-0,076526091	-0,10328551
41778	225,51563	-19,713673	-19,639175	-0,2324678	-0,089730442	-0,075703487	-0,10221794
41778	226,01563	-19,213673	-19,164562	-0,22943467	-0,088883817	-0,074879095	-0,10141956
41778	226,51563	-18,713673	-18,747246	-0,22747815	-0,088157892	-0,074075744	-0,10051002
41778	227,01563	-18,213673	-18,130602	-0,2246812	-0,087090522	-0,073068872	-0,099526562
41778	227,51563	-17,713673	-17,664576	-0,22177547	-0,086214066	-0,072281323	-0,098653644
41778	228,01563	-17,213673	-17,130213	-0,21870062	-0,085263669	-0,071317233	-0,097561605
41778	228,51563	-16,713673	-16,641161	-0,21586642	-0,084290266	-0,070414379	-0,096689627
41778	229,01563	-16,213673	-16,169535	-0,21314844	-0,083442599	-0,06955608	-0,095680237
41778	229,51563	-15,713673	-15,685236	-0,21036193	-0,082432032	-0,068611562	-0,094688155
41778	230,01563	-15,213673	-15,228668	-0,207939	-0,08150512	-0,067747474	-0,093553342
41778	230,51563	-14,713673	-14,666562	-0,20430386	-0,080369204	-0,066573098	-0,092469648
41778	231,01563	-14,213673	-14,110827	-0,20096451	-0,079317957	-0,065525725	-0,091318056
41778	231,51563	-13,713673	-13,721562	-0,19876137	-0,078408211	-0,064650036	-0,090332985
41778	232,01563	-13,213673	-13,205859	-0,19506887	-0,07731387	-0,063541837	-0,088956431
41778	232,51563	-12,713673	-12,75416	-0,1923196	-0,076206267	-0,062518157	-0,087909676
41778	233,01563	-12,213673	-12,17932	-0,18825009	-0,075001687	-0,061271824	-0,086499073
41778	233,51563	-11,713673	-11,702065	-0,1851663	-0,073861659	-0,060153753	-0,085371017
41778	234,01563	-11,213673	-11,149794	-0,18111244	-0,072488964	-0,058867104	-0,083810598
41778	234,51563	-10,713673	-10,678261	-0,17684326	-0,071392059	-0,057601586	-0,082429521
41778	235,01563	-10,213673	-10,16093	-0,17361939	-0,070056379	-0,056317143	-0,08096727
41778	235,51563	-9,7136726	-9,7038937	-0,16997978	-0,068838686	-0,055062361	-0,079652615
41778	236,01563	-9,2136726	-9,2048101	-0,16615465	-0,06740655	-0,053663142	-0,078206494
41778	236,51563	-8,7136726	-8,7126799	-0,16148314	-0,066006407	-0,05224245	-0,076372929
41778	237,01563	-8,2136726	-8,1410913	-0,15669987	-0,064488903	-0,050693758	-0,074709475
41778	237,51563	-7,7136726	-7,7244434	-0,15317798	-0,063050136	-0,049269974	-0,073037483
41778	238,01563	-7,2136726	-7,2362647	-0,14793798	-0,061444283	-0,047771655	-0,071308792
41778	238,51563	-6,7136726	-6,7089405	-0,14262497	-0,059568897	-0,04608085	-0,069296129
41778	239,01563	-6,2136726	-6,2227716	-0,13796613	-0,057775453	-0,044480108	-0,067399554
41778	239,51563	-5,7136726	-5,923696	-0,13397187	-0,05644913	-0,043274403	-0,065819256
41778	240,01563	-5,2136726	-5,6307092	-0,13123006	-0,055381969	-0,042240717	-0,064616472
41778	240,51563	-4,7136726	-4,5209899	-0,11842474	-0,051034838	-0,03851603	-0,059752591
41778	241,01563	-4,2136726	-4,0275955	-0,11080429	-0,048418552	-0,036263719	-0,056821659
41778	241,51563	-3,7136726	-3,5703015	-0,10468289	-0,046094596	-0,034320161	-0,054171674
41778	242,01563	-3,2136726	-3,1076632	-0,09720698	-0,043550074	-0,032070011	-0,051466957
41778	242,51563	-2,7136726	-2,6538224	-0,090460479	-0,040946975	-0,030076727	-0,048731215
41778	243,01563	-2,2136726	-2,2014604	-0,083003193	-0,038299784	-0,027939953	-0,045606773
41778	243,51563	-1,9	-1,7865207	-0,075130165	-0,035499766	-0,025782406	-0,042520076
41778	244,01563	-1,9	-1,7199218	-0,07270053	-0,034583867	-0,025025599	-0,041504394
41778	244,51563	-1,9	-1,7547607	-0,072816759	-0,034337491	-0,024779163	-0,041198343
41778	245,01563	-1,9	-1,8009003	-0,073027611	-0,034224078	-0,024701342	-0,041103289
41778	245,51563	-1,9	-1,7672013	-0,071988255	-0,03403528	-0,024578497	-0,040946007
41778	246,01563	-1,9	-1,8352475	-0,072508305	-0,03412056	-0,024533264	-0,040914893
41778	246,51563	-1,9	-1,8467773	-0,07237792	-0,034067258	-0,024436049	-0,040837079
41778	247,01563	-1,9	-1,8253363	-0,072196871	-0,033818111	-0,02441223	-0,0406476
41778	247,51563	-1,9	-1,8341951	-0,071983784	-0,033872753	-0,024310134	-0,040714856
41778	248,01563	-1,9	-1,8568411	-0,071697682	-0,033776537	-0,024295285	-0,040610254
41778	248,51563	-1,9	-1,86906	-0,071771443	-0,033809662	-0,024314567	-0,040550645
41778	249,01563	-1,9	-1,8128269	-0,071588159	-0,03360036	-0,024128698	-0,040395655
41778	249,51563	-1,9	-1,8353984	-0,071055442	-0,033625528	-0,024133444	-0,040370073
41778	250,01563	-1,9	-1,8721167	-0,072093308	-0,033686996	-0,024151243	-0,040479328
41778	250,51563	-1,9	-1,8659029	-0,071197003	-0,033582598	-0,024028584	-0,04032395
41778	251,01563	-1,9	-1,9027498	-0,071438402	-0,033642143	-0,024027228	-0,040346559
41778	251,51563	-1,9	-1,8514321	-0,071535259	-0,033510923	-0,024048448	-0,040280998
41778	252,01563	-1,9	-1,9246079	-0,071854144	-0,033580869	-0,024030581	-0,040381569
41778	252,51563	-1,9	-1,8629376	-0,071428716	-0,033511519	-0,023968861	-0,04021709
41778	253,01563	-1,9	-1,8793159	-0,071203709	-0,033477277	-0,023970038	-0,04011621
41778	253,51563	-1,9	-1,8854495	-0,071318448	-0,033382818	-0,023910746	-0,040162388
41778	254,01563	-1,9	-1,9072406	-0,071239471	-0,033458784	-0,023945518	-0,04015531
41778	254,51563	-1,9	-1,8689371	-0,071078539	-0,033393979	-0,023827471	-0,040199973
41778	255,01563	-1,9	-1,8892418	-0,071029365	-0,033361882	-0,023922361	-0,040074073
41778	255,51563	-1,9	-2,0118039	-0,071858615	-0,033613726	-0,024029225	-0,040278945
41778	256,01563	-1,9	-1,853358	-0,070414692	-0,033256158	-0,023821779	-0,039961204
41778	256,51563	-1,9	-1,8327422	-0,070505589	-0,03323853	-0,02378954	-0,040012427
41778	257,01563	-1,9	-1,9051265	-0,07096678	-0,033241674	-0,023776673	-0,040022153
41778	257,51563	-1,9	-1,9078274	-0,070737302	-0,033276796	-0,023809336	-0,039921835
41778	258,01563	-1,9	-1,9094013	-0,070413202	-0,03315343	-0,023748152	-0,039854489
41778	258,51563	-1,9	-1,85352	-0,070475042	-0,033120573	-0,023706742	-0,039945409
41778	259,01563	-1,9	-1,8797517	-0,070623308	-0,033163503	-0,023686096	-0,039869379
41778	259,51563	-1,9	-1,8915478	-0,07077232	-0,033136323	-0,023732893	-0,039884489
41778	260,01563	-1,9	-1,9048415	-0,070498139	-0,033167467	-0,023776203	-0,040028457
41778	260,51563	-1,9	-1,8748511	-0,070295483	-0,033068642	-0,023573786	-0,039735805
41778	261,01563	-1,9	-1,8645395	-0,070479512	-0,033094168	-0,023623243	-0,039791994
41778	261,51563	-1,9	-1,9077808	-0,070523471	-0,033131942	-0,023656309	-0,039726034
41778	262,01563	-1,9	-1,9280109	-0,070814043	-0,033158123	-0,023663215	-0,039894886
41778	262,51563	-1,9	-1,8657036	-0,069946051	-0,032967091	-0,023555867	-0,039574508
41778	263,01563	-1,9	-1,8167422	-0,069601834	-0,032831341	-0,023524374	-0,039601117
41778	263,51563	-1,9	-1,8221494	-0,069510937	-0,03283231	-0,023446202	-0,039532598
41778	264,01563	-1,9	-1,8891804	-0,069853663	-0,032947972	-0,023549475	-0,039628632
41778	264,51563	-1,9	-1,8784236	-0,069888681	-0,032966346	-0,023508333	-0,039715532
41778	265,01563	-1,9	-1,8403213	-0,069944561	-0,032799378	-0,023447879	-0,039609343
41778	265,51563	-1,9	-1,926329	-0,070087612	-0,033015117	-0,023531519	-0,039592683
41778	266,01563	-1,9	-1,8300898	-0,069836527	-0,032773748	-0,023380876	-0,039483517
41778	266,51563	-1,9	-1,8411726	-0,069881231	-0,032791346	-0,02344507	-0,039615158
41778	267,01563	-1,9	-1,8356555	-0,06967485	-0,032725394	-0,023338221	-0,039595645
41778	267,51563	-1,9	-1,8898715	-0,069698691	-0,03285414	-0,023410283	-0,039559621
41778	268,01563	-1,9	-1,8903594	-0,069433451	-0,032837287	-0,023503631	-0,039577901
41778	268,51563	-1,9	-1,8880739	-0,070084631	-0,032828271	-0,02343595	-0,039613016
41778	269,01563	-1,9	-1,9041151	-0,07025227	-0,032908142	-0,02341003	-0,039622609
41778	269,51563	-1,9	-1,8293709	-0,069583952	-0,032746434	-0,023346655	-0,039442841
41778	270,01563	-1,9	-1,8735602	-0,069437176	-0,032756761	-0,023347579	-0,039399039
41778	270,51563	-1,9	-1,9534081	-0,070559978	-0,032930061	-0,023503087	-0,039620824
41778	271,01563	-1,9	-1,9262079	-0,069846958	-0,03284201	-0,023416497	-0,039665114
41778	271,51563	-1,9	-1,8743445	-0,069677085	-0,032684952	-0,023312993	-0,039416932
41778	272,01563	-1,9	-1,8796232	-0,069561601	-0,032727242	-0,023388073	-0,039568841
41778	272,51563	-1,9	-1,8996764	-0,069029629	-0,032742858	-0,023379795	-0,039452076
41778	273,01563	-1,9	-1,8659681	-0,06955415	-0,032629833	-0,023227014	-0,039285351
41778	273,51563	-2,2395508	-2,0034499	-0,070135295	-0,032931477	-0,023556091	-0,039683912
41778	274,01563	-3,1895506	-2,9819906	-0,079289079	-0,035282359	-0,025227591	-0,042256992
41778	274,51563	-4,1395507	-3,5271273	-0,084830076	-0,037032798	-0,026487574	-0,043897808
41778	275,01563	-5,0895505	-4,8750267	-0,097586215	-0,040996224	-0,029766627	-0,048539788
41778	275,51563	-6,0395508	-5,9818048	-0,10859519	-0,044704407	-0,032726184	-0,052761044
41778	276,01563	-6,9895506	-6,8772259	-0,11744946	-0,04760991	-0,035082363	-0,055861469
41778	276,51563	-7,9395509	-8,0826206	-0,12807697	-0,051196396	-0,038325213	-0,06008479
41778	277,01563	-8,8895502	-9,0763969	-0,13664141	-0,054305583	-0,040999308	-0,063256994
41778	277,51563	-9,839551	-9,9394541	-0,14446378	-0,056839541	-0,043429784	-0,066421486
41778	278,01563	-10,789551	-10,770539	-0,15077665	-0,059080422	-0,045696884	-0,069031686
41778	278,51563	-11,739551	-11,692325	-0,15754327	-0,061578274	-0,048048392	-0,071875602
41778	279,01563	-12,68955	-12,614067	-0,1645945	-0,06401597	-0,050285563	-0,074513659
41778	279,51563	-13,63955	-13,537887	-0,17165542	-0,066349179	-0,052583367	-0,077121533
41778	280,01563	-14,589551	-14,472853	-0,17772019	-0,068573087	-0,054769807	-0,079704814
41778	280,51563	-15,539551	-15,412566	-0,18419996	-0,070832759	-0,056945749	-0,08220087
41778	281,01563	-16,48955	-16,434845	-0,19100234	-0,07310918	-0,059180804	-0,08477243
41778	281,51563	-17,43955	-17,500326	-0,19748807	-0,075418264	-0,061375134	-0,087330677
41778	282,01563	-18,389551	-18,604364	-0,20437092	-0,077876508	-0,063676521	-0,090033591
41778	282,51563	-19,33955	-19,522842	-0,20962283	-0,079741955	-0,065519273	-0,092071898
41778	283,01563	-20,289551	-20,513651	-0,21542981	-0,081813455	-0,067482688	-0,094302133
41778	283,51563	-21,23955	-21,621185	-0,22136942	-0,084033489	-0,069537975	-0,096683525
41778	284,01563	-22,18955	-22,540449	-0,226634	-0,085882187	-0,071267895	-0,098607987
41778	284,51563	-23,139551	-23,534332	-0,23148656	-0,087700605	-0,073037304	-0,10061312
41778	285,01563	-24,08955	-24,312176	-0,23625493	-0,089214623	-0,074410126	-0,10224909
41778	285,51563	-25,039551	-25,383667	-0,24084002	-0,091027826	-0,076188952	-0,10421035
41778	286,01563	-25,98955	-26,155481	-0,24563819	-0,092533231	-0,077583134	-0,10574187
41778	286,51563	-26,93955	-27,065712	-0,25018603	-0,094048172	-0,079112768	-0,10736046
41778	287,01563	-27,889551	-27,887671	-0,25403053	-0,095597863	-0,080470592	-0,10898726
41778	287,51563	-28,83955	-28,868372	-0,25888011	-0,097203344	-0,082104728	-0,11083099
41778	288,01563	-29,789551	-29,763004	-0,26334673	-0,098672032	-0,083453402	-0,11230607
41778	288,51563	-30,73955	-30,665802	-0,26753843	-0,10013899	-0,084895715	-0,1140003
41778	289,01563	-31,68955	-31,650438	-0,27167797	-0,10168114	-0,086252362	-0,11549664
41778	289,51563	-32,639549	-32,684319	-0,27678758	-0,10326952	-0,087881446	-0,11736293
41778	290,01563	-33,58955	-33,654781	-0,28069317	-0,10483092	-0,089232638	-0,11891049
41778	290,51563	-34,539551	-34,627678	-0,28526708	-0,10626948	-0,090747535	-0,12063862
41778	291,01563	-35,489552	-35,529335	-0,28890669	-0,10767248	-0,092053086	-0,12206591
41778	291,51563	-36,439548	-36,340534	-0,29277578	-0,10894084	-0,093301624	-0,12342612
41778	292,01563	-37,389549	-37,416878	-0,29718131	-0,11052817	-0,094699532	-0,12514086
41778	292,51563	-38,33955	-38,388447	-0,30163899	-0,11188635	-0,096075058	-0,12668294
41778	293,01563	-39,289551	-39,286533	-0,30534193	-0,11322007	-0,097330227	-0,12809139
41778	293,51563	-40,239552	-40,318142	-0,30950457	-0,11468992	-0,098743394	-0,12981765
41778	294,01563	-41,189548	-41,148262	-0,31350404	-0,11591524	-0,099926099	-0,1310156
41778	294,51563	-42,139549	-42,189831	-0,31760335	-0,11730447	-0,1013587	-0,1327101
41778	295,01563	-43,08955	-43,175591	-0,32173395	-0,11872825	-0,10268964	-0,13433626
41778	295,51563	-44,039551	-44,107872	-0,32589659	-0,12015375	-0,10403082	-0,13593963
41778	296,01563	-44,989552	-44,970745	-0,3299363	-0,121481	-0,10536852	-0,13748392
41778	296,51563	-45,939548	-45,92218	-0,33400431	-0,12283659	-0,10672756	-0,13913973
41778	297,01563	-46,700001	-46,76297	-0,33768043	-0,12431943	-0,10809653	-0,14077814
41778	297,51563	-46,700001	-46,832176	-0,33919886	-0,12485108	-0,10849522	-0,14137022
41778	298,01563	-46,700001	-46,803207	-0,33959225	-0,12506244	-0,10887776	-0,14177413
41778	298,51563	-46,700001	-46,722847	-0,34003258	-0,12511763	-0,10890083	-0,1419151
41778	299,01563	-46,700001	-46,752754	-0,34029037	-0,12529138	-0,10921092	-0,14221981
41778	299,51563	-46,700001	-46,744923	-0,34099221	-0,12543115	-0,10929114	-0,14240912
41778	300,01563	-46,700001	-46,725346	-0,34084171	-0,12555748	-0,10932161	-0,14258511
41778	300,51563	-46,700001	-46,527546	-0,340534	-0,12554225	-0,1092477	-0,14247735
41778	301,01563	-46,700001	-46,598957	-0,34106821	-0,12561193	-0,10944946	-0,14277789
41778	301,51563	-46,700001	-46,664207	-0,34166574	-0,12580517	-0,10960469	-0,14283597
41778	302,01563	-46,700001	-46,675762	-0,34202337	-0,12591425	-0,10971554	-0,14308636
41778	302,51563	-46,700001	-46,708576	-0,34178719	-0,12599018	-0,1098378	-0,14311796
41778	303,01563	-46,700001	-46,640354	-0,34177527	-0,12604392	-0,10987066	-0,14331946
41778	303,51563	-46,700001	-46,751347	-0,34234226	-0,12615785	-0,10998319	-0,14344043
41778	304,01563	-46,700001	-46,742313	-0,34278706	-0,12623903	-0,11008342	-0,14351012
41778	304,51563	-46,700001	-46,600761	-0,3423132	-0,12618551	-0,1100315	-0,14356652
41778	305,01563	-46,700001	-46,647945	-0,34291819	-0,12633708	-0,11012995	-0,14364898
41778	305,51563	-46,700001	-46,721382	-0,34230053	-0,1263895	-0,11027204	-0,14384896
41778	306,01563	-46,700001	-46,622154	-0,34255758	-0,12636018	-0,11019418	-0,14387625
41778	306,51563	-46,700001	-46,58897	-0,34267679	-0,12635517	-0,11021042	-0,14388464
41778	307,01563	-46,700001	-46,713467	-0,34292862	-0,12660635	-0,11042161	-0,14401516
41778	307,51563	-46,700001	-46,731819	-0,34329742	-0,12670171	-0,11047584	-0,14421479
41778	308,01563	-46,700001	-46,63871	-0,34327209	-0,1266301	-0,11050659	-0,14418551
41778	308,51563	-46,700001	-46,688141	-0,34358501	-0,12676111	-0,11053568	-0,14427763
41778	309,01563	-46,700001	-46,593731	-0,34300685	-0,12667158	-0,11056581	-0,14415516
41778	309,51563	-46,700001	-46,623009	-0,34328923	-0,12677318	-0,11061764	-0,1442786
41778	310,01563	-46,700001	-46,777782	-0,34403726	-0,12694964	-0,11078079	-0,1444743
41778	310,51563	-46,700001	-46,720932	-0,34401789	-0,12688982	-0,11077824	-0,14457722
41778	311,01563	-46,700001	-46,780437	-0,34427047	-0,12696579	-0,11085756	-0,14478615
41778	311,51563	-46,700001	-46,652115	-0,34360439	-0,12693745	-0,11083008	-0,14462009
41778	312,01563	-46,700001	-46,678085	-0,34405813	-0,12702689	-0,11084792	-0,14474715
41778	312,51563	-46,700001	-46,578735	-0,34409016	-0,12691388	-0,11084829	-0,14463554
41778	313,01563	-46,700001	-46,634159	-0,34413859	-0,12706938	-0,11094825	-0,14475223
41778	313,51563	-46,700001	-46,669453	-0,34402013	-0,12708044	-0,11096069	-0,14481632
41778	314,01563	-46,700001	-46,675144	-0,34498572	-0,12710875	-0,11105967	-0,14493997
41778	314,51563	-46,700001	-46,782574	-0,34488216	-0,12718368	-0,11114398	-0,14504154
41778	315,01563	-46,700001	-46,599392	-0,34467205	-0,12707242	-0,11101571	-0,14490859
41778	315,51563	-46,700001	-46,698914	-0,34473836	-0,12732044	-0,1111294	-0,1451073
41778	316,01563	-46,700001	-46,676426	-0,34458861	-0,12726447	-0,11120936	-0,14506122
41778	316,51563	-46,700001	-46,684193	-0,3444463	-0,12735918	-0,11118588	-0,14512455
41778	317,01563	-46,700001	-46,658382	-0,34508854	-0,12729788	-0,11119886	-0,14510782
41778	317,51563	-46,700001	-46,62344	-0,34474209	-0,12732929	-0,11123946	-0,14524871
41778	318,01563	-46,700001	-46,642498	-0,34526139	-0,12735939	-0,11126569	-0,14519072
41778	318,51563	-46,700001	-46,716087	-0,34534186	-0,1274462	-0,11129721	-0,1454048
41778	319,01563	-46,700001	-46,672989	-0,34518912	-0,12746373	-0,11135198	-0,14524716
41778	319,51563	-46,700001	-46,605	-0,34506917	-0,12743118	-0,11131974	-0,14534509
41778	320,01563	-46,700001	-46,733345	-0,34588575	-0,12757775	-0,11143765	-0,1455071
41778	320,51563	-46,700001	-46,664501	-0,34556389	-0,12752527	-0,11146782	-0,14545725
41778	321,01563	-46,700001	-46,706253	-0,34567639	-0,12762544	-0,11157919	-0,14552315
41778	321,51563	-46,700001	-46,652817	-0,34554899	-0,12754306	-0,11149195	-0,14555819
41778	322,01563	-46,700001	-46,773876	-0,34568682	-0,12768802	-0,11163473	-0,14570154
41778	322,51563	-46,700001	-46,753841	-0,34638494	-0,12766793	-0,11173561	-0,14567679
41778	323,01563	-46,700001	-46,732452	-0,34572706	-0,12768245	-0,11168745	-0,14572233
41778	323,51563	-46,700001	-46,70565	-0,34568459	-0,12770098	-0,11166152	-0,14571764
41778	324,01563	-46,700001	-46,779396	-0,34589767	-0,12781873	-0,11175507	-0,14584281
41778	324,51563	-46,700001	-46,748787	-0,34605786	-0,12785277	-0,11170451	-0,14588106
41778	325,01563	-46,700001	-46,695904	-0,3458932	-0,1278075	-0,11171333	-0,14580527
41778	325,51563	-46,700001	-46,670315	-0,34592897	-0,12774888	-0,11172895	-0,1458825
41778	326,01563	-46,700001	-46,694141	-0,34621581	-0,12773407	-0,11175945	-0,14586248
41778	326,51563	-46,700001	-46,645653	-0,3460519	-0,12777317	-0,11180039	-0,14585871
41778	327,01563	-46,236134	-46,42606	-0,34564734	-0,12761733	-0,11155945	-0,14561495
41778	327,51563	-43,736134	-43,717102	-0,33767223	-0,12486058	-0,10893896	-0,1428006
41778	328,01563	-41,236134	-41,19239	-0,32878071	-0,12221804	-0,10630637	-0,14001291
41778	328,51563	-38,736134	-38,802834	-0,32051951	-0,1196779	-0,10378461	-0,13730441
41778	329,01563	-36,236134	-36,24213	-0,31181946	-0,11679217	-0,10098366	-0,13413271
41778	329,51563	-33,736134	-33,714798	-0,30279532	-0,11386031	-0,098032936	-0,13109563
41778	330,01563	-31,236134	-31,197523	-0,29314086	-0,11073664	-0,095005438	-0,12786622
41778	330,51563	-28,736134	-28,722565	-0,28356612	-0,10750622	-0,091920868	-0,12442256
41778	331,01563	-26,236134	-26,124914	-0,27261302	-0,10383824	-0,08846502	-0,12064031
41778	331,51563	-23,736134	-23,543537	-0,26099831	-0,10016194	-0,084783643	-0,11660445
41778	332,01563	-21,236134	-21,176296	-0,24917573	-0,096313596	-0,081220239	-0,11273362
41778	332,51563	-18,736134	-18,756702	-0,23703352	-0,09219569	-0,077240407	-0,10828383
41778	333,01563	-16,236134	-16,268145	-0,22326559	-0,087606281	-0,07277406	-0,10347127
41778	333,51563	-13,736134	-13,707692	-0,20776093	-0,082276851	-0,067639217	-0,097831562
41778	334,01563	-11,236134	-11,213165	-0,19089729	-0,076585591	-0,061826922	-0,091481134
41778	334,51563	-8,7361336	-8,7937469	-0,17145127	-0,07004112	-0,055243157	-0,084053174
41778	335,01563	-6,2361336	-6,2648711	-0,14700368	-0,06164889	-0,047176257	-0,074475758
41778	335,51563	-3,7361336	-4,201973	-0,12191311	-0,052754804	-0,039363496	-0,064486913
41778	336,01563	-1,2361336	-2,014812	-0,08866936	-0,040672913	-0,029267937	-0,050860353
41778	336,51563	-1	-0,75186974	-0,058675557	-0,029767707	-0,021266252	-0,038839523
41778	337,01563	-1	-0,61748362	-0,053105503	-0,027658641	-0,019649968	-0,03654534
41778	337,51563	-1	-0,61220491	-0,05095154	-0,026959941	-0,019126996	-0,035805818
41778	338,01563	-1	-0,61500072	-0,051338971	-0,02678819	-0,018913686	-0,035450522
41778	338,51563	-1	-0,67142582	-0,051810592	-0,026766449	-0,018901318	-0,035484549
41778	339,01563	-1	-0,74783337	-0,052823126	-0,026878059	-0,018941589	-0,035553604
41778	339,51563	-1	-0,84347093	-0,053416193	-0,027138978	-0,018986732	-0,035631225
41778	340,01563	-1	-0,89751554	-0,053696334	-0,02719149	-0,019076273	-0,035762731
41778	340,51563	-1	-0,89116025	-0,054010004	-0,027122289	-0,018972158	-0,035669509
41778	341,01563	-1	-0,89936703	-0,053920597	-0,027108595	-0,018938906	-0,035700474
41778	341,51563	-1	-0,9387657	-0,054622442	-0,027200133	-0,019065432	-0,035710439
41778	342,01563	-1	-0,96873569	-0,054242462	-0,02723296	-0,01891318	-0,035624012
41778	342,51563	-1	-0,98318982	-0,054431707	-0,027271196	-0,018982626	-0,03571707
41778	343,01563	-1	-0,96518171	-0,054360926	-0,027217984	-0,018951125	-0,035772517
41778	343,51563	-1	-0,98022258	-0,05434826	-0,02719973	-0,018957846	-0,035795882
41778	344,01563	0	0,096980482	3,9110801	-0,016927034	-0,015543751	-0,027289536

Datenerfassung						Zeit:	344,18652	s	19.05.2014 10:49:23
Ch 1 Kraft	Ch 1 Weg	1944 A	1944 B	1281068
kN	mm	mm	mm	mm
0,13589114	4,8438787	0,00016839802	0,00013041496	0,00013053899
-47,782871	-0,34674034	-0,22556782	-0,11205138	-0,1461184
