Datum : 	18.3.2014
Durchmesser :	99
Datum	Laufzeit	Ch 1 Kraft Sollwert	Ch 1 Kraft	Ch 1 Weg	1944 A	1944 B	1281068
d	s	kN	kN	mm	mm	mm	mm
41716	15,234375	-1	-1,0177195	-0,18765703	-0,0068526417	-1,2142391	-1,3587384
41716	15,734375	-1	-1,0203197	-0,1877673	-0,0068440735	-1,214196	-1,3588789
41716	16,234375	-1	-0,99896264	-0,18716305	-0,0068484992	-1,214236	-1,3587146
41716	16,734375	-1	-1,0022968	-0,18713921	-0,0068100244	-1,214313	-1,3587941
41716	17,234375	-1	-0,99507535	-0,18783957	-0,0067074746	-1,2143033	-1,3588321
41716	17,734375	-1	-0,99991262	-0,1871787	-0,0068066865	-1,2142482	-1,3588122
41716	18,234375	-1	-1,0081884	-0,18678084	-0,0068243742	-1,2142718	-1,3588786
41716	18,734375	-1	-1,0198187	-0,18741935	-0,0068361461	-1,2141643	-1,3588444
41716	19,234375	-1	-1,02547	-0,18716529	-0,0068889856	-1,2142314	-1,3587967
41716	19,734375	-1	-1,0382589	-0,18728599	-0,0068576187	-1,2141888	-1,3589754
41716	20,234375	-1	-1,0291804	-0,18787161	-0,0068478733	-1,2141967	-1,3588017
41716	20,734375	-1	-1,0022931	-0,18749312	-0,0068186224	-1,214241	-1,3588413
41716	21,234375	-1	-0,99159217	-0,18754303	-0,0068317056	-1,2141832	-1,358868
41716	21,734375	-1	-1,0110624	-0,18693656	-0,0068368465	-1,2142112	-1,3588018
41716	22,234375	-1	-0,96813029	-0,18707588	-0,0067617893	-1,2142359	-1,3588227
41716	22,734375	-1	-0,9945482	-0,18777698	-0,0067540556	-1,2141834	-1,3589162
41716	23,234375	-1	-1,0037087	-0,18702075	-0,0067842901	-1,2141875	-1,3588378
41716	23,734375	-1	-0,99908936	-0,18704757	-0,0068381727	-1,2142208	-1,3588001
41716	24,234375	-1	-1,0164529	-0,18745661	-0,006843999	-1,2142183	-1,3589098
41716	24,734375	-1	-1,0256097	-0,187134	-0,006845057	-1,2141755	-1,3588039
41716	25,234375	-2,7443359	-2,6551857	-0,0083900988	-0,00043253601	-0,00043959916	-0,00070513971
41716	25,734375	-4,6943359	-3,8954058	-0,015709549	-0,00088912249	-0,00072176754	-0,0012078099
41716	26,234375	-6,6443362	-6,6373572	-0,031420588	-0,0016728044	-0,0013594478	-0,0024894979
41716	26,734375	-8,5943365	-8,4946957	-0,04022494	-0,0023606718	-0,001795128	-0,0033111759
41716	27,234375	-10,544336	-10,6449	-0,05087927	-0,0031376332	-0,0023892522	-0,0043232888
41716	27,734375	-12,494336	-12,714306	-0,060485303	-0,0039105266	-0,0028575361	-0,0051661022
41716	28,234375	-14,444336	-14,625903	-0,068142265	-0,004598707	-0,0033513457	-0,0059581716
41716	28,734375	-16,394337	-16,566797	-0,076109916	-0,0053298324	-0,0039387345	-0,006836392
41716	29,234375	-18,344336	-18,487076	-0,083325058	-0,006094113	-0,0045673549	-0,007687619
41716	29,734375	-20,294336	-20,420242	-0,090927631	-0,0068021715	-0,0051195025	-0,0085309613
41716	30,234375	-22,244337	-22,374651	-0,098069012	-0,0074806809	-0,0056794584	-0,0093161538
41716	30,734375	-24,194336	-24,301525	-0,10539964	-0,0082559735	-0,0064033121	-0,010006092
41716	31,234375	-26,144337	-26,210238	-0,11138991	-0,0088796616	-0,0069816858	-0,010735547
41716	31,734375	-28,094337	-28,177773	-0,11832714	-0,009577021	-0,0077045262	-0,011671167
41716	32,234375	-30,044336	-30,133509	-0,12485683	-0,010307632	-0,0084719062	-0,012384735
41716	32,734375	-31,994337	-32,078796	-0,13126135	-0,01100295	-0,0091442466	-0,013084929
41716	33,234375	-33,944336	-34,021317	-0,13760477	-0,011771388	-0,0098750442	-0,013865229
41716	33,734375	-35,894337	-35,974033	-0,14433563	-0,012505807	-0,01059249	-0,014566258
41716	34,234375	-37,844337	-37,897083	-0,15011728	-0,013168365	-0,011434868	-0,015446067
41716	34,734375	-39,794338	-39,899406	-0,15658885	-0,013871528	-0,012160003	-0,01612876
41716	35,234375	-41,744335	-41,844456	-0,1625821	-0,014637262	-0,012874424	-0,016771499
41716	35,734375	-43,694336	-43,76276	-0,16874671	-0,015374526	-0,013662502	-0,017600074
41716	36,234375	-45,644337	-45,721737	-0,17455071	-0,016057365	-0,014501348	-0,018272519
41716	36,734375	-47,594337	-47,645309	-0,18130615	-0,016710073	-0,015254602	-0,018909954
41716	37,234375	-49,544338	-49,598553	-0,18727407	-0,017445676	-0,016060621	-0,019711256
41716	37,734375	-51,494339	-51,555183	-0,19232631	-0,018197864	-0,016845942	-0,020378198
41716	38,234375	-53,444336	-53,510311	-0,19826218	-0,018848591	-0,017683312	-0,021129489
41716	38,734375	-55,394337	-55,456074	-0,20424947	-0,019655749	-0,018531263	-0,021879435
41716	39,234375	-57,344337	-57,426262	-0,2102606	-0,020345315	-0,019335583	-0,022625323
41716	39,734375	-59,294338	-59,34539	-0,21617338	-0,021013878	-0,020154238	-0,023349673
41716	40,234375	-61,244339	-61,343502	-0,22178814	-0,021731332	-0,021001399	-0,024000134
41716	40,734375	-63,194336	-63,288673	-0,22690669	-0,022498205	-0,021813795	-0,024671033
41716	41,234375	-65,144341	-65,214287	-0,23238137	-0,023224071	-0,022721425	-0,025431599
41716	41,734375	-67,094337	-67,176094	-0,23862198	-0,02392856	-0,023519009	-0,026132464
41716	42,234375	-69,044334	-69,110062	-0,24348274	-0,024724588	-0,024392679	-0,026725173
41716	42,734375	-70,994339	-71,041557	-0,24911687	-0,025382198	-0,025254875	-0,027483977
41716	43,234375	-72,944336	-72,984047	-0,25517344	-0,026050664	-0,026117533	-0,028130848
41716	43,734375	-74,894341	-74,961914	-0,26033148	-0,02680406	-0,026953071	-0,028788209
41716	44,234375	-76,844337	-76,865852	-0,26554093	-0,027512588	-0,027854398	-0,029527273
41716	44,734375	-78,794334	-78,851501	-0,2709426	-0,028252311	-0,028690115	-0,03016806
41716	45,234375	-80,744339	-80,819603	-0,27664155	-0,02903387	-0,029600918	-0,030828524
41716	45,734375	-82,694336	-82,762016	-0,28176233	-0,029806122	-0,03045541	-0,03156659
41716	46,234375	-84,644341	-84,720085	-0,28670877	-0,030487873	-0,031283006	-0,032315262
41716	46,734375	-86,594337	-86,663177	-0,29256716	-0,031262651	-0,032144576	-0,032886855
41716	47,234375	-88,544334	-88,632523	-0,2974242	-0,031896204	-0,033066913	-0,033659443
41716	47,734375	-90,494339	-90,53244	-0,30300096	-0,032602981	-0,033943519	-0,034222253
41716	48,234375	-92,444336	-92,484871	-0,30835792	-0,033392683	-0,034815058	-0,034925237
41716	48,734375	-94,394341	-94,462494	-0,31325445	-0,034123577	-0,035709664	-0,035641018
41716	49,234375	-96,344337	-96,395874	-0,31831712	-0,034856036	-0,036692813	-0,036188662
41716	49,734375	-98,294342	-98,345734	-0,32356754	-0,035550386	-0,037487313	-0,03693584
41716	50,234375	-100,24434	-100,29052	-0,32900199	-0,036304332	-0,038345009	-0,037659232
41716	50,734375	-102,19434	-102,25924	-0,33420324	-0,037066057	-0,039302364	-0,038307108
41716	51,234375	-104,14434	-104,23786	-0,33925027	-0,037831262	-0,040197372	-0,038995679
41716	51,734375	-106,09434	-106,16703	-0,34464002	-0,03852722	-0,041043773	-0,039668277
41716	52,234375	-108,04434	-108,09306	-0,34885481	-0,039343558	-0,04190658	-0,040302396
41716	52,734375	-109,99434	-110,02573	-0,35445318	-0,039970383	-0,042877004	-0,041027926
41716	53,234375	-111,94434	-111,97541	-0,35936311	-0,040775813	-0,043768927	-0,041693214
41716	53,734375	-113,89434	-113,93349	-0,36436617	-0,041514613	-0,044652119	-0,042333476
41716	54,234375	-115,84434	-115,88308	-0,36892891	-0,042276077	-0,045533106	-0,043136161
41716	54,734375	-117,79434	-117,85083	-0,37421435	-0,042970762	-0,046453789	-0,043732028
41716	55,234375	-119,74434	-119,81034	-0,37921444	-0,043780513	-0,047359005	-0,04446527
41716	55,734375	-121,69434	-121,75883	-0,38424507	-0,04450047	-0,048279583	-0,04520357
41716	56,234375	-123,64434	-123,72018	-0,38895011	-0,045299754	-0,049204722	-0,045693997
41716	56,734375	-125,59434	-125,67448	-0,39469898	-0,046039596	-0,050077334	-0,046385501
41716	57,234375	-127,54434	-127,60884	-0,39979517	-0,046787031	-0,05091165	-0,04708289
41716	57,734375	-129,49434	-129,56097	-0,40384606	-0,047574215	-0,051865995	-0,047796238
41716	58,234375	-131,44434	-131,51721	-0,40948987	-0,04830981	-0,052829102	-0,048343841
41716	58,734375	-133,39433	-133,4424	-0,41386858	-0,048962481	-0,053795129	-0,049104024
41716	59,234375	-135,34435	-135,39023	-0,41872114	-0,049774781	-0,054608986	-0,049765203
41716	59,734375	-137,29434	-137,33435	-0,42388216	-0,050485581	-0,055520803	-0,050413426
41716	60,234375	-139,24434	-139,29893	-0,42884424	-0,051276833	-0,056408331	-0,051189434
41716	60,734375	-141,19434	-141,26414	-0,43315589	-0,052034311	-0,057365805	-0,051791538
41716	61,234375	-143,14433	-143,19072	-0,43804273	-0,052832454	-0,058270663	-0,05240218
41716	61,734375	-145,09435	-145,15724	-0,44305325	-0,053649545	-0,059225738	-0,053176489
41716	62,234375	-147,04434	-147,11966	-0,44773147	-0,054349042	-0,06012094	-0,053798851
41716	62,734375	-148,99434	-149,05856	-0,45206919	-0,055176489	-0,060995802	-0,054476548
41716	63,234375	-150,94434	-151,03825	-0,45760721	-0,055942014	-0,061982691	-0,055192556
41716	63,734375	-152,89433	-152,98618	-0,46234578	-0,056697376	-0,062877357	-0,055824619
41716	64,234375	-154,84435	-154,90771	-0,46641529	-0,057437219	-0,063854173	-0,056598794
41716	64,734375	-156,79434	-156,83395	-0,47152415	-0,058105752	-0,064755127	-0,057211746
41716	65,234375	-158,74434	-158,7776	-0,47604889	-0,058976501	-0,065689608	-0,057849664
41716	65,734375	-160,69434	-160,75951	-0,48103333	-0,059764467	-0,066649184	-0,058583591
41716	66,234375	-159,37373	-159,49738	-0,47981963	-0,059512183	-0,066331744	-0,058276977
41716	66,734375	-157,42374	-157,51053	-0,47607273	-0,059036225	-0,065713838	-0,05787066
41716	67,234375	-155,47372	-155,548	-0,47242269	-0,058510505	-0,065116718	-0,057434764
41716	67,734375	-153,52373	-153,52596	-0,46888143	-0,057886139	-0,064459816	-0,056718435
41716	68,234375	-151,57373	-151,55777	-0,46535879	-0,057410263	-0,063780755	-0,056341935
41716	68,734375	-149,62373	-149,60219	-0,46157986	-0,05686634	-0,063131571	-0,055831868
41716	69,234375	-147,67374	-147,64604	-0,45705512	-0,056217112	-0,062424645	-0,055285726
41716	69,734375	-145,72372	-145,69247	-0,45364574	-0,055698104	-0,061709419	-0,05480906
41716	70,234375	-143,77373	-143,74533	-0,44986457	-0,055156164	-0,061020315	-0,054300863
41716	70,734375	-141,82373	-141,77194	-0,44586435	-0,05455713	-0,060339898	-0,053658735
41716	71,234375	-139,87373	-139,84808	-0,44203103	-0,053932995	-0,059649855	-0,053273175
41716	71,734375	-137,92374	-137,88933	-0,43813884	-0,053399891	-0,058930233	-0,05262905
41716	72,234375	-135,97372	-135,9324	-0,43442026	-0,052788123	-0,058170095	-0,052163679
41716	72,734375	-134,02373	-133,99911	-0,43010861	-0,052297093	-0,057524085	-0,05157489
41716	73,234375	-132,07373	-132,00307	-0,42623729	-0,051551752	-0,056775793	-0,051082622
41716	73,734375	-130,12373	-130,03864	-0,42170212	-0,050937243	-0,056071371	-0,050470863
41716	74,234375	-128,17374	-128,10384	-0,41830838	-0,050334886	-0,055335179	-0,049978975
41716	74,734375	-126,22373	-126,18633	-0,41456819	-0,049769364	-0,05461657	-0,049383778
41716	75,234375	-124,27373	-124,22762	-0,40994585	-0,049172059	-0,053930834	-0,048767861
41716	75,734375	-122,32373	-122,28896	-0,40631592	-0,048603199	-0,053108454	-0,048278648
41716	76,234375	-120,37373	-120,33177	-0,40143207	-0,048008859	-0,052443311	-0,047797833
41716	76,734375	-118,42373	-118,37132	-0,39678738	-0,047351331	-0,051604599	-0,047292043
41716	77,234375	-116,47373	-116,39674	-0,3928788	-0,046679109	-0,050914824	-0,04663508
41716	77,734375	-114,52373	-114,4491	-0,38895234	-0,046019375	-0,050100774	-0,046061534
41716	78,234375	-112,57373	-112,48491	-0,38476065	-0,045463085	-0,049401373	-0,045468096
41716	78,734375	-110,62373	-110,57028	-0,37989244	-0,044842646	-0,048594192	-0,04500046
41716	79,234375	-108,67373	-108,60287	-0,37625879	-0,04428719	-0,047867164	-0,044341665
41716	79,734375	-106,72373	-106,64526	-0,37134439	-0,043633774	-0,047147229	-0,043792341
41716	80,234375	-104,77373	-104,71198	-0,36768168	-0,042981707	-0,046269208	-0,043250274
41716	80,734375	-102,82373	-102,75314	-0,36286339	-0,04236301	-0,045503706	-0,042617321
41716	81,234375	-100,87373	-100,81612	-0,35851374	-0,041774884	-0,044800803	-0,042071328
41716	81,734375	-98,923729	-98,863861	-0,35456792	-0,041075103	-0,044020444	-0,041501325
41716	82,234375	-96,973732	-96,929695	-0,34968778	-0,040489018	-0,043177158	-0,040779799
41716	82,734375	-95,023727	-94,960045	-0,34536272	-0,039801106	-0,042445317	-0,040304773
41716	83,234375	-93,07373	-93,038376	-0,34051687	-0,039228797	-0,041659087	-0,039675217
41716	83,734375	-91,123726	-91,071373	-0,33618212	-0,038517438	-0,040864572	-0,039059132
41716	84,234375	-89,173729	-89,090767	-0,33129081	-0,037824623	-0,040106714	-0,03855126
41716	84,734375	-87,223732	-87,136009	-0,32705218	-0,037195094	-0,039337635	-0,037914902
41716	85,234375	-85,273727	-85,216438	-0,32250211	-0,036547892	-0,038523838	-0,037252061
41716	85,734375	-83,32373	-83,261948	-0,31758323	-0,03593605	-0,037683085	-0,036707126
41716	86,234375	-81,373726	-81,33136	-0,31310618	-0,035225838	-0,03683199	-0,035999298
41716	86,734375	-79,423729	-79,380424	-0,30818731	-0,034573704	-0,036027223	-0,035424236
41716	87,234375	-77,473732	-77,420868	-0,3031835	-0,033939816	-0,035266757	-0,034787178
41716	87,734375	-75,523727	-75,449501	-0,29818714	-0,033198573	-0,03449446	-0,034084767
41716	88,234375	-73,57373	-73,512688	-0,29397607	-0,032594301	-0,033650801	-0,03356513
41716	88,734375	-71,623726	-71,563499	-0,28900057	-0,031913206	-0,032834098	-0,03294621
41716	89,234375	-69,673729	-69,614029	-0,28394237	-0,031262659	-0,031945348	-0,032351043
41716	89,734375	-67,723732	-67,667664	-0,27819723	-0,030597769	-0,031198591	-0,031706207
41716	90,234375	-65,773727	-65,695084	-0,27307943	-0,029887863	-0,030468851	-0,031083062
41716	90,734375	-63,823727	-63,780579	-0,26799366	-0,029219925	-0,029620573	-0,030354708
41716	91,234375	-61,87373	-61,820232	-0,26232079	-0,028472662	-0,028714597	-0,029817905
41716	91,734375	-59,923729	-59,878326	-0,25794506	-0,027772233	-0,027976781	-0,029095307
41716	92,234375	-57,973728	-57,929401	-0,25190264	-0,027086534	-0,027183414	-0,028316293
41716	92,734375	-56,023727	-55,964081	-0,24648756	-0,026420727	-0,026361316	-0,02773273
41716	93,234375	-54,073727	-54,023098	-0,24100766	-0,025688946	-0,025487393	-0,027142394
41716	93,734375	-52,12373	-52,081295	-0,23525208	-0,024942048	-0,024657428	-0,026408739
41716	94,234375	-50,173729	-50,112972	-0,22942275	-0,024299353	-0,023824796	-0,025744565
41716	94,734375	-48,223728	-48,181534	-0,2238512	-0,023507163	-0,023012504	-0,02495192
41716	95,234375	-46,273727	-46,230366	-0,21838471	-0,022795342	-0,022228345	-0,024185296
41716	95,734375	-44,323727	-44,270618	-0,21240041	-0,022091858	-0,021363631	-0,02357072
41716	96,234375	-42,373726	-42,321991	-0,20627081	-0,021294475	-0,020587802	-0,022809599
41716	96,734375	-40,423729	-40,364037	-0,20009875	-0,020554118	-0,019789904	-0,022185795
41716	97,234375	-38,473728	-38,381203	-0,19369721	-0,019801065	-0,018943533	-0,021371886
41716	97,734375	-36,523727	-36,453159	-0,18703341	-0,018953845	-0,018078595	-0,020633932
41716	98,234375	-34,573727	-34,525303	-0,18119738	-0,018260472	-0,01724273	-0,019960079
41716	98,734375	-32,623726	-32,577396	-0,17510056	-0,017513052	-0,016471639	-0,019062545
41716	99,234375	-30,673727	-30,612288	-0,16866401	-0,01677496	-0,015736163	-0,01826274
41716	99,734375	-28,723728	-28,703508	-0,16220137	-0,015969113	-0,014848277	-0,017629541
41716	100,23438	-26,773727	-26,735748	-0,15506521	-0,015138984	-0,01407595	-0,016707234
41716	100,73438	-24,823727	-24,750229	-0,14881939	-0,014320485	-0,013270929	-0,015869487
41716	101,23438	-22,873728	-22,815969	-0,14182627	-0,013592012	-0,012412131	-0,015148502
41716	101,73438	-20,923727	-20,846455	-0,13419539	-0,012721755	-0,011614129	-0,014389168
41716	102,23438	-18,973726	-18,931505	-0,12709275	-0,011921622	-0,010832146	-0,013410602
41716	102,73438	-17,023727	-17,004454	-0,11949539	-0,011054546	-0,01013054	-0,012626674
41716	103,23438	-15,073727	-15,044774	-0,11169612	-0,010215305	-0,0093249083	-0,01170956
41716	103,73438	-13,123727	-13,070123	-0,10321289	-0,0092360005	-0,0086291879	-0,010769578
41716	104,23438	-11,173727	-11,150211	-0,095482916	-0,0084452331	-0,0078690201	-0,0098966733
41716	104,73438	-9,2237272	-9,1980581	-0,086146593	-0,0075270161	-0,0071082413	-0,0089094229
41716	105,23438	-7,2737269	-7,2608552	-0,076499581	-0,0066622421	-0,0064860731	-0,0080298185
41716	105,73438	-5,3237267	-5,5468192	-0,067829341	-0,0058180615	-0,0059076846	-0,0071691051
41716	106,23438	-3,3737266	-3,507901	-0,05569756	-0,004939355	-0,0051526874	-0,006111417
41716	106,73438	-1,4237266	-1,5865899	-0,042306632	-0,0040784031	-0,0045175254	-0,0050167721
41716	107,23438	-2,5082033	-2,0225346	-0,042231381	-0,0040582269	-0,0045796931	-0,0050371177
41716	107,73438	-4,4582033	-3,9529371	-0,053643435	-0,0047193915	-0,005057171	-0,0058664363
41716	108,23438	-6,4082031	-5,9195609	-0,064136833	-0,0054525957	-0,0056155622	-0,0065506399
41716	108,73438	-8,3582029	-8,1594896	-0,074627995	-0,0062320828	-0,0062122047	-0,0075041279
41716	109,23438	-10,308204	-10,387998	-0,084137917	-0,007022664	-0,0069655031	-0,0083639901
41716	109,73438	-12,258204	-12,341593	-0,091984123	-0,0077429935	-0,0075568855	-0,0091620218
41716	110,23438	-14,208203	-14,274654	-0,098922849	-0,0084692761	-0,0082152933	-0,0098542813
41716	110,73438	-16,158203	-16,220982	-0,10713935	-0,0091622621	-0,0088510513	-0,010671897
41716	111,23438	-18,108204	-18,188974	-0,11319146	-0,009866111	-0,0096087754	-0,011466885
41716	111,73438	-20,058203	-20,117882	-0,12022331	-0,010558628	-0,010306403	-0,0121703
41716	112,23438	-22,008204	-22,085926	-0,127244	-0,011231899	-0,01107651	-0,012821697
41716	112,73438	-23,958204	-24,038216	-0,13383031	-0,012022652	-0,011867598	-0,013583895
41716	113,23438	-25,908203	-25,996641	-0,14053881	-0,012749679	-0,012609735	-0,014271554
41716	113,73438	-27,858204	-27,961287	-0,14635921	-0,013464674	-0,013412148	-0,015026264
41716	114,23438	-29,808205	-29,888073	-0,15296042	-0,014109567	-0,014190003	-0,015685238
41716	114,73438	-31,758204	-31,810286	-0,15897751	-0,014777116	-0,014998257	-0,016361058
41716	115,23438	-33,708202	-33,751968	-0,16548261	-0,015427716	-0,015764877	-0,017166618
41716	115,73438	-35,658203	-35,737556	-0,17132014	-0,01618138	-0,01661326	-0,017707426
41716	116,23438	-37,608204	-37,67775	-0,17730072	-0,016854227	-0,017387182	-0,018390164
41716	116,73438	-39,558205	-39,636181	-0,18363222	-0,017516218	-0,018207878	-0,019083459
41716	117,23438	-41,508205	-41,584877	-0,1895614	-0,018266037	-0,019097432	-0,019729007
41716	117,73438	-43,458202	-43,554615	-0,19509569	-0,018901996	-0,019883573	-0,020366061
41716	118,23438	-45,408203	-45,480339	-0,20061284	-0,019648634	-0,020684272	-0,021060355
41716	118,73438	-47,358204	-47,43763	-0,20628721	-0,020294473	-0,021532863	-0,021746062
41716	119,23438	-49,308205	-49,386818	-0,21231174	-0,020978525	-0,022340059	-0,02231143
41716	119,73438	-51,258205	-51,32037	-0,2179876	-0,021624498	-0,023206979	-0,023095205
41716	120,23438	-53,208206	-53,272511	-0,22294521	-0,022300728	-0,024075061	-0,023644131
41716	120,73438	-55,158203	-55,221741	-0,22877082	-0,022930555	-0,024851099	-0,024376452
41716	121,23438	-57,108204	-57,172634	-0,23400858	-0,023641817	-0,025779262	-0,025045473
41716	121,73438	-59,058205	-59,128357	-0,23992807	-0,024365313	-0,026633933	-0,025569122
41716	122,23438	-61,008205	-61,072113	-0,24510697	-0,024994954	-0,02743122	-0,026258565
41716	122,73438	-62,958206	-63,01149	-0,24987012	-0,025656953	-0,028252319	-0,026907425
41716	123,23438	-64,908203	-64,993179	-0,25525913	-0,026359215	-0,029080793	-0,027485844
41716	123,73438	-66,858208	-66,943039	-0,26070103	-0,02707807	-0,029934257	-0,028246544
41716	124,23438	-68,808205	-68,89666	-0,26627779	-0,027678654	-0,030835584	-0,028796755
41716	124,73438	-70,758202	-70,842438	-0,27214363	-0,028432183	-0,031634599	-0,029409409
41716	125,23438	-72,708206	-72,766136	-0,27665719	-0,029112779	-0,032460406	-0,030075442
41716	125,73438	-74,658203	-74,698936	-0,28122962	-0,029725641	-0,033304393	-0,030646194
41716	126,23438	-76,608208	-76,673836	-0,28624758	-0,03042227	-0,034157842	-0,031251181
41716	126,73438	-78,558205	-78,622345	-0,29182881	-0,031099156	-0,035043642	-0,031976994
41716	127,23438	-80,508202	-80,568008	-0,29672235	-0,03175997	-0,035906553	-0,032511774
41716	127,73438	-82,458206	-82,548828	-0,3019169	-0,032528162	-0,036734477	-0,033129163
41716	128,23438	-84,408203	-84,483894	-0,30709356	-0,03312993	-0,037562475	-0,033695064
41716	128,73438	-86,358208	-86,434883	-0,31209737	-0,033860728	-0,038424626	-0,03430865
41716	129,23438	-88,308205	-88,37632	-0,31657517	-0,034507036	-0,039215982	-0,034935761
41716	129,73438	-90,258202	-90,310493	-0,321199	-0,035155006	-0,040058106	-0,035566211
41716	130,23438	-92,208206	-92,27607	-0,3257148	-0,035788119	-0,04094331	-0,036162697
41716	130,73438	-94,158203	-94,249962	-0,33083931	-0,036530964	-0,041765511	-0,036710016
41716	131,23438	-96,108208	-96,178207	-0,33629984	-0,03710936	-0,042535022	-0,037412055
41716	131,73438	-98,058205	-98,100967	-0,34091696	-0,03778325	-0,043367282	-0,037948187
41716	132,23438	-100,00821	-100,07033	-0,3450118	-0,038467042	-0,044258103	-0,038549107
41716	132,73438	-101,95821	-102,00876	-0,35043806	-0,039177194	-0,045042276	-0,039235629
41716	133,23438	-103,9082	-103,9869	-0,35535991	-0,039826922	-0,045966372	-0,039812714
41716	133,73438	-105,85821	-105,9267	-0,35975724	-0,040481165	-0,046759367	-0,040340964
41716	134,23438	-107,8082	-107,87375	-0,36435798	-0,041085422	-0,047614619	-0,04101184
41716	134,73438	-109,75821	-109,81324	-0,36896765	-0,041813098	-0,048425525	-0,041604202
41716	135,23438	-111,70821	-111,77392	-0,37368909	-0,042525969	-0,049223661	-0,042231634
41716	135,73438	-113,6582	-113,73264	-0,37867874	-0,043189824	-0,050086796	-0,042805083
41716	136,23438	-115,60821	-115,67309	-0,38308427	-0,043852262	-0,050844207	-0,043536615
41716	136,73438	-117,5582	-117,61995	-0,38744807	-0,04444465	-0,051720724	-0,044120464
41716	137,23438	-119,50821	-119,56695	-0,39211065	-0,045161627	-0,052476957	-0,04464573
41716	137,73438	-121,45821	-121,51677	-0,39712489	-0,045806162	-0,053394169	-0,04516599
41716	138,23438	-123,4082	-123,47096	-0,40145069	-0,046473637	-0,054200917	-0,045841027
41716	138,73438	-125,35821	-125,40873	-0,40596128	-0,047137283	-0,055057108	-0,046456162
41716	139,23438	-127,3082	-127,38761	-0,41015223	-0,047811158	-0,055853546	-0,047011729
41716	139,73438	-129,25821	-129,3414	-0,41554421	-0,048455261	-0,056681722	-0,047713
41716	140,23438	-131,20821	-131,26332	-0,41955486	-0,049097598	-0,057416767	-0,048226204
41716	140,73438	-133,1582	-133,2061	-0,42452067	-0,049843401	-0,058242485	-0,048844304
41716	141,23438	-135,1082	-135,15471	-0,42788088	-0,050424092	-0,059087053	-0,04948793
41716	141,73438	-137,05821	-137,12363	-0,43272302	-0,051151164	-0,05997996	-0,050052289
41716	142,23438	-139,00821	-139,07303	-0,43696091	-0,051807173	-0,060723186	-0,050643247
41716	142,73438	-140,95821	-141,01752	-0,44184923	-0,052471086	-0,061646566	-0,05126087
41716	143,23438	-142,9082	-142,96037	-0,44597685	-0,053112984	-0,062351614	-0,05187561
41716	143,73438	-144,8582	-144,93008	-0,45030639	-0,053830378	-0,063252792	-0,05249643
41716	144,23438	-146,80821	-146,9048	-0,45449808	-0,054541208	-0,064005464	-0,05310313
41716	144,73438	-148,75821	-148,8412	-0,45854822	-0,055168517	-0,064837143	-0,053654362
41716	145,23438	-150,70821	-150,77463	-0,46326742	-0,05585932	-0,065611079	-0,054423872
41716	145,73438	-152,6582	-152,70845	-0,46792477	-0,05646237	-0,066495538	-0,054916542
41716	146,23438	-154,6082	-154,64861	-0,4722707	-0,057189919	-0,067293376	-0,055525962
41716	146,73438	-156,55821	-156,63286	-0,4765369	-0,057893455	-0,068244755	-0,056260388
41716	147,23438	-158,50821	-158,56934	-0,48104599	-0,058539867	-0,068960801	-0,056799587
41716	147,73438	-159,5582	-159,81073	-0,48399195	-0,059029043	-0,069563568	-0,057228845
41716	148,23438	-157,6082	-157,75911	-0,48103705	-0,058560804	-0,06891489	-0,056811225
41716	148,73438	-155,6582	-155,76668	-0,47673136	-0,058021776	-0,068293497	-0,056274597
41716	149,23438	-153,70821	-153,73938	-0,47307834	-0,057444453	-0,067562938	-0,055615339
41716	149,73438	-151,75821	-151,76434	-0,46946108	-0,056814574	-0,066974431	-0,055140909
41716	150,23438	-149,8082	-149,79036	-0,46553388	-0,056278557	-0,066274047	-0,054649431
41716	150,73438	-147,8582	-147,81535	-0,46170503	-0,055781685	-0,065516934	-0,054191988
41716	151,23438	-145,9082	-145,87819	-0,45794845	-0,055115685	-0,06489636	-0,053672511
41716	151,73438	-143,95821	-143,95395	-0,45462325	-0,054578267	-0,064149141	-0,053080957
41716	152,23438	-142,00821	-141,95824	-0,45094118	-0,054050729	-0,063486665	-0,052581485
41716	152,73438	-140,0582	-140,01134	-0,44640154	-0,053410091	-0,062742263	-0,051985588
41716	153,23438	-138,1082	-138,07056	-0,44293329	-0,052906252	-0,061979651	-0,051504638
41716	153,73438	-136,1582	-136,09851	-0,43846741	-0,052317888	-0,061359629	-0,050912458
41716	154,23438	-134,20821	-134,17624	-0,43480545	-0,051673695	-0,060635924	-0,050400179
41716	154,73438	-132,25821	-132,18858	-0,43047145	-0,051101111	-0,059860349	-0,049793202
41716	155,23438	-130,3082	-130,2379	-0,42649433	-0,050531842	-0,05914548	-0,049336415
41716	155,73438	-128,3582	-128,28552	-0,4223153	-0,049815103	-0,058356792	-0,048736412
41716	156,23438	-126,4082	-126,3749	-0,4185468	-0,049327008	-0,057666168	-0,048180263
41716	156,73438	-124,4582	-124,38779	-0,41446388	-0,048638076	-0,056903571	-0,047696155
41716	157,23438	-122,5082	-122,43079	-0,40995702	-0,048039623	-0,05614017	-0,047094222
41716	157,73438	-120,5582	-120,48682	-0,40594563	-0,047469169	-0,055448785	-0,046553884
41716	158,23438	-118,6082	-118,54374	-0,40175542	-0,046879023	-0,054699555	-0,046018776
41716	158,73438	-116,6582	-116,63042	-0,39778948	-0,046330087	-0,053937778	-0,045474868
41716	159,23438	-114,7082	-114,6436	-0,39357841	-0,045636758	-0,053110152	-0,044861179
41716	159,73438	-112,7582	-112,6898	-0,3892161	-0,044956282	-0,05239366	-0,044342596
41716	160,23438	-110,8082	-110,75492	-0,38501173	-0,044355445	-0,051675469	-0,04375219
41716	160,73438	-108,8582	-108,80757	-0,38092732	-0,043805987	-0,050843805	-0,043182265
41716	161,23438	-106,9082	-106,86603	-0,37657395	-0,043165579	-0,050122648	-0,042622335
41716	161,73438	-104,9582	-104,89845	-0,3715612	-0,042552918	-0,049252555	-0,041991774
41716	162,23438	-103,0082	-102,96996	-0,36754012	-0,041935407	-0,048661396	-0,041462485
41716	162,73438	-101,0582	-100,98357	-0,363563	-0,041298084	-0,047840387	-0,040885892
41716	163,23438	-99,1082	-99,017059	-0,35884455	-0,040668137	-0,046988606	-0,040222287
41716	163,73438	-97,158203	-97,075386	-0,35424158	-0,039936461	-0,046162874	-0,03965525
41716	164,23438	-95,208199	-95,139412	-0,35044178	-0,03937161	-0,045396969	-0,039169353
41716	164,73438	-93,258202	-93,215485	-0,34528524	-0,038769841	-0,044546813	-0,03857867
41716	165,23438	-91,308205	-91,246208	-0,34077018	-0,038114712	-0,043791518	-0,038084611
41716	165,73438	-89,3582	-89,301941	-0,3361471	-0,037470162	-0,042970002	-0,03734792
41716	166,23438	-87,408203	-87,33931	-0,33156946	-0,036794625	-0,042100444	-0,036743965
41716	166,73438	-85,458199	-85,37632	-0,32721311	-0,036159627	-0,04139033	-0,036244616
41716	167,23438	-83,508202	-83,424622	-0,32209381	-0,035446718	-0,040458649	-0,035597153
41716	167,73438	-81,558205	-81,49662	-0,31816363	-0,034873098	-0,039697677	-0,03500168
41716	168,23438	-79,6082	-79,540207	-0,31333268	-0,034200281	-0,038954079	-0,034306262
41716	168,73438	-77,658203	-77,598701	-0,30816272	-0,033447996	-0,038062856	-0,033794094
41716	169,23438	-75,708199	-75,673271	-0,30293465	-0,03290648	-0,037289307	-0,033146881
41716	169,73438	-73,758202	-73,697197	-0,29820204	-0,032167703	-0,036360398	-0,032636248
41716	170,23438	-71,808205	-71,735214	-0,2938509	-0,031524949	-0,03554295	-0,031892911
41716	170,73438	-69,8582	-69,75161	-0,28821453	-0,03085383	-0,034688607	-0,031241413
41716	171,23438	-67,908203	-67,850113	-0,28341711	-0,030235954	-0,033839136	-0,03073832
41716	171,73438	-65,958199	-65,8769	-0,27831942	-0,029498391	-0,033035189	-0,030023836
41716	172,23438	-64,008202	-63,95932	-0,27311295	-0,028801523	-0,032218799	-0,029467575
41716	172,73438	-62,058201	-61,995506	-0,26707724	-0,028169826	-0,031424612	-0,028746042
41716	173,23438	-60,1082	-60,034382	-0,26182756	-0,027408175	-0,030476078	-0,028074216
41716	173,73438	-58,158199	-58,082405	-0,2571255	-0,026665546	-0,02955161	-0,027434867
41716	174,23438	-56,208202	-56,116375	-0,25105327	-0,025986142	-0,028793126	-0,026786368
41716	174,73438	-54,258202	-54,187294	-0,24544373	-0,025280595	-0,027861804	-0,026119478
41716	175,23438	-52,308201	-52,238277	-0,24003088	-0,024582557	-0,026985228	-0,025466546
41716	175,73438	-50,3582	-50,28331	-0,2346389	-0,023855835	-0,026132464	-0,024798039
41716	176,23438	-48,408199	-48,347443	-0,22898689	-0,023217849	-0,025322467	-0,024101552
41716	176,73438	-46,458199	-46,39389	-0,22256821	-0,022561155	-0,024438724	-0,023475394
41716	177,23438	-44,508202	-44,442234	-0,21725595	-0,021793202	-0,023586452	-0,02277961
41716	177,73438	-42,558201	-42,495846	-0,21136701	-0,02094464	-0,022683293	-0,02196585
41716	178,23438	-40,6082	-40,530365	-0,20480454	-0,020272717	-0,021871641	-0,021403573
41716	178,73438	-38,658199	-38,569153	-0,19893125	-0,019564487	-0,020964339	-0,020654764
41716	179,23438	-36,708199	-36,647079	-0,19319579	-0,018735178	-0,020198494	-0,019888878
41716	179,73438	-34,758202	-34,700958	-0,18668696	-0,018107802	-0,019256368	-0,019247159
41716	180,23438	-32,808201	-32,733223	-0,17985106	-0,01728636	-0,018369108	-0,018603861
41716	180,73438	-30,8582	-30,816643	-0,17379224	-0,016534559	-0,017497495	-0,017832637
41716	181,23438	-28,908199	-28,865009	-0,16727	-0,015841283	-0,016680613	-0,017143533
41716	181,73438	-26,9582	-26,878769	-0,16023144	-0,014962062	-0,0158059	-0,016253691
41716	182,23438	-25,0082	-24,922113	-0,15321299	-0,014149569	-0,014890581	-0,015454911
41716	182,73438	-23,058199	-22,982416	-0,14641732	-0,013344608	-0,014085069	-0,014823128
41716	183,23438	-21,1082	-21,037374	-0,13976097	-0,012582906	-0,01317893	-0,013976406
41716	183,73438	-19,158199	-19,099009	-0,132218	-0,011794351	-0,012382701	-0,013107967
41716	184,23438	-17,2082	-17,153353	-0,12504011	-0,010957681	-0,011528194	-0,012458369
41716	184,73438	-15,2582	-15,238352	-0,11722818	-0,010167234	-0,010687739	-0,011611646
41716	185,23438	-13,3082	-13,29289	-0,1094304	-0,0093150288	-0,0098624676	-0,010790378
41716	185,73438	-11,358199	-11,324158	-0,10095164	-0,0084689334	-0,0089814812	-0,0098930411
41716	186,23438	-9,4081993	-9,3334837	-0,091888756	-0,0075979233	-0,0082219392	-0,0090251435
41716	186,73438	-7,4581995	-7,3901172	-0,082330406	-0,0067544058	-0,0073868185	-0,0081088599
41716	187,23438	-5,5081992	-5,6293702	-0,073194504	-0,0059319213	-0,0066788346	-0,0072832927
41716	187,73438	-3,5581994	-3,9799883	-0,063757598	-0,0052400231	-0,0060204864	-0,0065528098
41716	188,23438	-1,6081992	-1,7447751	-0,047781318	-0,0043455362	-0,0051636249	-0,0052905232
41716	188,73438	-1	-0,84121156	-0,040177256	-0,0039387494	-0,0047121644	-0,0048336163
41716	189,23438	-1	-0,77038819	-0,03868863	-0,0038072169	-0,0047238171	-0,0047055054
41716	189,73438	-1	-0,77786481	-0,039020181	-0,0037647039	-0,0046039373	-0,0046786722
41716	190,23438	-1	-0,82304704	-0,038196146	-0,0038379282	-0,0045666844	-0,0047732014
41716	190,73438	-1	-0,83133948	-0,03817454	-0,0037215948	-0,0045213103	-0,0046751164
41716	191,23438	-1	-0,8276068	-0,038895011	-0,0037171096	-0,0044704825	-0,0046424102
41716	191,73438	-1	-0,84296054	-0,038335472	-0,0036429167	-0,0045689344	-0,0046212152
41716	192,23438	-1	-0,90068209	-0,038740039	-0,0036721081	-0,0045458078	-0,0046616159
41716	192,73438	-1	-0,91766006	-0,038781762	-0,0036706477	-0,0044433475	-0,0045654103
41716	193,23438	-1	-0,96393192	-0,0392057	-0,0037189275	-0,0045105368	-0,0045798589
41716	193,73438	-1	-0,9457823	-0,039007515	-0,0036154985	-0,004412055	-0,0044782367
41716	194,23438	-1	-0,9548161	-0,038525462	-0,0035682917	-0,0044093877	-0,0045648757
41716	194,73438	-1	-0,97960049	-0,039349496	-0,0036077499	-0,0044348985	-0,0046337787
41716	195,23438	-1	-0,98086524	-0,038962066	-0,0035824329	-0,0043428093	-0,0045067798
41716	195,73438	-1	-0,98860449	-0,038585812	-0,003589049	-0,0043644458	-0,0045197587
41716	196,23438	-1	-1,0090377	-0,038506091	-0,0035625547	-0,0043275952	-0,0045613907
41716	196,73438	-1	-1,0080374	-0,03887713	-0,0035559088	-0,0043698698	-0,0044949651
41716	197,23438	-1	-0,97626632	-0,039051473	-0,0035313368	-0,0043291301	-0,0045685861
41716	197,73438	-1	-0,9804554	-0,038576871	-0,0034898818	-0,0042855889	-0,0045084152
41716	198,23438	-1	-0,98118746	-0,0381805	-0,0034787208	-0,0043098181	-0,0045142211
41716	198,73438	-1	-0,99377149	-0,038938969	-0,0035313219	-0,0043257922	-0,0045723058
41716	199,23438	-1	-0,99209511	-0,038605928	-0,0034642369	-0,0042278618	-0,0044330955
41716	199,73438	-1	-0,99414217	-0,038529187	-0,0034859776	-0,0042644739	-0,0044010319
41716	200,23438	-1	-1,032181	-0,038313121	-0,0035655648	-0,0042078942	-0,0045328736
41716	200,73438	-1	-0,99332446	-0,038507581	-0,0034678131	-0,0042369366	-0,0044107568
41716	201,23438	-1	-0,97564048	-0,038835406	-0,0034187287	-0,0042352676	-0,004406726
41716	201,73438	-1	-0,99390745	-0,038385391	-0,0034964979	-0,0041427165	-0,0044457521
41716	202,23438	-1	-1,0007899	-0,038965791	-0,0034434944	-0,0041380525	-0,0044950265
41716	202,73438	-1	-1,0004398	-0,038473308	-0,0034917146	-0,004161045	-0,0043512471
41716	203,23438	-1	-1,0212921	-0,03843531	-0,003484115	-0,0041534603	-0,0043785777
41716	203,73438	-1	-0,99217522	-0,038047135	-0,0034119487	-0,0041804612	-0,0043141749
41716	204,23438	-1	-0,97899139	-0,038298219	-0,0033817887	-0,0041655302	-0,0043885559
41716	204,73438	-1	-0,99823999	-0,03830865	-0,0034764707	-0,0040833205	-0,0043623652
41716	205,23438	-1	-0,99943948	-0,037659705	-0,003385365	-0,0041258484	-0,0043891296
41716	205,73438	-1	-1,006743	-0,038117915	-0,0033835918	-0,0041418821	-0,0044027064
41716	206,23438	-1	-0,98803824	-0,038254261	-0,0034074783	-0,0041194558	-0,004336983
41716	206,73438	-1	-0,9944979	-0,038621575	-0,0034088343	-0,0041186959	-0,0043148845
41716	207,23438	-1	-0,99450535	-0,037523359	-0,0033517629	-0,0040494949	-0,0043531284
41716	207,73438	-1	-1,0023098	-0,038198382	-0,0034490526	-0,0040476322	-0,0043933168
41716	208,23438	-1	-1,0096673	-0,037641078	-0,0033884645	-0,0041198283	-0,0042902641
41716	208,73438	-1	-0,98795819	-0,037714094	-0,0033946037	-0,0041674227	-0,0042674728
41716	209,23438	-1	-0,99089557	-0,037643313	-0,0033616424	-0,004067257	-0,0042803809
41716	209,73438	-1	-1,0041316	-0,037942082	-0,003347829	-0,0040985048	-0,0043355115
41716	210,23438	-1	-1,0137446	-0,037422031	-0,0033868104	-0,0040905476	-0,0043928791
41716	210,73438	-1	-1,0109376	-0,037890673	-0,0032830834	-0,0040242076	-0,004328642
41716	211,23438	-1	-0,99531001	-0,037930906	-0,0033060312	-0,0040757209	-0,0042937007
41716	211,73438	-1	-0,98886156	-0,037980825	-0,0033012927	-0,0040472746	-0,0042347498
41716	212,23438	-1	-1,0160059	-0,037895888	-0,0033282042	-0,0039881915	-0,0042509679
41716	212,73438	-1	-1,0127295	-0,038219243	-0,0033626258	-0,0040473044	-0,0043149926
41716	213,23438	-1	-1,003677	-0,03746599	-0,0033399463	-0,0039827526	-0,0042855367
41716	213,73438	-1	-0,99750423	-0,037784129	-0,0032811165	-0,0039846599	-0,0042553134
41716	214,23438	-1	-0,9829756	-0,037820637	-0,0033025295	-0,0040278137	-0,0042854808
41716	214,73438	-1	-0,99177474	-0,037718564	-0,0032441616	-0,0039715767	-0,0043662749
41716	215,23438	-1	-1,010947	-0,037391484	-0,003277868	-0,0039886683	-0,0042551477
41716	215,73438	-1	-1,0102149	-0,03773123	-0,0033145547	-0,0039524138	-0,0042401347
41716	216,23438	-1	-0,99291092	-0,037761033	-0,0032535493	-0,0039772391	-0,0042839609
41716	216,73438	-1	-0,99365973	-0,037685782	-0,0032498986	-0,0039737672	-0,0042213947
41716	217,23438	-1	-0,9919647	-0,037219375	-0,0032838136	-0,0039219707	-0,0042844415
41716	217,73438	-1	-1,0110177	-0,037565082	-0,0032712668	-0,0039656609	-0,0040792264
41716	218,23438	-1	-1,0123123	-0,03746897	-0,0032575727	-0,0039729923	-0,0041153319
41716	218,73438	-2,3139648	-2,1717494	-0,044674426	-0,0035966635	-0,0042797625	-0,0046407226
41716	219,23438	-4,2639651	-3,9827282	-0,055217743	-0,0041754693	-0,004912585	-0,0052925386
41716	219,73438	-6,2139649	-6,0553756	-0,065645576	-0,0049297288	-0,0055869818	-0,0063368995
41716	220,23438	-8,1639652	-8,0428753	-0,075403601	-0,0056119487	-0,0063899308	-0,0070509743
41716	220,73438	-10,113965	-10,272453	-0,084731728	-0,0064611137	-0,0071042627	-0,0078289025
41716	221,23438	-12,063965	-12,306063	-0,093092769	-0,0071563274	-0,0078142434	-0,0086162016
41716	221,73438	-14,013966	-14,225087	-0,10075644	-0,0078530908	-0,0085576177	-0,0093561262
41716	222,23438	-15,963965	-16,150427	-0,10844097	-0,0085991994	-0,009349972	-0,010009907
41716	222,73438	-17,913965	-18,052296	-0,11497736	-0,0092554018	-0,01007174	-0,01068859
41716	223,23438	-19,863966	-19,979788	-0,12179017	-0,0099755004	-0,010890231	-0,011329608
41716	223,73438	-21,813965	-21,939281	-0,1284413	-0,010625578	-0,011686221	-0,011935081
41716	224,23438	-23,763966	-23,886568	-0,13481975	-0,011390842	-0,012520865	-0,012747355
41716	224,73438	-25,713966	-25,798985	-0,14133379	-0,012107886	-0,013309225	-0,013429888
41716	225,23438	-27,663965	-27,76181	-0,14746413	-0,012819335	-0,014158189	-0,014119707
41716	225,73438	-29,613966	-29,673935	-0,15403032	-0,013526738	-0,014949337	-0,014752913
41716	226,23438	-31,563965	-31,623407	-0,16022027	-0,014189065	-0,015875697	-0,015453633
41716	226,73438	-33,513966	-33,604092	-0,16655773	-0,014941864	-0,016701475	-0,016222294
41716	227,23438	-35,463966	-35,549011	-0,17241389	-0,015680611	-0,0175374	-0,016801361
41716	227,73438	-37,413967	-37,485779	-0,17843619	-0,016315147	-0,01841937	-0,017381072
41716	228,23438	-39,363964	-39,433159	-0,18454045	-0,016997471	-0,019251928	-0,018166758
41716	228,73438	-41,313965	-41,355499	-0,19047782	-0,017740577	-0,020110056	-0,01875164
41716	229,23438	-43,263966	-43,336166	-0,19630194	-0,018436044	-0,021042302	-0,019372534
41716	229,73438	-45,213966	-45,289314	-0,20204261	-0,01915852	-0,02189891	-0,019985653
41716	230,23438	-47,163967	-47,239113	-0,20826831	-0,019897386	-0,022787333	-0,020710632
41716	230,73438	-49,113968	-49,183697	-0,21361485	-0,020469122	-0,023541823	-0,021236587
41716	231,23438	-51,063965	-51,133923	-0,21978915	-0,021197528	-0,024366766	-0,021945059
41716	231,73438	-53,013966	-53,061337	-0,22472441	-0,021838948	-0,025326282	-0,022527374
41716	232,23438	-54,963966	-55,01231	-0,230892	-0,022566609	-0,026166975	-0,023207452
41716	232,73438	-56,913967	-57,01062	-0,23560897	-0,023337498	-0,027096376	-0,023950696
41716	233,23438	-58,863968	-58,94212	-0,24161637	-0,023974396	-0,027975187	-0,024539828
41716	233,73438	-60,813965	-60,88076	-0,2466321	-0,024614915	-0,028732985	-0,025159735
41716	234,23438	-62,763966	-62,830093	-0,25234446	-0,025352769	-0,029675111	-0,025858518
41716	234,73438	-64,713966	-64,752373	-0,25779456	-0,026013158	-0,030458346	-0,026491109
41716	235,23438	-66,663963	-66,748398	-0,26250705	-0,026735231	-0,031335622	-0,027043972
41716	235,73438	-68,613968	-68,69194	-0,2682589	-0,027416855	-0,032313585	-0,027698878
41716	236,23438	-70,563965	-70,634918	-0,27332008	-0,028073199	-0,033114985	-0,028256439
41716	236,73438	-72,513969	-72,561989	-0,2781637	-0,02877526	-0,033972159	-0,028956898
41716	237,23438	-74,463966	-74,500092	-0,2834782	-0,029350065	-0,03479588	-0,02960166
41716	237,73438	-76,413963	-76,487442	-0,28918609	-0,030121602	-0,035658494	-0,030195169
41716	238,23438	-78,363968	-78,407173	-0,29400736	-0,03081242	-0,036523938	-0,030941181
41716	238,73438	-80,313965	-80,384026	-0,29949695	-0,031454831	-0,037395358	-0,031554021
41716	239,23438	-82,263969	-82,344879	-0,30421019	-0,032185026	-0,038298786	-0,032066252
41716	239,73438	-84,213966	-84,249115	-0,30939877	-0,032752939	-0,03916204	-0,032691423
41716	240,23438	-86,163963	-86,204094	-0,31432509	-0,033491939	-0,040021434	-0,033245999
41716	240,73438	-88,113968	-88,183022	-0,31881556	-0,034202509	-0,040944785	-0,033969846
41716	241,23438	-90,063965	-90,115036	-0,32391846	-0,034833148	-0,041693643	-0,034618184
41716	241,73438	-92,013969	-92,099411	-0,32866597	-0,035616934	-0,042639956	-0,035246231
41716	242,23438	-93,963966	-94,030151	-0,33388883	-0,0362477	-0,04344964	-0,035712626
41716	242,73438	-95,913971	-95,972832	-0,33861622	-0,036836691	-0,044330865	-0,036395613
41716	243,23438	-97,863968	-97,910095	-0,34350231	-0,037468381	-0,045112029	-0,036949072
41716	243,73438	-99,813965	-99,865257	-0,34809485	-0,038203634	-0,045987934	-0,037586596
41716	244,23438	-101,76397	-101,8338	-0,35319477	-0,038831897	-0,046859637	-0,038229216
41716	244,73438	-103,71397	-103,79433	-0,35798624	-0,039611094	-0,047662765	-0,038805533
41716	245,23438	-105,66397	-105,74348	-0,36294684	-0,040279835	-0,048547372	-0,039399199
41716	245,73438	-107,61397	-107,67601	-0,36694035	-0,040871426	-0,049412593	-0,040001579
41716	246,23438	-109,56396	-109,62785	-0,37186667	-0,041554973	-0,050181359	-0,040593959
41716	246,73438	-111,51397	-111,54401	-0,37650615	-0,042214863	-0,051021472	-0,041196797
41716	247,23438	-113,46397	-113,51692	-0,38136467	-0,042921327	-0,051950559	-0,041795023
41716	247,73438	-115,41397	-115,49054	-0,38591251	-0,043613724	-0,052749723	-0,042323783
41716	248,23438	-117,36397	-117,4239	-0,39065033	-0,044247083	-0,053604826	-0,042967383
41716	248,73438	-119,31396	-119,36935	-0,39501935	-0,044879235	-0,054449543	-0,043656733
41716	249,23438	-121,26397	-121,3155	-0,3996335	-0,04563278	-0,055186644	-0,044197593
41716	249,73438	-123,21397	-123,2707	-0,40413886	-0,046203919	-0,056142405	-0,044799846
41716	250,23438	-125,16397	-125,24129	-0,4085876	-0,046978422	-0,0569693	-0,04536033
41716	250,73438	-127,11397	-127,18838	-0,41264966	-0,047601447	-0,057769015	-0,045992214
41716	251,23438	-129,06396	-129,10851	-0,41777492	-0,048151195	-0,058529675	-0,046610091
41716	251,73438	-131,01396	-131,08183	-0,42261928	-0,048831597	-0,059393421	-0,047155719
41716	252,23438	-132,96397	-133,0228	-0,42598397	-0,049514376	-0,060267791	-0,047768455
41716	252,73438	-134,91397	-135,00679	-0,43098181	-0,050191939	-0,061125323	-0,048425984
41716	253,23438	-136,86397	-136,9144	-0,43598861	-0,050835066	-0,061876744	-0,048930366
41716	253,73438	-138,81396	-138,88652	-0,43995753	-0,05159197	-0,062675998	-0,049571771
41716	254,23438	-140,76396	-140,82892	-0,44375136	-0,052165553	-0,063491166	-0,050225887
41716	254,73438	-142,71397	-142,80034	-0,44828579	-0,05287382	-0,064343452	-0,050803322
41716	255,23438	-144,66397	-144,72064	-0,45285821	-0,053526044	-0,065178573	-0,051346179
41716	255,73438	-146,61397	-146,67693	-0,45703575	-0,054237723	-0,06597726	-0,052020703
41716	256,23438	-148,56396	-148,63472	-0,46144202	-0,054865897	-0,066833675	-0,052620951
41716	256,73438	-150,51396	-150,59477	-0,46622157	-0,055577867	-0,067601502	-0,053189691
41716	257,23438	-152,46397	-152,5242	-0,47043636	-0,056270011	-0,068361685	-0,053935144
41716	257,73438	-154,41397	-154,45189	-0,47459155	-0,056867845	-0,069265142	-0,0543832
41716	258,23438	-156,36397	-156,41713	-0,47877803	-0,057533756	-0,070128843	-0,055024233
41716	258,73438	-158,31396	-158,36809	-0,48379824	-0,058270298	-0,070919916	-0,055734117
41716	259,23438	-160	-160,16197	-0,4872635	-0,058862388	-0,071712986	-0,056181539
41716	259,73438	-160	-160,11859	-0,48790202	-0,058958292	-0,071804404	-0,056282174
41716	260,23438	-160	-160,0475	-0,48770458	-0,059006356	-0,071885705	-0,056336816
41716	260,73438	-160	-160,07903	-0,48832074	-0,059094474	-0,071913108	-0,056413081
41716	261,23438	-160	-160,04372	-0,48852488	-0,059170932	-0,072040379	-0,056392591
41716	261,73438	-160	-160,05536	-0,4884854	-0,059227385	-0,072051585	-0,056465421
41716	262,23438	-160	-160,03056	-0,48849806	-0,059166417	-0,072007984	-0,056521837
41716	262,73438	-160	-160,00412	-0,48879758	-0,059222594	-0,072171912	-0,056454565
41716	263,23438	-160	-160,00522	-0,48899204	-0,059292339	-0,072168365	-0,056447845
41716	263,73438	-160	-160,006	-0,48895031	-0,059303999	-0,072266474	-0,056631941
41716	264,23438	-160	-160,03081	-0,48950166	-0,059398718	-0,072274804	-0,056493688
41716	264,73438	-160	-159,98553	-0,48925653	-0,059345692	-0,072261959	-0,056609299
41716	265,23438	-160	-159,99443	-0,48924461	-0,059423216	-0,072313502	-0,056523267
41716	265,73438	-160	-160,00266	-0,48978776	-0,059433699	-0,072321907	-0,056536328
41716	266,23438	-160	-159,9991	-0,48963353	-0,059553869	-0,072424933	-0,056690339
41716	266,73438	-160	-159,99576	-0,48992336	-0,059470259	-0,072529465	-0,056693796
41716	267,23438	-160	-159,97881	-0,48974156	-0,059507206	-0,072442338	-0,056626018
41716	267,73438	-160	-160,00784	-0,48962682	-0,059474587	-0,072541773	-0,056757998
41716	268,23438	-160	-159,99506	-0,4899852	-0,059626885	-0,072579935	-0,05674449
41716	268,73438	-160	-159,98911	-0,4909493	-0,059644029	-0,072541893	-0,056711372
41716	269,23438	-160	-159,99718	-0,49011782	-0,059646718	-0,072615445	-0,056818072
41716	269,73438	-160	-160,00026	-0,49090162	-0,059680402	-0,072618097	-0,056829784
41716	270,23438	-160	-159,98953	-0,49142912	-0,05968792	-0,072671726	-0,056684185
41716	270,73438	-160	-159,98586	-0,49060583	-0,059709094	-0,072697639	-0,056862313
41716	271,23438	-160	-159,97514	-0,49093813	-0,059657186	-0,072664082	-0,056726474
41716	271,73438	-160	-159,98888	-0,49138814	-0,059745483	-0,072758123	-0,056784805
41716	272,23438	-160	-160,0083	-0,49075708	-0,059759185	-0,072785839	-0,056929331
41716	272,73438	-160	-159,98166	-0,49167797	-0,059750333	-0,072798014	-0,056868073
41716	273,23438	-160	-159,97337	-0,49110427	-0,059789591	-0,072804913	-0,056890029
41716	273,73438	-160	-159,98601	-0,49121231	-0,059798107	-0,072778285	-0,056887325
41716	274,23438	-160	-159,99719	-0,49168617	-0,059804581	-0,072820455	-0,056965206
41716	274,73438	-160	-160,00278	-0,49132109	-0,059883736	-0,072847426	-0,056986492
41716	275,23438	-160	-160,02032	-0,49213096	-0,059943214	-0,072930068	-0,056965131
41716	275,73438	-160	-160,01909	-0,49185827	-0,059938684	-0,072879001	-0,056882944
41716	276,23438	-160	-159,95757	-0,49140379	-0,059850454	-0,072928369	-0,056972783
41716	276,73438	-160	-159,95653	-0,49189925	-0,059916541	-0,07294935	-0,056980249
41716	277,23438	-160	-159,98898	-0,4918389	-0,059903562	-0,072963938	-0,056975666
41716	277,73438	-160	-159,98917	-0,49202144	-0,059972346	-0,07303755	-0,05702759
41716	278,23438	-160	-160,00273	-0,49230233	-0,059988081	-0,07304275	-0,057002369
41716	278,73438	-160	-159,99722	-0,49226433	-0,059982948	-0,073075131	-0,056968521
41716	279,23438	-160	-159,98753	-0,4925698	-0,059945777	-0,073091701	-0,056991573
41716	279,73438	-160	-159,97812	-0,4923813	-0,060010158	-0,073083967	-0,056947585
41716	280,23438	-160	-159,98242	-0,49209148	-0,059978202	-0,0730232	-0,057024319
41716	280,73438	-160	-160,00011	-0,49266219	-0,060080864	-0,073079616	-0,057030711
41716	281,23438	-160	-160,02426	-0,49258843	-0,06008625	-0,073135316	-0,057082105
41716	281,73438	-160	-160,00574	-0,49268007	-0,060053647	-0,073137432	-0,057082172
41716	282,23438	-160	-159,96851	-0,49260482	-0,060053639	-0,073146835	-0,057085764
41716	282,73438	-160	-160,00648	-0,49277842	-0,060172297	-0,073169038	-0,057181377
41716	283,23438	-160	-160,00287	-0,49285516	-0,060175337	-0,073192462	-0,057101402
41716	283,73438	-160	-160,00923	-0,49302876	-0,060157135	-0,073244438	-0,05710404
41716	284,23438	-160	-159,97701	-0,49282536	-0,060155503	-0,073212981	-0,057059903
41716	284,73438	-160	-159,99327	-0,49289316	-0,060178436	-0,073281229	-0,0572141
41716	285,23438	-160	-159,98108	-0,49255639	-0,060151316	-0,073317364	-0,057083238
41716	285,73438	-160	-160,00877	-0,49314648	-0,060178585	-0,073288143	-0,057154451
41716	286,23438	-160	-160,00775	-0,4933387	-0,060257517	-0,073276177	-0,057184797
41716	286,73438	-160	-160,02788	-0,49311593	-0,06030868	-0,073342726	-0,057209332
41716	287,23438	-160	-159,98976	-0,49316064	-0,0602227	-0,073319286	-0,057160359
41716	287,73438	-160	-159,96686	-0,49364939	-0,060239285	-0,073297456	-0,057227377
41716	288,23438	-160	-159,98717	-0,49364343	-0,060248829	-0,073378518	-0,057285432
41716	288,73438	-160	-159,98488	-0,49379319	-0,06030874	-0,073413849	-0,057263594
41716	289,23438	-159,69727	-159,86618	-0,49336776	-0,060296483	-0,073394999	-0,057174113
41716	289,73438	-157,19727	-157,23016	-0,48829243	-0,059487581	-0,072388902	-0,056429703
41716	290,23438	-154,69727	-154,69632	-0,4843466	-0,058739223	-0,071605965	-0,05588996
41716	290,73438	-152,19727	-152,15707	-0,47892034	-0,057951599	-0,07065317	-0,055152114
41716	291,23438	-149,69727	-149,66151	-0,47355145	-0,057219528	-0,069694623	-0,054429095
41716	291,73438	-147,19727	-147,17987	-0,4691571	-0,056502335	-0,068797499	-0,053696353
41716	292,23438	-144,69727	-144,62369	-0,46395734	-0,055677667	-0,067868978	-0,053135108
41716	292,73438	-142,19727	-142,11855	-0,45879781	-0,054990783	-0,066943258	-0,05235118
41716	293,23438	-139,69727	-139,6335	-0,45362934	-0,054208055	-0,066031113	-0,051604901
41716	293,73438	-137,19727	-137,13832	-0,44855401	-0,053466231	-0,065064207	-0,050982382
41716	294,23438	-134,69727	-134,63345	-0,44409111	-0,052732915	-0,064157262	-0,050208222
41716	294,73438	-132,19727	-132,11166	-0,43888539	-0,051870279	-0,063234642	-0,04958443
41716	295,23438	-129,69727	-129,60263	-0,43335855	-0,051062442	-0,062294751	-0,048871826
41716	295,73438	-127,19727	-127,1298	-0,4276067	-0,050388448	-0,061301708	-0,048161719
41716	296,23438	-124,69727	-124,64056	-0,42264909	-0,049606934	-0,060384557	-0,047516625
41716	296,73438	-122,19727	-122,15074	-0,41755587	-0,048800126	-0,059467703	-0,046745833
41716	297,23438	-119,69727	-119,62208	-0,41200295	-0,048056953	-0,058455676	-0,046061184
41716	297,73438	-117,19727	-117,1198	-0,40646195	-0,047224917	-0,057403535	-0,045363527
41716	298,23438	-114,69727	-114,60516	-0,40140226	-0,046413146	-0,056432426	-0,044571806
41716	298,73438	-112,19727	-112,146	-0,39578229	-0,0457047	-0,055366412	-0,043822814
41716	299,23438	-109,69727	-109,62074	-0,39087385	-0,044825621	-0,054411128	-0,043267425
41716	299,73438	-107,19727	-107,10243	-0,38503557	-0,044022091	-0,053392455	-0,042530052
41716	300,23438	-104,69727	-104,62657	-0,37914142	-0,04316999	-0,05234234	-0,041705638
41716	300,73438	-102,19727	-102,13615	-0,37380904	-0,042460844	-0,05139184	-0,040930688
41716	301,23438	-99,697266	-99,622917	-0,3681466	-0,041669354	-0,050397381	-0,040237542
41716	301,73438	-97,197266	-97,136581	-0,36232248	-0,040767223	-0,049375623	-0,039457567
41716	302,23438	-94,697266	-94,647354	-0,35660788	-0,039938964	-0,048325941	-0,038747888
41716	302,73438	-92,197266	-92,105789	-0,35062432	-0,039138414	-0,047282204	-0,038026627
41716	303,23438	-89,697266	-89,609047	-0,3448315	-0,038253799	-0,046197385	-0,037176102
41716	303,73438	-87,197266	-87,112129	-0,33828095	-0,03744214	-0,045196891	-0,036432408
41716	304,23438	-84,697266	-84,610489	-0,33272803	-0,036585905	-0,044156775	-0,035676613
41716	304,73438	-82,197266	-82,131302	-0,32701641	-0,035847791	-0,043042734	-0,034897815
41716	305,23438	-79,697266	-79,62281	-0,32042265	-0,034953162	-0,041955769	-0,03417968
41716	305,73438	-77,197266	-77,125229	-0,31421706	-0,034154721	-0,040896297	-0,033372361
41716	306,23438	-74,697266	-74,658989	-0,30790046	-0,033317238	-0,03979677	-0,032492433
41716	306,73438	-72,197266	-72,137512	-0,3014937	-0,032375969	-0,038612396	-0,031831056
41716	307,23438	-69,697266	-69,630745	-0,29519573	-0,031518154	-0,03756313	-0,031056043
41716	307,73438	-67,197266	-67,113914	-0,28879195	-0,030668512	-0,036449626	-0,030177813
41716	308,23438	-64,697266	-64,614471	-0,28156415	-0,029691383	-0,035347581	-0,029406045
41716	308,73438	-62,197266	-62,102219	-0,27510449	-0,028875127	-0,034210727	-0,028642889
41716	309,23438	-59,697266	-59,624451	-0,26842505	-0,02798567	-0,03311035	-0,027839914
41716	309,73438	-57,197266	-57,124207	-0,26117563	-0,027167268	-0,031997129	-0,027067278
41716	310,23438	-54,697266	-54,636181	-0,25405139	-0,026192218	-0,0307706	-0,026082117
41716	310,73438	-52,197266	-52,128979	-0,24675205	-0,025252551	-0,029666334	-0,025382869
41716	311,23438	-49,697266	-49,611099	-0,23966879	-0,024330921	-0,028513566	-0,024509415
41716	311,73438	-47,197266	-47,134533	-0,23187473	-0,023464181	-0,027342007	-0,023606598
41716	312,23438	-44,697266	-44,659733	-0,22495985	-0,022533752	-0,026184008	-0,022813004
41716	312,73438	-42,197266	-42,128643	-0,2174139	-0,021612853	-0,025071666	-0,021945179
41716	313,23438	-39,697266	-39,599777	-0,20890757	-0,020555422	-0,023857936	-0,020984635
41716	313,73438	-37,197266	-37,122696	-0,20126849	-0,019643761	-0,022737816	-0,0200627
41716	314,23438	-34,697266	-34,63575	-0,193391	-0,018713258	-0,021573424	-0,019205846
41716	314,73438	-32,197266	-32,10799	-0,18504187	-0,017727219	-0,020408124	-0,018198892
41716	315,23438	-29,697266	-29,644058	-0,17658845	-0,016758919	-0,019241735	-0,017403539
41716	315,73438	-27,197266	-27,134491	-0,16828477	-0,01578106	-0,018118083	-0,016418837
41716	316,23438	-24,697266	-24,624109	-0,1582481	-0,014686577	-0,016851768	-0,01548009
41716	316,73438	-22,197266	-22,121555	-0,14998987	-0,013612978	-0,015783533	-0,014630754
41716	317,23438	-19,697266	-19,620064	-0,14067963	-0,012655772	-0,014568821	-0,013580799
41716	317,73438	-17,197266	-17,123901	-0,13164431	-0,011584334	-0,013338789	-0,01253958
41716	318,23438	-14,697266	-14,655941	-0,12138262	-0,01057981	-0,012231812	-0,011667579
41716	318,73438	-12,197266	-12,154633	-0,11084601	-0,0094828382	-0,011056051	-0,010534726
41716	319,23438	-9,6972656	-9,675106	-0,10006726	-0,008448191	-0,0099852532	-0,0094471388
41716	319,73438	-7,1972656	-7,1760621	-0,08777082	-0,007394895	-0,0088611096	-0,0084304791
41716	320,23438	-4,6972656	-4,9635153	-0,074964017	-0,0063577965	-0,0078899711	-0,0073636733
41716	320,73438	-2,1972656	-2,3708808	-0,059897453	-0,0052759349	-0,0068229735	-0,006242102
41716	321,23438	-1	-0,84270722	-0,047052652	-0,0045861378	-0,0060359985	-0,0054024942
41716	321,73438	-1	-0,72333401	-0,045389682	-0,004492946	-0,0059126318	-0,0051493403
41716	322,23438	-1	-0,72047675	-0,044944137	-0,0044850558	-0,0058716834	-0,0051011499
41716	322,73438	-1	-0,77870303	-0,044441223	-0,0044546649	-0,0057689846	-0,0051827934
41716	323,23438	-1	-0,81177986	-0,044790655	-0,0044282451	-0,005790934	-0,005116649
41716	323,73438	-1	-0,83415025	-0,045405328	-0,0043338537	-0,0056786239	-0,0050937962
41716	324,23438	-1	-0,87323785	-0,045425445	-0,0042295977	-0,0056417584	-0,0050669666
41716	324,73438	-1	-0,91287124	-0,045062602	-0,0043147281	-0,0056044459	-0,0051438045
41716	325,23438	-1	-0,93039125	-0,045497715	-0,0043321997	-0,0055977255	-0,0050360672
41716	325,73438	-1	-0,97309798	-0,044991076	-0,0043518245	-0,0055550933	-0,0050036181
41716	326,23438	-1	-0,94560349	-0,044646114	-0,0042224377	-0,0055513531	-0,004939463
41716	326,73438	-1	-0,97037482	-0,045014918	-0,0042679235	-0,0055311024	-0,0049681664
41716	327,23438	-1	-1,0042117	-0,045049936	-0,0042607039	-0,0055426657	-0,0049571097
41716	327,73438	-1	-0,97709149	-0,044881552	-0,0042485073	-0,0055156797	-0,0049260017
41716	328,23438	-1	-0,96491909	-0,044614077	-0,0041683093	-0,0054891706	-0,0049949121
41716	328,73438	-1	-0,99269861	-0,044889748	-0,0041024834	-0,005503878	-0,004989665
41716	329,23438	-1	-1,0224451	-0,044883788	-0,0041741431	-0,0054396987	-0,004952427
41716	329,73438	-1	-0,99221992	-0,044880062	-0,004172951	-0,0054205507	-0,0049736723
41716	330,23438	-1	-0,97627378	-0,04465729	-0,0041119605	-0,0054524094	-0,0049057007
41716	330,73438	-1	-0,99558759	-0,044667721	-0,0041735992	-0,0053628683	-0,0048154276
41716	331,23438	-1	-1,0298007	-0,044689327	-0,004106015	-0,0053318739	-0,0049724653
41716	331,73438	-1	-0,98579937	-0,04458949	-0,0040822774	-0,005359605	-0,0048828311
41716	332,23438	-1	-0,99410862	-0,044586509	-0,0040624142	-0,0053101182	-0,0048154332
41716	332,73438	-1	-0,99154562	-0,044106692	-0,0040896833	-0,0053695738	-0,0048837215
41716	333,23438	-1	-1,0164864	-0,044376403	-0,0041039139	-0,0053005517	-0,0048879627
41716	333,73438	-1	-0,99362063	-0,044180453	-0,004080072	-0,0053796172	-0,0048104469
41716	334,23438	-1	-0,97491592	-0,043969601	-0,0040677339	-0,005288437	-0,0048477463
41716	334,73438	-1	-1,0041147	-0,044124573	-0,0040011704	-0,0053109229	-0,0047677737
41716	335,23438	-1	-0,99992192	-0,043903291	-0,004002735	-0,0051901489	-0,0047988966
41716	335,73438	-1	-1,0376331	-0,044558942	-0,0040780604	-0,00527215	-0,0048201159
41716	336,23438	-1	-1,0048337	-0,043868273	-0,0039495677	-0,0052950978	-0,0047069117
41716	336,73438	0	0,8976478	0,63745308	-0,0036196709	-0,0045659095	-0,0039954931

Datenerfassung						Zeit:	337,16797	s	18.03.2014 17:24:28
Ch 1 Kraft	Ch 1 W2TK Mittel	1944 A	1944 B	1281068
kN	mm	mm	mm	mm
0,93440711	0,00027012872	0,00013104081	7,1227551e-06	0,00012849085
-161,15913	-8,7633212e-05	-0,06040293	-1,2143722	-1,3590361
