Datum : 	27.8.2014
Durchmesser :	47,84
Datum	Laufzeit	Ch 1 Kraft Sollwert	Ch 1 Kraft	Ch 1 Weg	1944 A	1944 B	1281068
d	s	kN	kN	mm	mm	mm	mm
41878	49,041016	-1,4980469	-1,3665613	-0,0028133392	-8,9965761e-05	-0,00085926056	-0,0001541013
41878	49,541016	-1,9980469	-1,5627872	-0,0058859587	-0,0001169499	-0,0013561249	-0,00033562814
41878	50,041016	-2,4980469	-2,5869682	-0,012591481	-0,00075280108	-0,0031148195	-0,00096489093
41878	50,541016	-2,9980469	-3,1290519	-0,018796325	-0,0011364277	-0,0041205287	-0,001528505
41878	51,041016	-3,4980469	-3,6063139	-0,021183491	-0,0014708973	-0,0049241185	-0,0019312282
41878	51,541016	-3,9980469	-4,0596986	-0,026988983	-0,0018394738	-0,0057539344	-0,002199817
41878	52,041016	-4,4980469	-4,6339836	-0,029155612	-0,0024112929	-0,0067167282	-0,0027067692
41878	52,541016	-4,9980469	-5,1542931	-0,034958124	-0,0027774032	-0,0075012445	-0,0030891353
41878	53,041016	-5,4980469	-5,6572313	-0,037389994	-0,0032510404	-0,0083218217	-0,0035728374
41878	53,541016	-5,9980469	-6,1050301	-0,041130185	-0,0036014058	-0,0090897679	-0,0039517866
41878	54,041016	-6,4980469	-6,6362209	-0,043529272	-0,0040701255	-0,0099021196	-0,0044812635
41878	54,541016	-6,9980469	-7,0576949	-0,046256185	-0,0044691432	-0,010598958	-0,0048962981
41878	55,041016	-7,4980469	-7,555171	-0,049677491	-0,0049659908	-0,011350513	-0,0052559311
41878	55,541016	-7,9980469	-8,0300989	-0,053617358	-0,0053609842	-0,012050331	-0,0057569379
41878	56,041016	-8,4980469	-8,5380697	-0,056374073	-0,0059195012	-0,012765527	-0,0062105893
41878	56,541016	-8,9980469	-8,9748783	-0,059223175	-0,0063101025	-0,013508737	-0,0066841184
41878	57,041016	-9,4980469	-9,5104914	-0,062480569	-0,0068528214	-0,014252663	-0,0071436968
41878	57,541016	-9,9980469	-9,9739599	-0,064969063	-0,0073337071	-0,014953017	-0,0076539693
41878	58,041016	-10,498047	-10,502917	-0,068062544	-0,007882257	-0,015671551	-0,0081823198
41878	58,541016	-10,998047	-10,949103	-0,070819259	-0,0083435047	-0,016333103	-0,0086333426
41878	59,041016	-11,498047	-11,489983	-0,073179603	-0,0089289704	-0,017086506	-0,0093038706
41878	59,541016	-11,998047	-11,957661	-0,075939298	-0,0093034655	-0,017708361	-0,0097238794
41878	60,041016	-12,498047	-12,470818	-0,078651309	-0,0099988123	-0,018402666	-0,010345234
41878	60,541016	-12,998047	-12,959428	-0,081551075	-0,01049044	-0,019061357	-0,010764975
41878	61,041016	-13,498047	-13,480489	-0,084793568	-0,011095678	-0,019756526	-0,011438061
41878	61,541016	-13,998047	-14,012074	-0,086024404	-0,011655067	-0,02039516	-0,011910761
41878	62,041016	-14,498047	-14,490078	-0,08995533	-0,012224	-0,021104842	-0,012566145
41878	62,541016	-14,998047	-15,030053	-0,091895461	-0,012803171	-0,021724254	-0,013035825
41878	63,041016	-15,498047	-15,490409	-0,095027685	-0,013272321	-0,02241978	-0,013643456
41878	63,541016	-15,998047	-16,038273	-0,096318126	-0,013963504	-0,023087114	-0,014237105
41878	64,041016	-16,498047	-16,510166	-0,0993222	-0,01452099	-0,023787618	-0,01477097
41878	64,541016	-16,998047	-17,025372	-0,10123551	-0,01512407	-0,024467766	-0,015317922
41878	65,041016	-17,498047	-17,512745	-0,10326207	-0,015740408	-0,0250386	-0,016026892
41878	65,541016	-17,998047	-18,029634	-0,10710955	-0,016252771	-0,025767207	-0,016524401
41878	66,041016	-18,498047	-18,551315	-0,10874271	-0,016866252	-0,026416063	-0,017101318
41878	66,541016	-18,998047	-19,02264	-0,11053085	-0,017476603	-0,027041733	-0,017719895
41878	67,041016	-19,498047	-19,53451	-0,11322796	-0,018014703	-0,027638912	-0,01833405
41878	67,541016	-19,998047	-20,023205	-0,11507571	-0,018546224	-0,028341025	-0,018910671
41878	68,041016	-20,498047	-20,518929	-0,11836886	-0,019167932	-0,028948814	-0,01947243
41878	68,541016	-20,998047	-20,967085	-0,11920035	-0,019723265	-0,029550761	-0,02004016
41878	69,041016	-21,498047	-21,524128	-0,12069345	-0,020309303	-0,030194014	-0,020561609
41878	69,541016	-21,998047	-21,978722	-0,12453496	-0,020917932	-0,030874729	-0,021213349
41878	70,041016	-22,498047	-22,498709	-0,12701452	-0,021499565	-0,03152138	-0,021774907
41878	70,541016	-22,998047	-22,975357	-0,12949109	-0,022112973	-0,032243937	-0,022318896
41878	71,041016	-23,498047	-23,455008	-0,13169944	-0,02260571	-0,032617092	-0,022908738
41878	71,541016	-23,998047	-23,976692	-0,13293922	-0,023295242	-0,033400953	-0,023544481
41878	72,041016	-24,498047	-24,468256	-0,13521016	-0,023885492	-0,033973426	-0,024219159
41878	72,541016	-24,998047	-24,993834	-0,13836026	-0,024453158	-0,03469798	-0,024745323
41878	73,041016	-25,498047	-25,446285	-0,13979077	-0,024984105	-0,035350055	-0,025360873
41878	73,541016	-25,998047	-25,985201	-0,1424402	-0,025719997	-0,036002606	-0,02607313
41878	74,041016	-26,498047	-26,444267	-0,1452148	-0,026253654	-0,036543548	-0,026627148
41878	74,541016	-26,998047	-26,990278	-0,14705062	-0,026888538	-0,037250429	-0,027221464
41878	75,041016	-27,498047	-27,45557	-0,14939904	-0,027383735	-0,037864149	-0,027857278
41878	75,541016	-27,998047	-27,998377	-0,15152395	-0,028107436	-0,038606137	-0,028586168
41878	76,041016	-28,498047	-28,443871	-0,15457571	-0,028727889	-0,039191902	-0,029052136
41878	76,541016	-28,998047	-29,012732	-0,1565069	-0,029396053	-0,039839089	-0,02977857
41878	77,041016	-29,498047	-29,459171	-0,15897751	-0,029824035	-0,040417463	-0,030327259
41878	77,541016	-29,998047	-30,014317	-0,16100109	-0,030557968	-0,041174233	-0,030961543
41878	78,041016	-30,498047	-30,504431	-0,16283393	-0,03108686	-0,041761905	-0,031552691
41878	78,541016	-30,998047	-31,028627	-0,16456544	-0,031858567	-0,042490065	-0,032235421
41878	79,041016	-31,498047	-31,51602	-0,16792119	-0,032402694	-0,043021083	-0,032917503
41878	79,541016	-31,998047	-32,053772	-0,16985536	-0,033032101	-0,043689102	-0,033481397
41878	80,041016	-32,498047	-32,541321	-0,17161071	-0,033549696	-0,04436034	-0,034167897
41878	80,541016	-32,998047	-33,040611	-0,17466545	-0,0342976	-0,045049846	-0,034734618
41878	81,041016	-33,498047	-33,551147	-0,17598271	-0,034924638	-0,045733064	-0,035470054
41878	81,541016	-33,998047	-34,012711	-0,17901957	-0,035486173	-0,046291411	-0,036006905
41878	82,041016	-34,498047	-34,577732	-0,17921925	-0,036179669	-0,046963304	-0,036709655
41878	82,541016	-34,998047	-35,050648	-0,18294454	-0,036735423	-0,047632903	-0,037407268
41878	83,041016	-35,498047	-35,586891	-0,18513799	-0,037441075	-0,048219234	-0,037972827
41878	83,541016	-35,998047	-35,985672	-0,18685758	-0,037910614	-0,048734188	-0,038495719
41878	84,041016	-36,498047	-36,518917	-0,18855631	-0,038553014	-0,049507916	-0,039142653
41878	84,541016	-36,998047	-36,986694	-0,18994212	-0,039149962	-0,050100267	-0,039755095
41878	85,041016	-37,498047	-37,482162	-0,19294322	-0,039837074	-0,050681084	-0,040350597
41878	85,541016	-37,998047	-37,971405	-0,19515753	-0,040466998	-0,051389426	-0,041115843
41878	86,041016	-38,498047	-38,458889	-0,1968503	-0,041040331	-0,051941305	-0,041677956
41878	86,541016	-38,998047	-38,986286	-0,19873381	-0,04175587	-0,052585274	-0,042259157
41878	87,041016	-39,498047	-39,486969	-0,20187795	-0,042330377	-0,053274274	-0,043037623
41878	87,541016	-39,998047	-39,999931	-0,20365715	-0,043032542	-0,053953111	-0,043673076
41878	88,041016	-39,506836	-39,595646	-0,20296276	-0,042624474	-0,053672552	-0,043229152
41878	88,541016	-39,006836	-39,008526	-0,20053685	-0,042027012	-0,052971095	-0,042563953
41878	89,041016	-38,506836	-38,466198	-0,19872189	-0,04143066	-0,052373171	-0,042010158
41878	89,541016	-38,006836	-37,979057	-0,19754469	-0,040806897	-0,051891834	-0,041448802
41878	90,041016	-37,506836	-37,471432	-0,19515157	-0,040288419	-0,051313579	-0,040874302
41878	90,541016	-37,006836	-37,011143	-0,19343793	-0,039758906	-0,05078575	-0,040366616
41878	91,041016	-36,506836	-36,479607	-0,19162595	-0,039183453	-0,050219893	-0,039804347
41878	91,541016	-36,006836	-36,013718	-0,18983781	-0,038752213	-0,049571186	-0,039217457
41878	92,041016	-35,506836	-35,468689	-0,18873513	-0,038092695	-0,049028397	-0,038598549
41878	92,541016	-35,006836	-35,026684	-0,18685758	-0,037569501	-0,048538119	-0,038105361
41878	93,041016	-34,506836	-34,478863	-0,18452108	-0,036941487	-0,047993779	-0,037517104
41878	93,541016	-34,006836	-34,027714	-0,18372536	-0,03647403	-0,047386616	-0,036940221
41878	94,041016	-33,506836	-33,520329	-0,18168986	-0,035866521	-0,046867073	-0,036450464
41878	94,541016	-33,006836	-33,016247	-0,17935634	-0,035368115	-0,04630205	-0,03586816
41878	95,041016	-32,506836	-32,605049	-0,17772913	-0,034895219	-0,045831263	-0,035375383
41878	95,541016	-32,006836	-32,057701	-0,17547607	-0,034247536	-0,045131236	-0,034758218
41878	96,041016	-31,506836	-31,602833	-0,17379522	-0,033729739	-0,044664681	-0,034146402
41878	96,541016	-31,006836	-31,058933	-0,17310381	-0,033145897	-0,044022441	-0,033673339
41878	97,041016	-30,506836	-30,573736	-0,17008781	-0,032622691	-0,043445557	-0,032900166
41878	97,541016	-30,006836	-30,040508	-0,16819835	-0,031949207	-0,042792678	-0,032494903
41878	98,041016	-29,506836	-29,559309	-0,16624331	-0,03138547	-0,042240202	-0,031852104
41878	98,541016	-29,006836	-29,028635	-0,16431808	-0,030877752	-0,041617274	-0,031202506
41878	99,041016	-28,506836	-28,522379	-0,16286075	-0,030261412	-0,041077465	-0,030714534
41878	99,541016	-28,006836	-28,020796	-0,16054511	-0,029573303	-0,040465295	-0,030009512
41878	100,04102	-27,506836	-27,517506	-0,15822649	-0,029043514	-0,039839387	-0,029483341
41878	100,54102	-27,006836	-27,017065	-0,15629232	-0,028552312	-0,039270341	-0,028801261
41878	101,04102	-26,506836	-26,48337	-0,15396476	-0,027838064	-0,038649589	-0,028372256
41878	101,54102	-26,006836	-25,993923	-0,15307069	-0,027283465	-0,038103044	-0,027696174
41878	102,04102	-25,506836	-25,480837	-0,15020072	-0,026699074	-0,037450045	-0,027034823
41878	102,54102	-25,006836	-24,96804	-0,14815331	-0,026140347	-0,036834329	-0,026429648
41878	103,04102	-24,506836	-24,477713	-0,14680624	-0,025557946	-0,036301017	-0,025926253
41878	103,54102	-24,006836	-23,967716	-0,14439523	-0,024984635	-0,035677761	-0,025289565
41878	104,04102	-23,506836	-23,483786	-0,14198124	-0,024457283	-0,035091251	-0,024745904
41878	104,54102	-23,006836	-22,95001	-0,13961196	-0,023845643	-0,034516454	-0,024188112
41878	105,04102	-22,506836	-22,500324	-0,13907254	-0,023385501	-0,033892035	-0,023553109
41878	105,54102	-22,006836	-21,950218	-0,13659894	-0,02268159	-0,033256531	-0,022930665
41878	106,04102	-21,506836	-21,518494	-0,13451278	-0,022294605	-0,032669723	-0,022331787
41878	106,54102	-21,006836	-20,977306	-0,13186336	-0,021490814	-0,032051414	-0,021823939
41878	107,04102	-20,506836	-20,497034	-0,12985468	-0,021069549	-0,031406879	-0,021295937
41878	107,54102	-20,006836	-19,996634	-0,12726486	-0,020427261	-0,030970514	-0,020673903
41878	108,04102	-19,506836	-19,52845	-0,12583435	-0,019984834	-0,030242264	-0,020068232
41878	108,54102	-19,006836	-19,021132	-0,12298524	-0,019273169	-0,029672772	-0,019554691
41878	109,04102	-18,506836	-18,54077	-0,12035072	-0,018845931	-0,029069871	-0,018906221
41878	109,54102	-18,006836	-18,040434	-0,11795163	-0,018276898	-0,02840361	-0,01825312
41878	110,04102	-17,506836	-17,559074	-0,11608601	-0,017701132	-0,027923793	-0,017729454
41878	110,54102	-17,006836	-17,027737	-0,11394024	-0,017104067	-0,027152658	-0,017135244
41878	111,04102	-16,506836	-16,556257	-0,11270642	-0,016568471	-0,026563644	-0,016593084
41878	111,54102	-16,006836	-16,032404	-0,1090318	-0,015963443	-0,025904357	-0,016018828
41878	112,04102	-15,506836	-15,549194	-0,10745525	-0,015487421	-0,025281727	-0,015352759
41878	112,54102	-15,006836	-15,018117	-0,10375977	-0,014842927	-0,024608105	-0,014712918
41878	113,04102	-14,506836	-14,543579	-0,10158718	-0,014303479	-0,023943126	-0,014077025
41878	113,54102	-14,006836	-14,005279	-0,10017157	-0,013702033	-0,02332896	-0,013585645
41878	114,04102	-13,506836	-13,529572	-0,098177791	-0,013162194	-0,022652596	-0,012902977
41878	114,54102	-13,006836	-12,98864	-0,094985962	-0,012567475	-0,021973372	-0,012328141
41878	115,04102	-12,506836	-12,527909	-0,09251833	-0,01200828	-0,021342069	-0,011859164
41878	115,54102	-12,006836	-11,975995	-0,089028478	-0,011427989	-0,020684391	-0,011077595
41878	116,04102	-11,506836	-11,494794	-0,08854866	-0,010848083	-0,019977421	-0,010617054
41878	116,54102	-11,006836	-10,965175	-0,085431337	-0,010300744	-0,019272864	-0,010033302
41878	117,04102	-10,506836	-10,500009	-0,08302331	-0,0097608399	-0,018609285	-0,0094008232
41878	117,54102	-10,006836	-9,9461689	-0,080028176	-0,0091040088	-0,017881095	-0,0087855179
41878	118,04102	-9,5068359	-9,4872742	-0,078511238	-0,00862878	-0,017264605	-0,0082756802
41878	118,54102	-9,0068359	-8,9449654	-0,07558167	-0,0080573652	-0,016520977	-0,0078170095
41878	119,04102	-8,5068359	-8,5071068	-0,071892142	-0,0076068426	-0,015784442	-0,0072220694
41878	119,54102	-8,0068359	-8,0303297	-0,067773461	-0,007113005	-0,015132606	-0,0067071565
41878	120,04102	-7,5068359	-7,8419809	-0,068449974	-0,0069419667	-0,014810383	-0,0064864471
41878	120,54102	-7,0068359	-6,9348831	-0,061744452	-0,0059873182	-0,013488591	-0,0054903342
41878	121,04102	-6,5068359	-6,3863659	-0,058051944	-0,0055264989	-0,01253438	-0,0049337554
41878	121,54102	-6,0068359	-5,9078259	-0,057086349	-0,0050354786	-0,0118891	-0,0045877495
41878	122,04102	-5,5068359	-5,4663401	-0,050708652	-0,0046163797	-0,011113524	-0,0041582887
41878	122,54102	-5,0068359	-4,9777737	-0,049817562	-0,0040500946	-0,010300934	-0,0036322211
41878	123,04102	-4,5068359	-4,5224986	-0,046417117	-0,0036204476	-0,009424448	-0,0032792625
41878	123,54102	-4,0068359	-3,9921627	-0,041157007	-0,0030684136	-0,0084476471	-0,002636893
41878	124,04102	-3,5068359	-3,465224	-0,038203597	-0,0026790407	-0,0074842572	-0,0022939844
41878	124,54102	-3,0068359	-2,9407496	-0,033044815	-0,0022033807	-0,0064896941	-0,0018257278
41878	125,04102	-2,5068359	-2,4269204	-0,028330088	-0,0018597022	-0,0054790378	-0,0016427545
41878	125,54102	-2,0068359	-1,9459966	-0,023943186	-0,0015521366	-0,0043280721	-0,0014003493
41878	126,04102	-1,5068359	-1,460798	-0,019091368	-0,0014219657	-0,0031901002	-0,0010181952
41878	126,54102	-1,0068359	-0,98724294	-0,012630224	-0,0013096817	-0,0018926859	-0,00077854155
41878	127,04102	-1,4882813	-1,236843	-0,01437366	-0,0014210157	-0,0024660826	-0,00082877465
41878	127,54102	-1,9882813	-1,7549042	-0,020191073	-0,0015095863	-0,0035836697	-0,0010928829
41878	128,04102	-2,4882813	-1,7936882	-0,020158291	-0,0015052017	-0,003726542	-0,0010163956
41878	128,54102	-2,9882813	-3,0330458	-0,030717254	-0,0023347475	-0,006093502	-0,0016989999
41878	129,04102	-3,4882813	-3,5119615	-0,034245849	-0,0027442034	-0,0069714785	-0,0020951829
41878	129,54102	-3,9882813	-4,0155945	-0,037649274	-0,0032029152	-0,0078616142	-0,0023236149
41878	130,04102	-4,4882813	-4,5447631	-0,042739511	-0,003674835	-0,0087447166	-0,0028284031
41878	130,54102	-4,9882813	-5,1344986	-0,044611096	-0,0042840317	-0,0096271038	-0,0032806122
41878	131,04102	-5,4882813	-5,579751	-0,048321486	-0,0046936888	-0,010370016	-0,0037433286
41878	131,54102	-5,9882813	-6,0744824	-0,051259995	-0,0051766112	-0,011088967	-0,0040957965
41878	132,04102	-6,4882813	-6,5254197	-0,054484606	-0,0055647027	-0,011819482	-0,0045798002
41878	132,54102	-6,9882813	-7,0449562	-0,058189034	-0,0061850883	-0,012509882	-0,005048689
41878	133,04102	-7,4882813	-7,4894328	-0,062501431	-0,0065905405	-0,013264716	-0,0055279885
41878	133,54102	-7,9882813	-7,9953122	-0,063678622	-0,0070695849	-0,013944924	-0,0061604716
41878	134,04102	-8,4882813	-8,4782953	-0,066748261	-0,0075850571	-0,014566481	-0,0063654827
41878	134,54102	-8,9882813	-8,9830294	-0,069099665	-0,0080808541	-0,015312076	-0,0070389439
41878	135,04102	-9,4882813	-9,467598	-0,072190166	-0,0086243767	-0,015985906	-0,0075144251
41878	135,54102	-9,9882813	-9,9591112	-0,074282289	-0,0092226313	-0,016735256	-0,0080064042
41878	136,04102	-10,488281	-10,485061	-0,077724457	-0,0097111268	-0,017372966	-0,0085184202
41878	136,54102	-10,988281	-10,973939	-0,080168247	-0,010232539	-0,018121123	-0,0090928357
41878	137,04102	-11,488281	-11,508348	-0,083121657	-0,010926531	-0,018766612	-0,0098154368
41878	137,54102	-11,988281	-11,985556	-0,085180998	-0,011397856	-0,019390136	-0,010202391
41878	138,04102	-12,488281	-12,525273	-0,086155534	-0,012074077	-0,01994729	-0,010849784
41878	138,54102	-12,988281	-12,991472	-0,089967251	-0,0125143	-0,020670563	-0,011413145
41878	139,04102	-13,488281	-13,528765	-0,091874599	-0,013194337	-0,021263123	-0,011970792
41878	139,54102	-13,988281	-13,994077	-0,095161796	-0,013711696	-0,021925867	-0,012453757
41878	140,04102	-14,488281	-14,548736	-0,096231699	-0,014377606	-0,022556037	-0,013161114
41878	140,54102	-14,988281	-14,997396	-0,09945035	-0,014868861	-0,023162603	-0,013734719
41878	141,04102	-15,488281	-15,533204	-0,10113418	-0,015479843	-0,023822695	-0,014198629
41878	141,54102	-15,988281	-16,022604	-0,10372102	-0,015963893	-0,024419934	-0,014804619
41878	142,04102	-16,488281	-16,547018	-0,10547936	-0,016606096	-0,025063902	-0,015342633
41878	142,54102	-16,988281	-17,028038	-0,10833144	-0,017227277	-0,025705516	-0,016022036
41878	143,04102	-17,488281	-17,524904	-0,11168718	-0,017746789	-0,026287168	-0,016604457
41878	143,54102	-17,988281	-18,023804	-0,11180043	-0,018424116	-0,026903987	-0,017193954
41878	144,04102	-18,488281	-18,534267	-0,11374652	-0,018934924	-0,027557075	-0,017820071
41878	144,54102	-18,988281	-19,001738	-0,11716783	-0,019437119	-0,028104156	-0,018274548
41878	145,04102	-19,488281	-19,507427	-0,12023151	-0,020024186	-0,02871418	-0,018932875
41878	145,54102	-19,988281	-19,989496	-0,12154877	-0,02060744	-0,029337764	-0,019416898
41878	146,04102	-20,488281	-20,488104	-0,12331009	-0,021220438	-0,029898345	-0,020064529
41878	146,54102	-20,988281	-20,970524	-0,12591779	-0,02177657	-0,030604362	-0,020689743
41878	147,04102	-21,488281	-21,48452	-0,12841523	-0,022302581	-0,031189531	-0,021145012
41878	147,54102	-21,988281	-21,963512	-0,12926757	-0,022876196	-0,03184247	-0,021805534
41878	148,04102	-22,488281	-22,440866	-0,1331389	-0,023500135	-0,032432437	-0,022449346
41878	148,54102	-22,988281	-22,941689	-0,13466477	-0,024114003	-0,033054799	-0,022988096
41878	149,04102	-23,488281	-23,445154	-0,13774931	-0,024626218	-0,033684343	-0,023636349
41878	149,54102	-23,988281	-23,960112	-0,13782382	-0,025223957	-0,034274399	-0,024200968
41878	150,04102	-24,488281	-24,458523	-0,14174581	-0,025832064	-0,034860283	-0,024900489
41878	150,54102	-24,988281	-24,96229	-0,14348924	-0,026411798	-0,035477668	-0,025412114
41878	151,04102	-25,488281	-25,472937	-0,14510453	-0,027011298	-0,036065042	-0,026036609
41878	151,54102	-25,988281	-26,012711	-0,14714599	-0,027698467	-0,036705226	-0,026608042
41878	152,04102	-26,488281	-26,474463	-0,15006363	-0,028282378	-0,037277162	-0,027327733
41878	152,54102	-26,988281	-27,025906	-0,1522392	-0,028829681	-0,037937522	-0,027840341
41878	153,04102	-27,488281	-27,493217	-0,15349686	-0,029392239	-0,038601637	-0,028473908
41878	153,54102	-27,988281	-28,045168	-0,15685558	-0,030018236	-0,039233834	-0,029209217
41878	154,04102	-28,488281	-28,49164	-0,1578331	-0,03049881	-0,039732754	-0,029667858
41878	154,54102	-28,988281	-29,052057	-0,15969872	-0,031152267	-0,040392101	-0,030364659
41878	155,04102	-29,488281	-29,508097	-0,16335547	-0,031723477	-0,040943176	-0,030979728
41878	155,54102	-29,988281	-30,050165	-0,16321242	-0,032330953	-0,041605592	-0,031500768
41878	156,04102	-30,488281	-30,505112	-0,16709268	-0,032907851	-0,042156518	-0,03217366
41878	156,54102	-30,988281	-31,078945	-0,16847253	-0,033595942	-0,042898118	-0,032815058
41878	157,04102	-31,488281	-31,538683	-0,17155111	-0,034106344	-0,043433696	-0,033517763
41878	157,54102	-31,988281	-32,058792	-0,1729548	-0,034778796	-0,044079006	-0,034053333
41878	158,04102	-32,488281	-32,514965	-0,17426014	-0,035383608	-0,044620872	-0,03463592
41878	158,54102	-32,988281	-33,00539	-0,17724931	-0,035935327	-0,045230746	-0,035135716
41878	159,04102	-33,488281	-33,51506	-0,1791656	-0,036501534	-0,045881093	-0,035850536
41878	159,54102	-33,988281	-34,010563	-0,18069446	-0,037062019	-0,046412349	-0,036491696
41878	160,04102	-34,488281	-34,496574	-0,18243194	-0,037588913	-0,047036469	-0,037058435
41878	160,54102	-34,988281	-34,952557	-0,18388927	-0,038236693	-0,047628194	-0,03768817
41878	161,04102	-35,488281	-35,489273	-0,18667281	-0,038840458	-0,048267871	-0,038284071
41878	161,54102	-35,988281	-35,952602	-0,18839836	-0,039397139	-0,048806787	-0,038802784
41878	162,04102	-36,488281	-36,484501	-0,19180477	-0,040032025	-0,049486011	-0,039418753
41878	162,54102	-36,988281	-36,9715	-0,19299388	-0,040656231	-0,050044447	-0,040102586
41878	163,04102	-37,488281	-37,469391	-0,19483268	-0,041249365	-0,050618827	-0,040778227
41878	163,54102	-37,988281	-37,961193	-0,19620955	-0,041851193	-0,051208526	-0,041207332
41878	164,04102	-38,488281	-38,495899	-0,19873083	-0,042505376	-0,051893771	-0,042006053
41878	164,54102	-38,988281	-38,9548	-0,20165741	-0,043020651	-0,052505136	-0,042463876
41878	165,04102	-38,516602	-38,610065	-0,19940138	-0,042700235	-0,052174687	-0,042169981
41878	165,54102	-38,016602	-37,98835	-0,19823611	-0,041998707	-0,051608056	-0,041405477
41878	166,04102	-37,516602	-37,494724	-0,19698739	-0,041487314	-0,05099687	-0,040934354
41878	166,54102	-37,016602	-36,97575	-0,19456744	-0,040823624	-0,050417095	-0,040441923
41878	167,04102	-36,516602	-36,504677	-0,19310415	-0,040342439	-0,049809724	-0,039788447
41878	167,54102	-36,016602	-36,003929	-0,19174218	-0,039691802	-0,049379766	-0,0392791
41878	168,04102	-35,516602	-35,522907	-0,18872321	-0,039183751	-0,048762441	-0,038657025
41878	168,54102	-35,016602	-35,030048	-0,18798113	-0,038664445	-0,048232853	-0,03803429
41878	169,04102	-34,516602	-34,537663	-0,18552244	-0,038096733	-0,04757303	-0,037514418
41878	169,54102	-34,016602	-34,060726	-0,18452108	-0,037472557	-0,047074825	-0,036916062
41878	170,04102	-33,516602	-33,546566	-0,18162131	-0,036972322	-0,046563119	-0,036470812
41878	170,54102	-33,016602	-33,080814	-0,17924607	-0,036416043	-0,045958132	-0,035821527
41878	171,04102	-32,516602	-32,554325	-0,17900169	-0,035839278	-0,04541108	-0,035237495
41878	171,54102	-32,016602	-32,088894	-0,17623901	-0,035323098	-0,044825673	-0,034652229
41878	172,04102	-31,516602	-31,560001	-0,17546415	-0,03470809	-0,044207841	-0,034182098
41878	172,54102	-31,016602	-31,082615	-0,17254651	-0,034081675	-0,043673426	-0,033608723
41878	173,04102	-30,516602	-30,538013	-0,17044544	-0,033536434	-0,043035537	-0,032878421
41878	173,54102	-30,016602	-30,050297	-0,16828477	-0,03303745	-0,042525709	-0,032362919
41878	174,04102	-29,516602	-29,539974	-0,16664863	-0,032441694	-0,041978985	-0,031788815
41878	174,54102	-29,016602	-29,044201	-0,16439557	-0,031947959	-0,041298538	-0,031222496
41878	175,04102	-28,516602	-28,5133	-0,16363859	-0,031212265	-0,04073146	-0,030501418
41878	175,54102	-28,016602	-28,021191	-0,16059577	-0,030695161	-0,04015547	-0,030026725
41878	176,04102	-27,516602	-27,503326	-0,15913546	-0,030053955	-0,039569616	-0,029429123
41878	176,54102	-27,016602	-27,000246	-0,15713573	-0,029517144	-0,038950711	-0,028756097
41878	177,04102	-26,516602	-26,486004	-0,15447438	-0,028916888	-0,038360804	-0,028259816
41878	177,54102	-26,016602	-25,967314	-0,15376508	-0,028362924	-0,037812382	-0,027545627
41878	178,04102	-25,516602	-25,472399	-0,15139282	-0,02782632	-0,037138939	-0,02706909
41878	178,54102	-25,016602	-24,957062	-0,15010834	-0,02715354	-0,036632061	-0,026402906
41878	179,04102	-24,516602	-24,463522	-0,145787	-0,026570136	-0,03598541	-0,025796343
41878	179,54102	-24,016602	-23,947901	-0,1458168	-0,026008423	-0,035347074	-0,025251625
41878	180,04102	-23,516602	-23,456078	-0,14312565	-0,025514597	-0,03479147	-0,024688127
41878	180,54102	-23,016602	-22,949869	-0,14091432	-0,024832796	-0,034194976	-0,02406032
41878	181,04102	-22,516602	-22,462049	-0,13867617	-0,024309494	-0,033566505	-0,02350492
41878	181,54102	-22,016602	-21,948441	-0,13744533	-0,023749527	-0,03301391	-0,022904314
41878	182,04102	-21,516602	-21,480524	-0,13485253	-0,023235165	-0,03235504	-0,022399005
41878	182,54102	-21,016602	-20,97826	-0,13284385	-0,022684513	-0,031778455	-0,02166957
41878	183,04102	-20,516602	-20,506226	-0,13045073	-0,02210384	-0,0311701	-0,02119627
41878	183,54102	-20,016602	-19,980169	-0,12846291	-0,021465283	-0,030552387	-0,020489885
41878	184,04102	-19,516602	-19,513865	-0,12539327	-0,020935265	-0,03007409	-0,019973746
41878	184,54102	-19,016602	-18,999535	-0,12365878	-0,020289751	-0,029361367	-0,019294729
41878	185,04102	-18,516602	-18,516079	-0,12286305	-0,019789126	-0,02877301	-0,018727958
41878	185,54102	-18,016602	-18,028841	-0,11965632	-0,019164618	-0,028197169	-0,01820684
41878	186,04102	-17,516602	-17,533878	-0,11753738	-0,01867339	-0,027519375	-0,017610542
41878	186,54102	-17,016602	-17,000141	-0,11655986	-0,018082913	-0,026896775	-0,017014774
41878	187,04102	-16,516602	-16,535822	-0,11266768	-0,017586084	-0,026260495	-0,016411377
41878	187,54102	-16,016602	-16,039558	-0,11005998	-0,016901417	-0,025690347	-0,015796032
41878	188,04102	-15,516602	-15,534282	-0,10839999	-0,016394587	-0,024996191	-0,015367211
41878	188,54102	-15,016602	-15,04814	-0,10640025	-0,015909335	-0,024359792	-0,014671649
41878	189,04102	-14,516602	-14,510969	-0,10341406	-0,015180921	-0,023673385	-0,01412496
41878	189,54102	-14,016602	-14,03626	-0,1018703	-0,014662493	-0,023126602	-0,01344684
41878	190,04102	-13,516602	-13,518338	-0,098595023	-0,014080007	-0,022425026	-0,012884936
41878	190,54102	-13,016602	-13,010675	-0,095278025	-0,013485304	-0,021762013	-0,012285166
41878	191,04102	-12,516602	-12,488809	-0,094696879	-0,012879884	-0,021126986	-0,011596635
41878	191,54102	-12,016602	-12,030142	-0,091272593	-0,012377158	-0,020419329	-0,011113558
41878	192,04102	-11,516602	-11,473343	-0,088402629	-0,011743191	-0,019787371	-0,010412099
41878	192,54102	-11,016602	-11,01411	-0,086250901	-0,011270764	-0,019098878	-0,0099838609
41878	193,04102	-10,516602	-10,465844	-0,084018707	-0,010556689	-0,018408477	-0,0092931436
41878	193,54102	-10,016602	-9,9696913	-0,080758333	-0,010072267	-0,017697036	-0,0087793386
41878	194,04102	-9,5166016	-9,4699554	-0,079244375	-0,0093916217	-0,017033577	-0,0082215583
41878	194,54102	-9,0166016	-8,9692039	-0,075855851	-0,0088829631	-0,016291976	-0,0075985086
41878	195,04102	-8,5166016	-8,4874191	-0,072813034	-0,0083980057	-0,015613556	-0,0070679197
41878	195,54102	-8,0166016	-8,0278673	-0,069910288	-0,0079268841	-0,014966428	-0,0065792948
41878	196,04102	-7,5166016	-7,741888	-0,068697333	-0,0076799253	-0,014533341	-0,0062224171
41878	196,54102	-7,0166016	-7,2390008	-0,065478683	-0,0070960643	-0,013722062	-0,0057396218
41878	197,04102	-6,5166016	-6,3888636	-0,060042739	-0,0061998051	-0,012433589	-0,0048776846
41878	197,54102	-6,0166016	-5,9304442	-0,056540966	-0,0057659289	-0,011780858	-0,0044658626
41878	198,04102	-5,5166016	-5,5087843	-0,054094195	-0,0053757234	-0,01097399	-0,0040227636
41878	198,54102	-5,0166016	-5,0023179	-0,049960613	-0,0047679562	-0,010161042	-0,0035334467
41878	199,04102	-4,5166016	-4,5453067	-0,047001243	-0,0043679811	-0,0094018579	-0,0030676739
41878	199,54102	-4,0166016	-4,022222	-0,042209029	-0,0038072355	-0,008459866	-0,0025954349
41878	200,04102	-3,5166016	-3,5083685	-0,039532781	-0,0033894591	-0,0075308681	-0,0021560537
41878	200,54102	-3,0166016	-2,987653	-0,034964085	-0,0028502606	-0,0065837502	-0,001785504
41878	201,04102	-2,5166016	-2,4813638	-0,030428171	-0,0025082007	-0,005505085	-0,0015150859
41878	201,54102	-2,0166016	-1,968043	-0,024229288	-0,0021273214	-0,0044326186	-0,0011046176
41878	202,04102	-1,5166016	-1,4859941	-0,019586086	-0,0018869564	-0,0032442212	-0,00095804199
41878	202,54102	-1,0166016	-1,0283049	-0,014638901	-0,0017336253	-0,0019848347	-0,00071792357
41878	203,04102	-1	-0,87494403	-0,013157725	-0,001724178	-0,0016280413	-0,00060903572
41878	203,54102	-1	-0,93719178	-0,01168251	-0,001732612	-0,0016816854	-0,00059439713
41878	204,04102	-1	-0,92425013	-0,012347102	-0,0017035101	-0,0016411543	-0,00053241453
41878	204,54102	-1	-0,97096151	-0,013297796	-0,0016830694	-0,0017700791	-0,00058630627
41878	205,04102	-1	-0,98037535	-0,013279915	-0,0016471315	-0,0017272234	-0,00049809914
41878	205,54102	-1	-0,9887293	-0,013017654	-0,0017046668	-0,0018049479	-0,00054168032
41878	206,04102	-1	-0,98059887	-0,013226271	-0,0016429946	-0,0017666221	-0,000527183
41878	206,54102	-1	-0,99248624	-0,013545156	-0,001647424	-0,0017374754	-0,00063849514
41878	207,04102	-1	-0,98282099	-0,013560057	-0,0016891193	-0,0017390251	-0,00059766544
41878	207,54102	-1	-0,9881556	-0,012806058	-0,001706291	-0,0017387867	-0,00057969161
41878	208,04102	-1	-0,9931885	-0,012865663	-0,001668727	-0,0016975999	-0,00057657203
41878	208,54102	-1	-0,97747147	-0,012814999	-0,001615189	-0,0017007589	-0,00059408852
41878	209,04102	-1	-0,99805182	-0,012657046	-0,0016277879	-0,0017213821	-0,00049246976
41878	209,54102	-1	-0,98714048	-0,011837482	-0,0016624369	-0,0017063618	-0,00046040019
41878	210,04102	-1	-0,99978781	-0,012147427	-0,0016501155	-0,0016298294	-0,00046623035
41878	210,54102	-1	-0,96942669	-0,01257956	-0,0015614256	-0,0016176105	-0,00050192518
41878	211,04102	-1	-1,0128263	-0,011944771	-0,0016597584	-0,0016121268	-0,00053414347
41878	211,54102	-1	-0,96604598	-0,012806058	-0,0015613828	-0,0016264319	-0,00048232649
41878	212,04102	-1	-0,97887218	-0,012376904	-0,0015941225	-0,0016724467	-0,00044567979
41878	212,54102	-1	-0,96335638	-0,01232028	-0,0015750825	-0,0016744137	-0,00052224891
41878	213,04102	-1	-0,97421181	-0,012797117	-0,0016793665	-0,0016615987	-0,00046432661
41878	213,54102	-1	-0,99557823	-0,012159348	-0,0016451441	-0,0015742779	-0,00051178219
41878	214,04102	-1	-0,97673947	-0,01271069	-0,0015804041	-0,0016051531	-0,00051081914
41878	214,54102	-1	-1,0008775	-0,01308918	-0,0016680863	-0,0016534328	-0,00047065874
41878	215,04102	-1	-0,97101182	-0,012493134	-0,0016053077	-0,0016112924	-0,00057090173
41878	215,54102	-1	-1,020817	-0,011867285	-0,0016343482	-0,0016621351	-0,00042285369
41878	216,04102	-1	-0,98093039	-0,012660027	-0,0015803259	-0,0015955567	-0,00041643233
41878	216,54102	-1	-1,0277182	-0,013405085	-0,00158602	-0,0016221404	-0,00045095594
41878	217,04102	-1	-1,0277703	-0,013530254	-0,0015926324	-0,0016126633	-0,00044340795
41878	217,54102	-1	-1,0280311	-0,01232028	-0,001650596	-0,0016242266	-0,00050157192
41878	218,04102	-1	-1,0078381	-0,011518598	-0,0015384965	-0,0016669631	-0,00047528048
41878	218,54102	-1	-1,0365583	-0,011453032	-0,0016384572	-0,0016617775	-0,00053512881
41878	219,04102	-1	-1,008559	-0,012251735	-0,0015842747	-0,0017054677	-0,0004367189
41878	219,54102	-1	-1,018038	-0,012627244	-0,001576094	-0,001704514	-0,00045961564
41878	220,04102	-1	-1,0073055	-0,012567639	-0,0015639607	-0,0016434789	-0,0004341905
41878	220,54102	-1	-0,99591541	-0,012844801	-0,0016118661	-0,0015972853	-0,00043851108
41878	221,04102	-1	-0,99783766	-0,012743473	-0,0016000941	-0,001647234	-0,00051663816
41878	221,54102	-1	-0,99367648	-0,012075901	-0,0015151817	-0,0015851259	-0,00038358194
41878	222,04102	-1	-0,98639542	-0,01333952	-0,0015455578	-0,0015512705	-0,00045181112
41878	222,54102	-1	-1,0037981	-0,012725592	-0,0015499834	-0,0015771985	-0,00040046632
41878	223,04102	-1	-1,0109972	-0,012648106	-0,001564417	-0,0016322136	-0,00035976677
41878	223,54102	-1	-1,0142121	-0,012242794	-0,0015782565	-0,0015526414	-0,00035869965
41878	224,04102	-1	-0,99675918	-0,012609363	-0,0015607886	-0,0015332103	-0,00038574592
41878	224,54102	-1	-0,99995548	-0,011089444	-0,0015184134	-0,001526475	-0,00047330611
41878	225,04102	-1	-0,99740738	-0,011765957	-0,0015799608	-0,0015993714	-0,00044977726
41878	225,54102	-1	-0,99227577	-0,012612343	-0,0015532691	-0,0014908314	-0,00046731977
41878	226,04102	-1	-1,0045823	-0,011441112	-0,0015170611	-0,0015273094	-0,00046802624
41878	226,54102	-1	-1,0071006	-0,011911988	-0,0015837476	-0,0015111566	-0,00040774659
41878	227,04102	-1	-0,97909009	-0,011727214	-0,0015358981	-0,0015284419	-0,00050128566
41878	227,54102	-1	-1,0210202	-0,012764335	-0,0015824232	-0,0015249848	-0,00046652407
41878	228,04102	-1	-0,99717826	-0,012505054	-0,0014695507	-0,0015410185	-0,00043939229
41878	228,54102	-1	-1,0221527	-0,011852384	-0,0015794598	-0,0015909076	-0,00037442398
41878	229,04102	-1	-1,0034088	-0,012028217	-0,0015682112	-0,0015743971	-0,00040917439
41878	229,54102	-1	-1,0137875	-0,011956692	-0,0015534405	-0,0014945865	-0,00050098822
41878	230,04102	-1	-1,0028332	-0,012040138	-0,0014817584	-0,0014874935	-0,00034204577
41878	230,54102	-1	-0,99025851	-0,012126565	-0,0015382282	-0,0015533566	-0,00040031387
41878	231,04102	-1	-1,0004714	-0,011524558	-0,0014675222	-0,0015394092	-0,00031742005
41878	231,54102	-1	-0,99719131	-0,012549758	-0,001494104	-0,0015296936	-0,00031780303
41878	232,04102	-1	-1,0021422	-0,010672212	-0,0015040208	-0,0014677048	-0,00034443286
41878	232,54102	-1	-0,98657978	-0,011307001	-0,0015182979	-0,0015041232	-0,00037981538
41878	233,04102	-1,4755859	-1,3862606	-0,015330315	-0,0017112792	-0,0023151636	-0,00061914179
41878	233,54102	-1,9755859	-1,7214547	-0,01860559	-0,0017694384	-0,0031906962	-0,00071889401
41878	234,04102	-2,4755859	-1,876222	-0,020125508	-0,0018485449	-0,0033720732	-0,00077638129
41878	234,54102	-2,9755859	-3,0618086	-0,029823184	-0,0026309881	-0,0057413578	-0,001368172
41878	235,04102	-3,4755859	-3,5093856	-0,033357739	-0,0030918103	-0,0066111088	-0,0016839635
41878	235,54102	-3,9755859	-4,0079708	-0,036537647	-0,0035304632	-0,0074621439	-0,00205339
41878	236,04102	-4,4755859	-4,5844579	-0,040760636	-0,0040982105	-0,0084027648	-0,0025361329
41878	236,54102	-4,9755859	-5,0982218	-0,045347214	-0,004610233	-0,0091848969	-0,0029693011
41878	237,04102	-5,4755859	-5,6158285	-0,048956275	-0,0051267091	-0,010018885	-0,0034205916
41878	237,54102	-5,9755859	-6,0937123	-0,050312281	-0,0056447666	-0,010745108	-0,0038544065
41878	238,04102	-6,4755859	-6,5324826	-0,054341555	-0,0060056606	-0,011449516	-0,0042358022
41878	238,54102	-6,9755859	-7,0578809	-0,05736649	-0,0066112448	-0,012120545	-0,0047378503
41878	239,04102	-7,4755859	-7,4955597	-0,059786439	-0,0070773829	-0,01283443	-0,0052389796
41878	239,54102	-7,9755859	-8,0180178	-0,063726306	-0,0075711692	-0,013552845	-0,0058062933
41878	240,04102	-8,4755859	-8,4848566	-0,065732002	-0,0080764219	-0,014271915	-0,0062672067
41878	240,54102	-8,9755859	-8,9941607	-0,069481134	-0,0086315572	-0,014984369	-0,0067022187
41878	241,04102	-9,4755859	-9,4714851	-0,07225275	-0,0091243321	-0,015601158	-0,0073388992
41878	241,54102	-9,9755859	-9,9712515	-0,07468164	-0,0095127942	-0,016281188	-0,0077609164
41878	242,04102	-10,475586	-10,455523	-0,07763207	-0,010229815	-0,016979575	-0,0083634714
41878	242,54102	-10,975586	-10,968906	-0,079634786	-0,010738591	-0,017612338	-0,0088214101
41878	243,04102	-11,475586	-11,486861	-0,082495809	-0,011362151	-0,018328667	-0,0095665511
41878	243,54102	-11,975586	-11,986786	-0,084835291	-0,011895038	-0,018940866	-0,010121807
41878	244,04102	-12,475586	-12,505511	-0,087106228	-0,012502912	-0,019579977	-0,010599853
41878	244,54102	-12,975586	-12,983951	-0,089257956	-0,013066526	-0,020266712	-0,01124316
41878	245,04102	-13,475586	-13,524162	-0,091779232	-0,013728248	-0,02093938	-0,011794846
41878	245,54102	-13,975586	-14,0054	-0,094524026	-0,014241892	-0,02155003	-0,012359029
41878	246,04102	-14,475586	-14,552006	-0,097003579	-0,014871709	-0,022220016	-0,012922635
41878	246,54102	-14,975586	-15,017659	-0,098800659	-0,015346671	-0,022791952	-0,013469387
41878	247,04102	-15,475586	-15,5746	-0,10068119	-0,01603888	-0,023441255	-0,014128537
41878	247,54102	-15,975586	-16,017931	-0,10421574	-0,016573198	-0,024111062	-0,014625899
41878	248,04102	-16,475586	-16,561485	-0,10602772	-0,017241675	-0,02468124	-0,015309177
41878	248,54102	-16,975586	-17,011265	-0,1088798	-0,017741116	-0,025342733	-0,015849374
41878	249,04102	-17,475586	-17,539665	-0,11077225	-0,018395387	-0,02594766	-0,016489461
41878	249,54102	-17,975586	-17,991629	-0,11303127	-0,018818321	-0,026599675	-0,017178649
41878	250,04102	-18,475586	-18,533674	-0,11577904	-0,019496502	-0,027165145	-0,017686579
41878	250,54102	-18,975586	-18,960516	-0,11740625	-0,020060036	-0,027759671	-0,018177411
41878	251,04102	-19,475586	-19,477982	-0,11890829	-0,020626696	-0,028329372	-0,018776005
41878	251,54102	-19,975586	-19,965488	-0,12158751	-0,02116379	-0,029013842	-0,019403182
41878	252,04102	-20,475586	-20,481625	-0,12470484	-0,021784093	-0,02957648	-0,019953443
41878	252,54102	-20,975586	-20,94409	-0,12715757	-0,022334004	-0,030220509	-0,02051086
41878	253,04102	-21,475586	-21,468212	-0,1281321	-0,023036178	-0,030816853	-0,0211751
41878	253,54102	-21,975586	-21,95426	-0,13127625	-0,02353023	-0,031373858	-0,021697616
41878	254,04102	-22,475586	-22,439222	-0,13403296	-0,024121778	-0,032038718	-0,022355814
41878	254,54102	-22,975586	-22,943493	-0,13478994	-0,02473818	-0,032636553	-0,022896059
41878	255,04102	-23,475586	-23,43117	-0,13692081	-0,025279369	-0,033234775	-0,023616886
41878	255,54102	-23,975586	-23,950783	-0,14009774	-0,025919335	-0,033912927	-0,024157157
41878	256,04102	-24,475586	-24,449068	-0,14059842	-0,026501108	-0,03451106	-0,024746584
41878	256,54102	-24,975586	-24,96702	-0,14333725	-0,027098022	-0,035115719	-0,025425104
41878	257,04102	-25,475586	-25,455566	-0,14543831	-0,027675427	-0,035715967	-0,026056133
41878	257,54102	-25,975586	-25,97715	-0,14753044	-0,028358055	-0,036283493	-0,026731268
41878	258,04102	-26,475586	-26,488291	-0,14989078	-0,028963206	-0,036966771	-0,027304862
41878	258,54102	-26,975586	-26,98167	-0,15275478	-0,029458161	-0,037583798	-0,027939241
41878	259,04102	-27,475586	-27,482216	-0,15423894	-0,030148573	-0,038226426	-0,028432367
41878	259,54102	-27,975586	-28,01162	-0,15613735	-0,030713178	-0,038793534	-0,029123148
41878	260,04102	-28,475586	-28,519361	-0,15894175	-0,031283692	-0,03948167	-0,02969531
41878	260,54102	-28,975586	-29,00522	-0,16084015	-0,031830791	-0,040050507	-0,03036188
41878	261,04102	-29,475586	-29,536741	-0,16300082	-0,032511715	-0,040705681	-0,030943435
41878	261,54102	-29,975586	-30,019032	-0,16405284	-0,032986686	-0,041267455	-0,031503342
41878	262,04102	-30,475586	-30,588181	-0,16585886	-0,033732153	-0,041918248	-0,032292135
41878	262,54102	-30,975586	-31,033112	-0,16899109	-0,034226306	-0,042507797	-0,032768458
41878	263,04102	-31,475586	-31,53677	-0,17094612	-0,034826316	-0,043117076	-0,033390928
41878	263,54102	-31,975586	-32,036442	-0,17191768	-0,035442263	-0,043730825	-0,034009818
41878	264,04102	-32,475586	-32,521877	-0,17564893	-0,035959676	-0,044286788	-0,034614302
41878	264,54102	-32,975586	-33,042843	-0,17698705	-0,036628649	-0,044979602	-0,035141248
41878	265,04102	-33,475586	-33,497944	-0,17838776	-0,037165277	-0,045557141	-0,035795763
41878	265,54102	-33,975586	-33,991776	-0,18119812	-0,037741929	-0,046067029	-0,036426313
41878	266,04102	-34,475586	-34,446022	-0,1824975	-0,038301669	-0,046658695	-0,036985602
41878	266,54102	-34,975586	-34,985626	-0,18466413	-0,038947701	-0,047322929	-0,037666485
41878	267,04102	-35,475586	-35,456253	-0,18802583	-0,039416477	-0,047836512	-0,038177077
41878	267,54102	-35,975586	-35,974075	-0,18949807	-0,040115055	-0,048488945	-0,038888913
41878	268,04102	-36,475586	-36,442379	-0,19109845	-0,040694274	-0,049064398	-0,03937028
41878	268,54102	-36,975586	-36,974728	-0,19338727	-0,0413699	-0,049730062	-0,040043361
41878	269,04102	-37,475586	-37,43034	-0,1946032	-0,041924715	-0,050300956	-0,040714595
41878	269,54102	-37,975586	-37,970295	-0,19691885	-0,042560458	-0,050903112	-0,041286498
41878	270,04102	-38,475586	-38,453388	-0,19910634	-0,04307954	-0,051520944	-0,041989587
41878	270,54102	-38,975586	-38,961651	-0,20141602	-0,043792017	-0,052129686	-0,042566601
41878	271,04102	-39	-39,006805	-0,20107031	-0,043774296	-0,052298963	-0,042710837
41878	271,54102	-39	-39,00309	-0,20122528	-0,043843929	-0,05224368	-0,042644706
41878	272,04102	-39	-39,021427	-0,20243824	-0,043899328	-0,05230239	-0,042750027
41878	272,54102	-39	-39,000996	-0,20049214	-0,04392264	-0,052314579	-0,042697206
41878	273,04102	-39	-39,003674	-0,20128489	-0,043930039	-0,05236575	-0,042766266
41878	273,54102	-39	-38,989437	-0,20202696	-0,043879308	-0,052299887	-0,042785484
41878	274,04102	-39	-39,021061	-0,20260215	-0,04399205	-0,052412182	-0,042787798
41878	274,54102	-39	-39,003803	-0,2032578	-0,043962006	-0,052379102	-0,042778004
41878	275,04102	-39	-39,03112	-0,20181835	-0,044060744	-0,052443117	-0,042780019
41878	275,54102	-39	-39,011066	-0,20249188	-0,044042077	-0,052467287	-0,042773332
41878	276,04102	-39	-39,007198	-0,20170808	-0,044027805	-0,052388847	-0,042787764
41878	276,54102	-39	-39,025276	-0,20261705	-0,044083402	-0,05241254	-0,042881709
41878	277,04102	-39	-39,021751	-0,20182729	-0,044039916	-0,052411765	-0,042887375
41878	277,54102	-39	-39,041389	-0,20239055	-0,044077672	-0,052508295	-0,042895224
41878	278,04102	-39	-38,999866	-0,20203292	-0,04407312	-0,052525103	-0,042917669
41878	278,54102	-39	-39,039555	-0,20230711	-0,04413373	-0,052484155	-0,042848676
41878	279,04102	-39	-38,994755	-0,20238459	-0,044040062	-0,052445114	-0,042903908
41878	279,54102	-39	-39,03426	-0,20216405	-0,044103205	-0,05251804	-0,042931687
41878	280,04102	-39	-39,007267	-0,20245612	-0,044052593	-0,052455068	-0,042930197
41878	280,54102	-39	-39,00201	-0,20268857	-0,044099867	-0,052497387	-0,042924497
41878	281,04102	-39	-38,982002	-0,20271838	-0,044092514	-0,052534878	-0,042903274
41878	281,54102	-39	-38,971584	-0,20310581	-0,044125214	-0,052526861	-0,042972241
41878	282,04102	-39	-38,983265	-0,20259619	-0,044041842	-0,052587211	-0,042852249
41878	282,54102	-39	-38,991776	-0,20358562	-0,04411732	-0,052542865	-0,042950988
41878	283,04102	-39	-38,984417	-0,20164847	-0,044141136	-0,052514493	-0,042884763
41878	283,54102	-39	-38,967136	-0,20244122	-0,044120323	-0,052509367	-0,04287912
41878	284,04102	-39	-38,982273	-0,20428002	-0,04412014	-0,05259043	-0,043039784
41878	284,54102	-39	-38,968494	-0,2027452	-0,044155195	-0,052563459	-0,042959914
41878	285,04102	-39	-38,981415	-0,20236075	-0,044170633	-0,052570909	-0,042977411
41878	285,54102	-39	-38,98283	-0,20321608	-0,044092685	-0,05256325	-0,042933308
41878	286,04102	-39	-39,012733	-0,20215213	-0,044230815	-0,052614152	-0,04304887
41878	286,54102	-39	-38,987202	-0,2027303	-0,044156916	-0,052631766	-0,042959012
41878	287,04102	-39	-39,033401	-0,20329356	-0,04427252	-0,052634209	-0,043043792
41878	287,54102	-39	-39,00119	-0,20218194	-0,044224896	-0,052666843	-0,043110158
41878	288,04102	-39	-39,0359	-0,20219982	-0,044244751	-0,052715153	-0,042975627
41878	288,54102	-39	-39,012634	-0,20234883	-0,044239774	-0,052745312	-0,043081842
41878	289,04102	-39	-39,028053	-0,20313561	-0,044271499	-0,052699387	-0,043038305
41878	289,54102	-39	-39,041836	-0,20239949	-0,044303752	-0,052660763	-0,043066379
41878	290,04102	-39	-39,014874	-0,20274818	-0,04427807	-0,052669436	-0,043054994
41878	290,54102	-39	-39,070259	-0,20180643	-0,044323582	-0,052675515	-0,043109648
41878	291,04102	-39	-39,031006	-0,20286739	-0,044325877	-0,052725285	-0,04323779
41878	291,54102	-39	-39,005905	-0,20338595	-0,044306356	-0,052758694	-0,043021344
41878	292,04102	-39	-39,031818	-0,2027303	-0,044297144	-0,052713901	-0,043139238
41878	292,54102	-39	-38,98587	-0,20292401	-0,044213057	-0,052793145	-0,043080885
41878	293,04102	-39	-39,029678	-0,20336211	-0,044347096	-0,052749753	-0,04320062
41878	293,54102	-39	-39,001411	-0,20354092	-0,044313625	-0,052668303	-0,043051425
41878	294,04102	-39	-38,990585	-0,20284355	-0,044310577	-0,052737951	-0,043130804
41878	294,54102	-39	-38,954166	-0,20422935	-0,044263758	-0,05274713	-0,043104835
41878	295,04102	-39	-38,962265	-0,2038449	-0,044322468	-0,052659631	-0,043060116
41878	295,54102	-39	-38,954983	-0,20383894	-0,044344991	-0,052697361	-0,043069217
41878	296,04102	-39	-38,958412	-0,20381212	-0,044269767	-0,05272615	-0,043022417
41878	296,54102	-39	-38,979744	-0,20333827	-0,044361919	-0,052752584	-0,043073311
41878	297,04102	-39	-38,954269	-0,20396709	-0,044346824	-0,052733302	-0,043048643
41878	297,54102	-39	-38,987305	-0,20273626	-0,044302352	-0,052734315	-0,043147195
41878	298,04102	-39	-38,966896	-0,20320117	-0,044296779	-0,052720279	-0,043129381
41878	298,54102	-39	-38,987309	-0,20359159	-0,04436139	-0,052735329	-0,043095194
41878	299,04102	-39	-38,977261	-0,20397604	-0,044359371	-0,052751511	-0,043211449
41878	299,54102	-39	-38,988689	-0,20354688	-0,044417411	-0,052754909	-0,043024559
41878	300,04102	-39	-38,994518	-0,20321906	-0,044452075	-0,052808821	-0,043188963
41878	300,54102	-39	-38,982254	-0,20368993	-0,044366024	-0,052799195	-0,043105192
41878	301,04102	-36,661133	-36,755035	-0,19552112	-0,041851573	-0,050368279	-0,040571451
41878	301,54102	-34,161133	-34,202003	-0,18663704	-0,038968943	-0,0474433	-0,037648022
41878	302,04102	-31,661133	-31,703506	-0,17708242	-0,036068484	-0,044551849	-0,034766726
41878	302,54102	-29,161133	-29,168552	-0,16750395	-0,033287495	-0,04165411	-0,03194233
41878	303,04102	-26,661133	-26,660059	-0,15825033	-0,030323526	-0,038658828	-0,028785117
41878	303,54102	-24,161133	-24,19622	-0,14751852	-0,027454015	-0,035690516	-0,025979372
41878	304,04102	-21,661133	-21,676826	-0,13771951	-0,024571152	-0,03278321	-0,022953419
41878	304,54102	-19,161133	-19,22463	-0,12745857	-0,021789836	-0,029746801	-0,020099565
41878	305,04102	-16,661133	-16,649628	-0,11472106	-0,018801192	-0,026647359	-0,017066494
41878	305,54102	-14,161133	-14,200274	-0,10360777	-0,016015435	-0,023460358	-0,014090864
41878	306,04102	-11,661133	-11,652615	-0,091224909	-0,013024733	-0,020279884	-0,011033653
41878	306,54102	-9,1611328	-9,1958923	-0,07854104	-0,010270985	-0,016825855	-0,0082344832
41878	307,04102	-6,6611328	-6,8371296	-0,063976645	-0,0077187242	-0,013361514	-0,0057744281
41878	307,54102	-4,1611328	-4,3952894	-0,048181415	-0,0051664989	-0,0094848871	-0,0033650452
41878	308,04102	-1,6611328	-1,9028895	-0,027638674	-0,0028907377	-0,0046441555	-0,0015958232
41878	308,54102	-1	-0,57645327	-0,0093370676	-0,0023421552	-0,0012789369	-0,00083712942
41878	309,04102	-1	-0,56017005	-0,0089794397	-0,0023244433	-0,0010809302	-0,0007996796
41878	309,54102	-1	-0,60393846	-0,0092506409	-0,0023164861	-0,0011655688	-0,00070675404
41878	310,04102	-1	-0,76678765	-0,010445714	-0,0023818072	-0,0014517307	-0,0008572301
41878	310,54102	-1	-0,81308371	-0,01155138	-0,002246365	-0,0016307831	-0,00075443642
41878	311,04102	-1	-0,89074486	-0,011020899	-0,0023114439	-0,0017101765	-0,00070042192
41878	311,54102	-1	-0,88450313	-0,011637807	-0,0023337696	-0,0017647743	-0,0007907782
41878	312,04102	-1	-0,93833542	-0,013425946	-0,0022199396	-0,0018078685	-0,00075548125
41878	312,54102	-1	-0,92676097	-0,012043118	-0,0022216383	-0,0018072128	-0,00075175927
41878	313,04102	-1	-0,92093831	-0,012373924	-0,0022543203	-0,0018334985	-0,00067490386
41878	313,54102	-1	-0,95011294	-0,013044477	-0,0021999292	-0,0017721057	-0,00071837346
41878	314,04102	-1	-0,92774999	-0,011628866	-0,0021354407	-0,0017637014	-0,0006685197
41878	314,54102	-1	-0,97439998	-0,014060736	-0,0022019893	-0,0017834902	-0,00066490186
41878	315,04102	0	-0,037236139	3,4777017	-0,0022111256	0,00074911118	-0,00034323189

Datenerfassung						Zeit:	315,19238	s	27.08.2014 13:23:41
Ch 1 Kraft	Ch 1 Weg	1944 A	1944 B	1281068
kN	mm	mm	mm	mm
-0,0023506582	4,8355727	0,0044625867	0,52282035	0,079112247
-40,097469	-0,67892969	-0,044545859	-0,054140002	-0,043839678
