Datum : 	14.5.2014
Durchmesser :	47,5
Datum	Laufzeit	Ch 1 Kraft Sollwert	Ch 1 Kraft	Ch 1 Weg	1944 A	1944 B	1281068
d	s	kN	kN	mm	mm	mm	mm
41773	23,896484	-1	-0,99718755	0,2846323	0,31217036	0,038691379	0,15940501
41773	24,396484	-1	-0,98445642	0,28478354	0,31205851	0,038719237	0,15957157
41773	24,896484	-1	-1,0055285	0,2847299	0,31213039	0,038635425	0,15933281
41773	25,396484	-1	-0,97662395	0,28473884	0,31219727	0,038702328	0,15939716
41773	25,896484	-1	-1,0183715	0,28394014	0,31216842	0,03867989	0,15944889
41773	26,396484	-1	-1,0137856	0,28483942	0,31213143	0,038641542	0,15940201
41773	26,896484	-1	-1,0101273	0,28449148	0,312094	0,038705762	0,15943165
41773	27,396484	-1	-0,99260545	0,28458983	0,31214076	0,038708195	0,15945214
41773	27,896484	-1	-0,99659896	0,28521568	0,31213462	0,038793717	0,15957624
41773	28,396484	-1	-1,0113139	0,28457716	0,31204027	0,038688362	0,15939029
41773	28,896484	-1	-1,0030102	0,28444603	0,31215489	0,038733207	0,15945593
41773	29,396484	-1	-0,97761863	0,28447285	0,31213042	0,038710706	0,15942445
41773	29,896484	-1	-1,0243878	0,28464273	0,31203875	0,03871854	0,15930212
41773	30,396484	-1	-0,9990055	0,28511435	0,31211555	0,038703822	0,159407
41773	30,896484	-1	-0,993222	0,28448626	0,31212094	0,038661812	0,15940568
41773	31,396484	-1	-1,0193139	0,28441474	0,31206512	0,038677927	0,15946017
41773	31,896484	-1	-0,99116749	0,28512031	0,31209034	0,038766753	0,15950751
41773	32,396484	-1	-1,0342728	0,28396547	0,31214318	0,038679942	0,15930587
41773	32,896484	-1	-1,0275469	0,28463304	0,31208122	0,038757872	0,15940385
41773	33,396484	-1	-0,97073984	0,28483123	0,31214699	0,038750019	0,15963434
41773	33,896484	-1,4589844	-1,3819654	-0,0051386654	-6,92904e-05	-0,00048387423	-0,0011834474
41773	34,396484	-1,9589844	-1,8730237	-0,011540204	-0,00012251735	-0,0013116933	-0,0025502325
41773	34,896484	-2,4589844	-2,4125333	-0,017027557	-0,00023964047	-0,0021272227	-0,0040260353
41773	35,396484	-2,9589844	-2,4763401	-0,018407404	-0,00024658442	-0,0023079105	-0,0042694742
41773	35,896484	-3,4589844	-3,5147126	-0,028470159	-0,0006916523	-0,003935881	-0,0067441976
41773	36,396484	-3,9589844	-4,1438584	-0,03464371	-0,0010837615	-0,0049228854	-0,0082308576
41773	36,896484	-4,4589844	-4,5014081	-0,038547069	-0,0013633072	-0,005512014	-0,0089935074
41773	37,396484	-4,9589844	-5,0500836	-0,043428689	-0,0017032325	-0,0064352602	-0,010185209
41773	37,896484	-5,4589844	-5,5098629	-0,046917051	-0,0020606518	-0,0070492774	-0,011113157
41773	38,396484	-5,9589844	-5,9846511	-0,051144511	-0,0023679137	-0,0078228135	-0,012087447
41773	38,896484	-6,4589844	-6,5048242	-0,055196136	-0,0029346049	-0,0086806975	-0,013115131
41773	39,396484	-6,9589844	-7,0097103	-0,05961135	-0,0032911301	-0,009443894	-0,014224497
41773	39,896484	-7,4589844	-7,5611973	-0,063557178	-0,003824234	-0,010341227	-0,015300369
41773	40,396484	-7,9589844	-8,0282011	-0,067166239	-0,0042894185	-0,01101156	-0,016280683
41773	40,896484	-8,4589844	-8,5778828	-0,071102381	-0,0047828257	-0,01188061	-0,017317796
41773	41,396484	-8,9589844	-9,0495119	-0,074465573	-0,0053136051	-0,012670211	-0,018223062
41773	41,896484	-9,4589844	-9,5193033	-0,077620149	-0,0058003962	-0,013334833	-0,019107016
41773	42,396484	-9,9589844	-10,01868	-0,081180036	-0,0064183772	-0,014159182	-0,020022884
41773	42,896484	-10,458984	-10,577009	-0,084893405	-0,0070438981	-0,014861114	-0,021045335
41773	43,396484	-10,958984	-10,986935	-0,087166578	-0,0074930787	-0,015576247	-0,021698833
41773	43,896484	-11,458984	-11,487497	-0,09066537	-0,0080744326	-0,016265649	-0,022743873
41773	44,396484	-11,958984	-12,012565	-0,094127655	-0,0086797774	-0,017043874	-0,023633314
41773	44,896484	-12,458984	-12,564098	-0,097839534	-0,0093580782	-0,017866747	-0,024524197
41773	45,396484	-12,958984	-12,965448	-0,099542737	-0,0098535419	-0,01852449	-0,025257235
41773	45,896484	-13,458984	-13,51289	-0,10351315	-0,010608375	-0,01931873	-0,02631538
41773	46,396484	-13,958984	-14,024452	-0,10661036	-0,011355877	-0,020025153	-0,02718837
41773	46,896484	-14,458984	-14,486863	-0,10896549	-0,011923552	-0,020733869	-0,027869636
41773	47,396484	-14,958984	-14,984828	-0,11165366	-0,01268962	-0,021454938	-0,028645612
41773	47,896484	-15,458984	-15,484971	-0,11473373	-0,013333231	-0,022158097	-0,029637422
41773	48,396484	-15,958984	-16,055676	-0,11823922	-0,014077336	-0,023079328	-0,030404832
41773	48,896484	-16,458984	-16,431755	-0,12021214	-0,014609486	-0,023579797	-0,031161578
41773	49,396484	-16,958984	-16,95668	-0,12296587	-0,015438378	-0,024302579	-0,031972803
41773	49,896484	-17,458984	-17,540476	-0,12621135	-0,016200095	-0,025225328	-0,032927774
41773	50,396484	-17,958984	-17,980389	-0,12887716	-0,016845316	-0,025869478	-0,033629578
41773	50,896484	-18,458984	-18,437727	-0,13066009	-0,017511964	-0,026588647	-0,034406118
41773	51,396484	-18,958984	-19,040594	-0,13444871	-0,018401325	-0,027440865	-0,035308357
41773	51,896484	-19,458984	-19,491774	-0,13697296	-0,019036233	-0,028067416	-0,036018483
41773	52,396484	-19,958984	-20,006487	-0,14024153	-0,019748837	-0,028854398	-0,03699201
41773	52,896484	-20,458984	-20,483768	-0,14233366	-0,020457715	-0,029610243	-0,03756842
41773	53,396484	-20,958984	-20,955835	-0,14464483	-0,021195024	-0,030217282	-0,03833789
41773	53,896484	-21,458984	-21,469738	-0,14832318	-0,021913886	-0,030968538	-0,039301973
41773	54,396484	-21,958984	-21,977774	-0,1503557	-0,02270329	-0,031801596	-0,039990958
41773	54,896484	-22,458984	-22,441656	-0,15196279	-0,023388386	-0,032413073	-0,04072842
41773	55,396484	-22,958984	-23,017982	-0,15563667	-0,024162501	-0,033239242	-0,041596197
41773	55,896484	-23,458984	-23,494116	-0,15825406	-0,024873614	-0,033972427	-0,042303566
41773	56,396484	-23,958984	-23,946741	-0,16080588	-0,025568128	-0,03462657	-0,043020934
41773	56,896484	-24,458984	-24,451609	-0,16296655	-0,026312202	-0,035338681	-0,043853279
41773	57,396484	-24,958984	-25,031847	-0,1658611	-0,027235597	-0,036128517	-0,044724137
41773	57,896484	-25,458984	-25,448414	-0,1676552	-0,027867019	-0,036775447	-0,045368627
41773	58,396484	-25,958984	-25,995382	-0,17094165	-0,028621703	-0,037627481	-0,046241507
41773	58,896484	-26,458984	-26,366938	-0,17286092	-0,029211491	-0,038094014	-0,046926536
41773	59,396484	-26,958984	-26,930609	-0,17539859	-0,030020714	-0,039015856	-0,047782529
41773	59,896484	-27,458984	-27,482395	-0,17808452	-0,030905992	-0,039817125	-0,048609652
41773	60,396484	-27,958984	-28,040804	-0,18117204	-0,031666279	-0,040630911	-0,049462631
41773	60,896484	-28,458984	-28,448503	-0,18257573	-0,032289356	-0,041298211	-0,050044473
41773	61,396484	-28,958984	-28,958374	-0,18599108	-0,033079058	-0,042043783	-0,050898511
41773	61,896484	-29,458984	-29,473778	-0,18822178	-0,033857822	-0,042707708	-0,051663436
41773	62,396484	-29,958984	-30,048208	-0,19104034	-0,034738749	-0,043488342	-0,05249567
41773	62,896484	-30,458984	-30,528175	-0,19352958	-0,035397321	-0,04427724	-0,05320517
41773	63,396484	-30,958984	-31,029869	-0,19566342	-0,03628695	-0,045059666	-0,054158289
41773	63,896484	-31,458984	-31,492289	-0,19802302	-0,036829531	-0,045732971	-0,054792535
41773	64,396484	-31,958984	-32,061214	-0,20094365	-0,037804097	-0,046527199	-0,055622164
41773	64,896484	-32,458984	-32,497276	-0,20316243	-0,038471818	-0,04714727	-0,056273155
41773	65,396484	-32,958984	-32,933514	-0,20540655	-0,039064229	-0,047890991	-0,057054449
41773	65,896484	-33,458984	-33,492092	-0,20806342	-0,039919376	-0,048646092	-0,057838298
41773	66,396484	-33,958984	-33,988766	-0,21071509	-0,040744931	-0,04934803	-0,058716148
41773	66,896484	-34,458984	-34,513199	-0,21299794	-0,041454226	-0,050123259	-0,059536118
41773	67,396484	-34,958984	-34,986568	-0,21572858	-0,042176634	-0,050852701	-0,060087595
41773	67,896484	-35,458984	-35,442493	-0,2178371	-0,042929351	-0,051532086	-0,060875997
41773	68,396484	-35,958984	-36,008823	-0,22012368	-0,04372859	-0,052365582	-0,061721608
41773	68,896484	-36,458984	-36,483727	-0,22277534	-0,044543177	-0,053093635	-0,062449187
41773	69,396484	-36,958984	-36,991127	-0,2250731	-0,045327574	-0,053767197	-0,063141629
41773	69,896484	-37,458984	-37,467335	-0,22758394	-0,046086222	-0,054532278	-0,063897461
41773	70,396484	-37,958984	-37,917629	-0,23015514	-0,046702564	-0,05516031	-0,064672619
41773	70,896484	-38,458984	-38,441868	-0,23175105	-0,047504336	-0,055867668	-0,065460943
41773	71,396484	-38,958984	-38,999439	-0,23487732	-0,048348069	-0,056731097	-0,066316046
41773	71,896484	-39,458984	-39,474487	-0,23671687	-0,049067765	-0,057414204	-0,067056388
41773	72,396484	-39,958984	-39,973309	-0,23917705	-0,049890518	-0,058211043	-0,067793973
41773	72,896484	-40,458984	-40,519283	-0,24182647	-0,050685644	-0,058961585	-0,068554886
41773	73,396484	-40,958984	-40,9492	-0,24408102	-0,051345557	-0,059603438	-0,069224775
41773	73,896484	-41,458984	-41,522305	-0,24627	-0,052226305	-0,060488924	-0,070101589
41773	74,396484	-41,958984	-41,968647	-0,24905726	-0,052944332	-0,061170623	-0,070833199
41773	74,896484	-42,458984	-42,449688	-0,25148466	-0,053687155	-0,061842419	-0,071566232
41773	75,396484	-42,958984	-43,036167	-0,25325269	-0,054537863	-0,062750675	-0,072387859
41773	75,896484	-43,458984	-43,540272	-0,25596768	-0,055350959	-0,063435644	-0,073261015
41773	76,396484	-43,958984	-44,05764	-0,2592206	-0,056185454	-0,064256147	-0,074066587
41773	76,896484	-44,458984	-44,465908	-0,26071519	-0,056766033	-0,064836919	-0,074664436
41773	77,396484	-44,958984	-45,023392	-0,26339144	-0,057617843	-0,065702349	-0,07549306
41773	77,896484	-45,458984	-45,526722	-0,26560053	-0,05838868	-0,066381909	-0,076329671
41773	78,396484	-45,958984	-45,953121	-0,26786327	-0,059052318	-0,067078985	-0,076991178
41773	78,896484	-46,458984	-46,436398	-0,26991367	-0,059833884	-0,067792699	-0,077743188
41773	79,396484	-46,958984	-47,003952	-0,27249604	-0,060688108	-0,068622895	-0,078516088
41773	79,896484	-47,458984	-47,500347	-0,27504563	-0,061513126	-0,069355138	-0,079418011
41773	80,396484	-47,958984	-47,97633	-0,27753487	-0,0622181	-0,070055068	-0,08010681
41773	80,896484	-48,458984	-48,431885	-0,27928501	-0,062992007	-0,070821092	-0,08087182
41773	81,396484	-48,958984	-49,049343	-0,28185844	-0,063899577	-0,071709037	-0,081873372
41773	81,896484	-49,458984	-49,444656	-0,28368458	-0,064547345	-0,07231304	-0,082300626
41773	82,396484	-49,958984	-49,987888	-0,28649792	-0,065431058	-0,073109284	-0,083212458
41773	82,896484	-50,458984	-50,45055	-0,28936341	-0,066160277	-0,073871568	-0,084024958
41773	83,396484	-50,445118	-50,538544	-0,28973818	-0,066371292	-0,074061379	-0,08412163
41773	83,896484	-49,945118	-49,989384	-0,28720498	-0,065608963	-0,073321149	-0,083402827
41773	84,396484	-49,445118	-49,467007	-0,28522387	-0,064971521	-0,07264106	-0,082708403
41773	84,896484	-48,945118	-48,96719	-0,28336495	-0,064180419	-0,071847573	-0,082054429
41773	85,396484	-48,445118	-48,477898	-0,28119311	-0,063539699	-0,071236327	-0,081391647
41773	85,896484	-47,945118	-47,944489	-0,27959123	-0,062785417	-0,070527062	-0,080612972
41773	86,396484	-47,445118	-47,490227	-0,27746111	-0,06213066	-0,069880113	-0,079940483
41773	86,896484	-46,945118	-46,968925	-0,27535334	-0,061378747	-0,069195956	-0,079308353
41773	87,396484	-46,445118	-46,452618	-0,27299076	-0,060689867	-0,068456717	-0,078555442
41773	87,896484	-45,945118	-45,96125	-0,27086735	-0,059993595	-0,067797333	-0,077752002
41773	88,396484	-45,445118	-45,478729	-0,26944727	-0,059197098	-0,06705685	-0,077198707
41773	88,896484	-44,945118	-44,898285	-0,26665255	-0,058419108	-0,066361994	-0,076326862
41773	89,396484	-44,445118	-44,41317	-0,26477501	-0,057832032	-0,065681569	-0,07558044
41773	89,896484	-43,945118	-43,957123	-0,26272088	-0,057133973	-0,065006487	-0,074864127
41773	90,396484	-43,445118	-43,459663	-0,2609238	-0,056373179	-0,064325921	-0,074255921
41773	90,896484	-42,945118	-42,932735	-0,25839582	-0,055582941	-0,063626215	-0,073439255
41773	91,396484	-42,445118	-42,456074	-0,25647283	-0,05497086	-0,062901892	-0,072755851
41773	91,896484	-41,945118	-41,921902	-0,25422424	-0,054243088	-0,062254131	-0,072129287
41773	92,396484	-41,445118	-41,423527	-0,25235862	-0,05343613	-0,061532483	-0,0713614
41773	92,896484	-40,945118	-40,954006	-0,25053024	-0,052702427	-0,060832605	-0,070609823
41773	93,396484	-40,445118	-40,439617	-0,24751276	-0,052014887	-0,06003616	-0,069799282
41773	93,896484	-39,945118	-39,894974	-0,24512038	-0,051265061	-0,059436407	-0,069074281
41773	94,396484	-39,445118	-39,461224	-0,24410188	-0,050642133	-0,05871091	-0,068462141
41773	94,896484	-38,945118	-38,957985	-0,24169609	-0,049890876	-0,058072202	-0,067805365
41773	95,396484	-38,445118	-38,480858	-0,23909509	-0,049157232	-0,057314694	-0,0670214
41773	95,896484	-37,945118	-37,957077	-0,23747161	-0,048368812	-0,056530565	-0,066245131
41773	96,396484	-37,445118	-37,459812	-0,23487583	-0,047751516	-0,055954102	-0,065581493
41773	96,896484	-36,945118	-37,000191	-0,23268089	-0,047102004	-0,055244599	-0,06487038
41773	97,396484	-36,445118	-36,41256	-0,22960305	-0,046182096	-0,054336801	-0,063987121
41773	97,896484	-35,945118	-35,880348	-0,22795498	-0,045488	-0,053611897	-0,063214391
41773	98,396484	-35,445118	-35,466446	-0,22575036	-0,044797093	-0,053070471	-0,062658533
41773	98,896484	-34,945118	-34,952831	-0,22340789	-0,04412207	-0,052222215	-0,061950419
41773	99,396484	-34,445118	-34,506634	-0,22165775	-0,043399066	-0,051666047	-0,061306603
41773	99,896484	-33,945118	-33,996811	-0,21943823	-0,042671502	-0,050967224	-0,060510237
41773	100,39648	-33,445118	-33,48579	-0,21696612	-0,041877091	-0,050168566	-0,059808716
41773	100,89648	-32,945118	-32,917591	-0,2143614	-0,041069806	-0,049360011	-0,058833256
41773	101,39648	-32,445118	-32,490757	-0,21237135	-0,040424049	-0,048752412	-0,058313761
41773	101,89648	-31,945118	-31,948803	-0,21029264	-0,039681017	-0,047969997	-0,057526544
41773	102,39648	-31,445118	-31,477684	-0,20748675	-0,038918525	-0,047318794	-0,056770697
41773	102,89648	-30,945118	-30,998966	-0,20538047	-0,038269848	-0,046593919	-0,05607491
41773	103,39648	-30,445118	-30,409342	-0,20272732	-0,037367672	-0,045810081	-0,055198971
41773	103,89648	-29,945118	-29,911213	-0,2006121	-0,036681116	-0,045007624	-0,05436239
41773	104,39648	-29,445118	-29,449646	-0,19833297	-0,036017299	-0,044370066	-0,053757697
41773	104,89648	-28,945118	-28,974792	-0,19630492	-0,035376608	-0,043599166	-0,053100754
41773	105,39648	-28,445118	-28,384937	-0,19338802	-0,034450591	-0,042789683	-0,052107755
41773	105,89648	-27,945118	-27,945778	-0,19065812	-0,033784211	-0,042148899	-0,051514588
41773	106,39648	-27,445118	-27,479506	-0,1894705	-0,033101141	-0,041517496	-0,050836846
41773	106,89648	-26,945118	-26,926821	-0,18653423	-0,032217264	-0,04062314	-0,049854584
41773	107,39648	-26,445118	-26,513927	-0,18413141	-0,031675696	-0,040036507	-0,049276099
41773	107,89648	-25,945118	-25,910978	-0,18067732	-0,030733854	-0,039158117	-0,048379295
41773	108,39648	-25,445118	-25,432962	-0,17876923	-0,030037671	-0,038445573	-0,047573216
41773	108,89648	-24,945118	-24,934803	-0,17655194	-0,029416442	-0,037651487	-0,04685929
41773	109,39648	-24,445118	-24,438814	-0,17404556	-0,028659374	-0,036962777	-0,046125762
41773	109,89648	-23,945118	-23,857426	-0,17087534	-0,027828306	-0,036118656	-0,045326807
41773	110,39648	-23,445118	-23,450632	-0,16918257	-0,027165174	-0,035501316	-0,04456415
41773	110,89648	-22,945118	-22,962185	-0,16646609	-0,02645424	-0,034768585	-0,043878756
41773	111,39648	-22,445118	-22,381214	-0,16354993	-0,025614798	-0,03386553	-0,042951196
41773	111,89648	-21,945118	-21,975813	-0,16202182	-0,025041342	-0,03329815	-0,042351112
41773	112,39648	-21,445118	-21,415165	-0,15889853	-0,024197191	-0,032487758	-0,041505948
41773	112,89648	-20,945118	-20,982662	-0,1563251	-0,023516476	-0,03173048	-0,040817767
41773	113,39648	-20,445118	-20,40609	-0,15395209	-0,022744685	-0,030855861	-0,039915476
41773	113,89648	-19,945118	-19,925993	-0,15127584	-0,021975815	-0,030186193	-0,039233875
41773	114,39648	-19,445118	-19,412001	-0,14803037	-0,021213889	-0,029432073	-0,038408119
41773	114,89648	-18,945118	-18,931595	-0,14606491	-0,020529389	-0,028733093	-0,037515
41773	115,39648	-18,445118	-18,448929	-0,14353767	-0,019752383	-0,027999558	-0,036832482
41773	115,89648	-17,945118	-17,993662	-0,14096573	-0,019174397	-0,027245691	-0,036134351
41773	116,39648	-17,445118	-17,454046	-0,1381442	-0,01830852	-0,026356392	-0,035253998
41773	116,89648	-16,945118	-16,951143	-0,13495982	-0,017645806	-0,025674194	-0,034410149
41773	117,39648	-16,445118	-16,47274	-0,13261661	-0,016921937	-0,024953119	-0,033652809
41773	117,89648	-15,945118	-15,941134	-0,12974367	-0,016137868	-0,024182886	-0,032716729
41773	118,39648	-15,445118	-15,446121	-0,12733042	-0,015420079	-0,023315564	-0,03200008
41773	118,89648	-14,945118	-14,943107	-0,12416467	-0,014679521	-0,022519622	-0,031107619
41773	119,39648	-14,445118	-14,442891	-0,12088045	-0,014028251	-0,021835066	-0,030272866
41773	119,89648	-13,945118	-13,900636	-0,11883453	-0,013226092	-0,021009404	-0,029544378
41773	120,39648	-13,445118	-13,444312	-0,11557937	-0,012527794	-0,020232523	-0,028596591
41773	120,89648	-12,945118	-12,971539	-0,11234134	-0,011991322	-0,019553624	-0,027731273
41773	121,39648	-12,445118	-12,472363	-0,10976568	-0,01132229	-0,01873472	-0,026954599
41773	121,89648	-11,945118	-11,906953	-0,10581687	-0,010499179	-0,017841827	-0,026031233
41773	122,39648	-11,445118	-11,456466	-0,10334849	-0,0098659098	-0,017119557	-0,025126221
41773	122,89648	-10,945118	-10,933814	-0,10020658	-0,0091987252	-0,016345065	-0,024163352
41773	123,39648	-10,445118	-10,457659	-0,097470731	-0,0085925162	-0,015493559	-0,023378007
41773	123,89648	-9,945118	-9,8902664	-0,09426102	-0,0078628063	-0,014650842	-0,022409813
41773	124,39648	-9,445118	-9,400631	-0,090223551	-0,0073036551	-0,013799446	-0,021402506
41773	124,89648	-8,945118	-8,9131536	-0,086642802	-0,0066708326	-0,013030503	-0,020529052
41773	125,39648	-8,445118	-8,361167	-0,083743781	-0,0060719252	-0,012177855	-0,019416533
41773	125,89648	-7,945118	-7,9040389	-0,079605728	-0,0055736899	-0,011384606	-0,018397
41773	126,39648	-7,445118	-7,4445906	-0,076518208	-0,005046308	-0,010623418	-0,017628103
41773	126,89648	-6,945118	-6,9620628	-0,073101372	-0,0045447052	-0,009795323	-0,016594335
41773	127,39648	-6,445118	-6,4243937	-0,068912655	-0,0039733946	-0,0088442266	-0,015407483
41773	127,89648	-5,945118	-5,9686584	-0,065688789	-0,0036172867	-0,0081275869	-0,014562557
41773	128,39648	-5,445118	-5,5219045	-0,061333925	-0,0031227171	-0,0072998889	-0,013591613
41773	128,89648	-4,945118	-5,2857957	-0,059682876	-0,0028749704	-0,0068982504	-0,013051638
41773	129,39648	-4,445118	-4,3716989	-0,051634759	-0,0021668077	-0,0052925535	-0,011126512
41773	129,89648	-3,945118	-3,848562	-0,04651621	-0,0018049181	-0,0043480098	-0,0098559689
41773	130,39648	-3,445118	-3,406424	-0,041584671	-0,001593411	-0,003603667	-0,0087792343
41773	130,89648	-2,945118	-2,9391294	-0,037045032	-0,0011763275	-0,0027379617	-0,0076458491
41773	131,39648	-2,445118	-2,4978387	-0,032135099	-0,0009046793	-0,0019567348	-0,0065531558
41773	131,89648	-1,945118	-2,014514	-0,025684386	-0,00077748299	-0,0010913871	-0,0050062751
41773	132,39648	-1,445118	-1,496926	-0,019150972	-0,00055646896	-0,00037562475	-0,0035483495
41773	132,89648	-1,0507813	-0,95420146	-0,011120737	-0,0003708303	0,00045563653	-0,001940297
41773	133,39648	-1,5507813	-1,232136	-0,013447553	-0,00048747659	8,5767359e-05	-0,0025685856
41773	133,89648	-2,0507813	-1,8624272	-0,021988899	-0,00066387653	-0,00079540536	-0,0043362831
41773	134,39648	-2,5507813	-2,3614335	-0,026955456	-0,00078850985	-0,0015038773	-0,0055384999
41773	134,89648	-3,0507813	-2,5301929	-0,02899915	-0,00085759163	-0,0017985143	-0,0059704375
41773	135,39648	-3,5507813	-3,4487731	-0,038464367	-0,001347363	-0,0032106824	-0,0081244865
41773	135,89648	-4,0507813	-4,1187572	-0,044510514	-0,0017939508	-0,0042647086	-0,0096566137
41773	136,39648	-4,5507813	-4,5453124	-0,049291551	-0,00208655	-0,0050107688	-0,010594287
41773	136,89648	-5,0507813	-5,0694866	-0,053043664	-0,002453953	-0,0058799163	-0,01169113
41773	137,39648	-5,5507813	-5,5614691	-0,05723536	-0,0029383898	-0,0066662207	-0,012685766
41773	137,89648	-6,0507813	-6,1251259	-0,062053651	-0,0033982098	-0,0075972565	-0,01367615
41773	138,39648	-6,5507813	-6,6333151	-0,065468997	-0,0038435459	-0,0083965994	-0,014754967
41773	138,89648	-7,0507813	-7,1691537	-0,069494545	-0,004419297	-0,0093070455	-0,015834095
41773	139,39648	-7,5507813	-7,6836796	-0,073213875	-0,0049231648	-0,010079017	-0,016623709
41773	139,89648	-8,0507813	-8,0879774	-0,075971335	-0,0052989423	-0,010785913	-0,017440379
41773	140,39648	-8,5507813	-8,543499	-0,079027563	-0,0058575869	-0,011412697	-0,018303659
41773	140,89648	-9,0507813	-9,1233416	-0,082762539	-0,0066221952	-0,012274561	-0,019275956
41773	141,39648	-9,5507813	-9,6220856	-0,086049736	-0,0072373152	-0,013079697	-0,020295965
41773	141,89648	-10,050781	-10,083878	-0,089097768	-0,0076843798	-0,013818156	-0,021041958
41773	142,39648	-10,550781	-10,655807	-0,092237443	-0,0084076226	-0,014576264	-0,022138532
41773	142,89648	-11,050781	-11,122551	-0,09522289	-0,009009093	-0,015308479	-0,022864195
41773	143,39648	-11,550781	-11,609006	-0,098694116	-0,0096508861	-0,016008615	-0,023606706
41773	143,89648	-12,050781	-12,077902	-0,10142475	-0,010328799	-0,016686657	-0,024401005
41773	144,39648	-12,550781	-12,588975	-0,10432974	-0,011047244	-0,017476609	-0,025258841
41773	144,89648	-13,050781	-13,079157	-0,10680333	-0,011590838	-0,018265575	-0,026059313
41773	145,39648	-13,550781	-13,604353	-0,10981038	-0,012373656	-0,01897184	-0,026909504
41773	145,89648	-14,050781	-14,040575	-0,1128152	-0,013079256	-0,019702714	-0,02769723
41773	146,39648	-14,550781	-14,553061	-0,11514425	-0,013754696	-0,020424169	-0,028434804
41773	146,89648	-15,050781	-15,018088	-0,11705607	-0,014536738	-0,021062342	-0,029235633
41773	147,39648	-15,550781	-15,549497	-0,12093857	-0,015239418	-0,021861434	-0,030017499
41773	147,89648	-16,050781	-16,018204	-0,12353212	-0,01590094	-0,022652341	-0,0307713
41773	148,39648	-16,550781	-16,598917	-0,1268439	-0,016722053	-0,023420691	-0,031689595
41773	148,89648	-17,050781	-17,089638	-0,12882352	-0,017460257	-0,024244832	-0,032453939
41773	149,39648	-17,550781	-17,558788	-0,13106614	-0,018087715	-0,024896005	-0,033154778
41773	149,89648	-18,050781	-18,051188	-0,13388991	-0,018837392	-0,025586523	-0,034021955
41773	150,39648	-18,550781	-18,637375	-0,13753846	-0,019746959	-0,026477374	-0,034856886
41773	150,89648	-19,050781	-19,012178	-0,13903677	-0,020364791	-0,027072385	-0,035462976
41773	151,39648	-19,550781	-19,609869	-0,14216602	-0,021159172	-0,027922008	-0,03644098
41773	151,89648	-20,050781	-20,058237	-0,14526099	-0,021847844	-0,028515046	-0,037134998
41773	152,39648	-20,550781	-20,569675	-0,1478523	-0,02262643	-0,029237503	-0,037857275
41773	152,89648	-21,050781	-20,973133	-0,14964268	-0,023173124	-0,029939247	-0,038633272
41773	153,39648	-21,550781	-21,559702	-0,15275925	-0,024112403	-0,030771829	-0,039485838
41773	153,89648	-22,050781	-22,082735	-0,15512332	-0,024817705	-0,031514853	-0,04026081
41773	154,39648	-22,550781	-22,609583	-0,15742257	-0,02562362	-0,032284155	-0,041029751
41773	154,89648	-23,050781	-23,056147	-0,16041324	-0,026233941	-0,032992311	-0,041739564
41773	155,39648	-23,550781	-23,586229	-0,16305521	-0,027094901	-0,03370107	-0,042481013
41773	155,89648	-24,050781	-24,094086	-0,16509518	-0,027910024	-0,034503467	-0,043404482
41773	156,39648	-24,550781	-24,588427	-0,16744211	-0,028624326	-0,035188287	-0,04405589
41773	156,89648	-25,050781	-25,10103	-0,17035007	-0,02937746	-0,035973746	-0,044785295
41773	157,39648	-25,550781	-25,51701	-0,1726076	-0,029959023	-0,036680892	-0,045498639
41773	157,89648	-26,050781	-26,052322	-0,17450154	-0,030725867	-0,03738327	-0,046319153
41773	158,39648	-26,550781	-26,657806	-0,17784387	-0,03166613	-0,038263489	-0,047201015
41773	158,89648	-27,050781	-26,980825	-0,17948598	-0,032111734	-0,03875808	-0,047747616
41773	159,39648	-27,550781	-27,562674	-0,18213764	-0,03307119	-0,039587021	-0,048597842
41773	159,89648	-28,050781	-28,051567	-0,18509328	-0,033859581	-0,040320609	-0,049307968
41773	160,39648	-28,550781	-28,590307	-0,18731728	-0,0345743	-0,041117337	-0,050243296
41773	160,89648	-29,050781	-29,066734	-0,18969327	-0,035306215	-0,041846622	-0,050851766
41773	161,39648	-29,550781	-29,66576	-0,19246414	-0,036166847	-0,042697284	-0,051895682
41773	161,89648	-30,050781	-30,093258	-0,19424036	-0,03685078	-0,043329883	-0,052484185
41773	162,39648	-30,550781	-30,536217	-0,19633919	-0,03756687	-0,044085413	-0,053243112
41773	162,89648	-31,050781	-31,126904	-0,19959584	-0,038537264	-0,04485409	-0,054110978
41773	163,39648	-31,550781	-31,649691	-0,20218343	-0,039304227	-0,045551632	-0,054805756
41773	163,89648	-32,050781	-32,069893	-0,20390078	-0,03990224	-0,046303701	-0,055516843
41773	164,39648	-32,550781	-32,599133	-0,20662695	-0,040698379	-0,047005486	-0,056259986
41773	164,89648	-33,050781	-33,139347	-0,2097629	-0,041480184	-0,04778675	-0,057052493
41773	165,39648	-33,550781	-33,605801	-0,21191761	-0,042207599	-0,048517615	-0,057887632
41773	165,89648	-34,050781	-34,120216	-0,21366626	-0,043010086	-0,04925032	-0,058560185
41773	166,39648	-34,550781	-34,581669	-0,21655858	-0,04372409	-0,04997427	-0,059306227
41773	166,89648	-35,050781	-35,071392	-0,2184771	-0,044432104	-0,050671313	-0,060061969
41773	167,39648	-35,550781	-35,597839	-0,22101849	-0,045191437	-0,051384855	-0,060838986
41773	167,89648	-36,050781	-36,054405	-0,22306442	-0,046031952	-0,052156091	-0,061421268
41773	168,39648	-36,550781	-36,590378	-0,22554621	-0,046705693	-0,052918021	-0,06226727
41773	168,89648	-37,050781	-37,130043	-0,22755861	-0,047564596	-0,053653434	-0,063165739
41773	169,39648	-37,550781	-37,470318	-0,23011714	-0,048071057	-0,054265019	-0,063679375
41773	169,89648	-38,050781	-38,08847	-0,2323553	-0,04899022	-0,055118337	-0,064545862
41773	170,39648	-38,550781	-38,576904	-0,23492649	-0,049811721	-0,055839725	-0,06531848
41773	170,89648	-39,050781	-39,086693	-0,23780763	-0,050586939	-0,056593955	-0,066209622
41773	171,39648	-39,550781	-39,558491	-0,23971051	-0,051281989	-0,057326898	-0,066771664
41773	171,89648	-40,050781	-40,074738	-0,24217889	-0,052099138	-0,058041807	-0,067565911
41773	172,39648	-40,550781	-40,562218	-0,24403185	-0,052780867	-0,058750793	-0,068296708
41773	172,89648	-41,050781	-41,121391	-0,24700388	-0,053629726	-0,059543245	-0,06910421
41773	173,39648	-41,550781	-41,615963	-0,24922118	-0,0543603	-0,060242452	-0,069801413
41773	173,89648	-42,050781	-42,104347	-0,25119931	-0,055128485	-0,060965233	-0,070579715
41773	174,39648	-42,550781	-42,596188	-0,25327876	-0,055860549	-0,061714031	-0,071287036
41773	174,89648	-43,050781	-43,051697	-0,25554746	-0,056596309	-0,062358968	-0,072082527
41773	175,39648	-43,550781	-43,511616	-0,2585642	-0,057250947	-0,06307821	-0,072786629
41773	175,89648	-44,050781	-44,046661	-0,25993809	-0,058214575	-0,063911006	-0,073535532
41773	176,39648	-44,550781	-44,661331	-0,26301295	-0,059025556	-0,064787865	-0,074453712
41773	176,89648	-45,050781	-45,140125	-0,26540458	-0,059801459	-0,065468334	-0,075272173
41773	177,39648	-45,550781	-45,542034	-0,2676338	-0,060441017	-0,066131175	-0,075802542
41773	177,89648	-46,050781	-46,029476	-0,26986524	-0,061216384	-0,066811293	-0,076618098
41773	178,39648	-46,550781	-46,565449	-0,27210563	-0,062022954	-0,067548871	-0,077401854
41773	178,89648	-47,050781	-46,974972	-0,27342215	-0,062678799	-0,068218827	-0,078110285
41773	179,39648	-47,550781	-47,668968	-0,27677342	-0,063678831	-0,06916517	-0,07901103
41773	179,89648	-48,050781	-48,046318	-0,27905107	-0,064323142	-0,069820911	-0,07957866
41773	180,39648	-48,550781	-48,673351	-0,28179958	-0,065260381	-0,070708171	-0,080658808
41773	180,89648	-49,050781	-49,051033	-0,28344467	-0,065836817	-0,071223475	-0,081060588
41773	181,39648	-49,550781	-49,582634	-0,28537139	-0,06663698	-0,071982279	-0,082010962
41773	181,89648	-49,353321	-49,400738	-0,28514192	-0,06650117	-0,071818739	-0,081792407
41773	182,39648	-48,853321	-48,861374	-0,28338805	-0,065706521	-0,071052648	-0,080926009
41773	182,89648	-48,353321	-48,319698	-0,28126761	-0,064986259	-0,070315734	-0,080287322
41773	183,39648	-47,853321	-47,913654	-0,2795428	-0,064442396	-0,069813408	-0,07984256
41773	183,89648	-47,353321	-47,338829	-0,27692989	-0,063503876	-0,069103703	-0,078920394
41773	184,39648	-46,853321	-46,940609	-0,27545169	-0,062999755	-0,068471968	-0,078318395
41773	184,89648	-46,353321	-46,400196	-0,2736114	-0,062226906	-0,067748927	-0,077609479
41773	185,39648	-45,853321	-45,851448	-0,27092323	-0,061420888	-0,066973165	-0,076806247
41773	185,89648	-45,353321	-45,320873	-0,26828796	-0,060625851	-0,066282526	-0,076132923
41773	186,39648	-44,853321	-44,869316	-0,26704147	-0,060086191	-0,065607622	-0,075423717
41773	186,89648	-44,353321	-44,355877	-0,26464835	-0,05922991	-0,064905904	-0,074644253
41773	187,39648	-43,853321	-43,820095	-0,26276931	-0,058532387	-0,064209312	-0,073918924
41773	187,89648	-43,353321	-43,40004	-0,26087984	-0,05794847	-0,063620076	-0,073347628
41773	188,39648	-42,853321	-42,864491	-0,25870949	-0,057155877	-0,062840268	-0,072484732
41773	188,89648	-42,353321	-42,346542	-0,25653541	-0,056419998	-0,062140014	-0,071771555
41773	189,39648	-41,853321	-41,846382	-0,25423393	-0,055636555	-0,061423797	-0,071103074
41773	189,89648	-41,353321	-41,311462	-0,25186017	-0,054912269	-0,060738161	-0,070308626
41773	190,39648	-40,853321	-40,848873	-0,2500549	-0,054211378	-0,060043737	-0,069557525
41773	190,89648	-40,353321	-40,426659	-0,2481319	-0,053635508	-0,059493601	-0,069040932
41773	191,39648	-39,853321	-39,917988	-0,24555773	-0,052803427	-0,0586918	-0,068307757
41773	191,89648	-39,353321	-39,388592	-0,24370179	-0,052169979	-0,058049891	-0,06755735
41773	192,39648	-38,853321	-38,903999	-0,24125874	-0,051408738	-0,057297178	-0,066811867
41773	192,89648	-38,353321	-38,365005	-0,2392374	-0,050494045	-0,056529153	-0,065980479
41773	193,39648	-37,853321	-37,872387	-0,23721308	-0,049949348	-0,055791646	-0,065263972
41773	193,89648	-37,353321	-37,368275	-0,23516119	-0,04913041	-0,055052921	-0,064597458
41773	194,39648	-36,853321	-36,913387	-0,23296773	-0,048509955	-0,054472476	-0,063938841
41773	194,89648	-36,353321	-36,415043	-0,23038834	-0,047756433	-0,053766496	-0,063075773
41773	195,39648	-35,853321	-35,873817	-0,22881553	-0,046967596	-0,052933864	-0,062410623
41773	195,89648	-35,353321	-35,361111	-0,22595525	-0,046178252	-0,05229212	-0,061658576
41773	196,39648	-34,853321	-34,883358	-0,22391677	-0,045539409	-0,051525563	-0,060926069
41773	196,89648	-34,353321	-34,344418	-0,22131428	-0,044738889	-0,050820366	-0,06019523
41773	197,39648	-33,853321	-33,873539	-0,21941811	-0,04402259	-0,050206676	-0,059486888
41773	197,89648	-33,353321	-33,362652	-0,21695197	-0,043324888	-0,049403332	-0,058739975
41773	198,39648	-32,853321	-32,905239	-0,21454319	-0,04254353	-0,048717696	-0,057999313
41773	198,89648	-32,353321	-32,298801	-0,2122283	-0,041654468	-0,047867529	-0,057191122
41773	199,39648	-31,853321	-31,884039	-0,21046475	-0,041045487	-0,047286667	-0,056541789
41773	199,89648	-31,353321	-31,373539	-0,20788983	-0,040391058	-0,046518758	-0,055769563
41773	200,39648	-30,853321	-30,85894	-0,20527318	-0,039650142	-0,045810599	-0,055097874
41773	200,89648	-30,353321	-30,333597	-0,20322055	-0,038829207	-0,045031361	-0,054234922
41773	201,39648	-29,853321	-29,840542	-0,20059645	-0,038088083	-0,044271126	-0,053468168
41773	201,89648	-29,353321	-29,330523	-0,19860193	-0,037257493	-0,043591641	-0,052800525
41773	202,39648	-28,853321	-28,810341	-0,19633919	-0,036527961	-0,042870607	-0,052016281
41773	202,89648	-28,353321	-28,347521	-0,19386485	-0,035916984	-0,04220628	-0,051289778
41773	203,39648	-27,853321	-27,881918	-0,19131079	-0,035193563	-0,041503221	-0,050660208
41773	203,89648	-27,353321	-27,308903	-0,18927753	-0,034360856	-0,040666319	-0,049673725
41773	204,39648	-26,853321	-26,792717	-0,18648505	-0,033554018	-0,039866202	-0,048887085
41773	204,89648	-26,353321	-26,334909	-0,18351227	-0,032897055	-0,039186716	-0,048302729
41773	205,39648	-25,853321	-25,759615	-0,18097907	-0,032078654	-0,038367417	-0,047383215
41773	205,89648	-25,353321	-25,332857	-0,1792416	-0,031412601	-0,037740797	-0,046717841
41773	206,39648	-24,853321	-24,816101	-0,17658472	-0,030597299	-0,036987063	-0,045979813
41773	206,89648	-24,353321	-24,289032	-0,17407537	-0,029864699	-0,036191896	-0,045138128
41773	207,39648	-23,853321	-23,871082	-0,17148629	-0,029267311	-0,035571869	-0,044477113
41773	207,89648	-23,353321	-23,353928	-0,1697205	-0,028411388	-0,034805119	-0,043783192
41773	208,39648	-22,853321	-22,780886	-0,1666829	-0,027575076	-0,033936687	-0,042808246
41773	208,89648	-22,353321	-22,374306	-0,1644589	-0,027076572	-0,033313461	-0,042212535
41773	209,39648	-21,853321	-21,886971	-0,16198009	-0,026355863	-0,032624226	-0,04151665
41773	209,89648	-21,353321	-21,30888	-0,15881881	-0,025540948	-0,031720363	-0,040558629
41773	210,39648	-20,853321	-20,845543	-0,1565218	-0,024773657	-0,031094678	-0,039845195
41773	210,89648	-20,353321	-20,387253	-0,15486032	-0,02410832	-0,030300844	-0,03911496
41773	211,39648	-19,853321	-19,805969	-0,1519233	-0,023277014	-0,029566243	-0,038293369
41773	211,89648	-19,353321	-19,385757	-0,14894158	-0,022599488	-0,028906386	-0,037577987
41773	212,39648	-18,853321	-18,851946	-0,14629737	-0,021775365	-0,028007204	-0,036797598
41773	212,89648	-18,353321	-18,323462	-0,14319196	-0,020965606	-0,027244288	-0,035957787
41773	213,39648	-17,853321	-17,838438	-0,14099479	-0,020204753	-0,026578192	-0,035183053
41773	213,89648	-17,353321	-17,328285	-0,13843179	-0,019498825	-0,025734415	-0,034377057
41773	214,39648	-16,853321	-16,898415	-0,13601929	-0,018847525	-0,025098033	-0,03360163
41773	214,89648	-16,353321	-16,325554	-0,13310835	-0,018003821	-0,024234395	-0,03268997
41773	215,39648	-15,853321	-15,879877	-0,13042316	-0,017374277	-0,023562938	-0,032019354
41773	215,89648	-15,353321	-15,348855	-0,12705922	-0,016520292	-0,022699317	-0,031171959
41773	216,39648	-14,853321	-14,840624	-0,12441128	-0,015851796	-0,021952698	-0,03037647
41773	216,89648	-14,353321	-14,371067	-0,12170523	-0,015059412	-0,021136409	-0,029545242
41773	217,39648	-13,853321	-13,831171	-0,11898205	-0,014357537	-0,020402588	-0,028712511
41773	217,89648	-13,353321	-13,351295	-0,11591241	-0,013597339	-0,019716492	-0,027908469
41773	218,39648	-12,853321	-12,847239	-0,11331961	-0,012935013	-0,018867651	-0,027100027
41773	218,89648	-12,353321	-12,381987	-0,11059344	-0,01228717	-0,018097712	-0,026336573
41773	219,39648	-11,853321	-11,80748	-0,1066871	-0,011404932	-0,017232848	-0,025240429
41773	219,89648	-11,353321	-11,330355	-0,10425895	-0,010808706	-0,016478885	-0,02447952
41773	220,39648	-10,853321	-10,852165	-0,10066479	-0,010023534	-0,015732452	-0,023713419
41773	220,89648	-10,353321	-10,343204	-0,097674131	-0,0093722939	-0,01494468	-0,022745777
41773	221,39648	-9,8533211	-9,8528004	-0,095100701	-0,0086843669	-0,014179561	-0,021948799
41773	221,89648	-9,3533211	-9,3641186	-0,091157109	-0,0081379116	-0,013402028	-0,021043861
41773	222,39648	-8,8533211	-8,8265095	-0,087752193	-0,0074608624	-0,012559185	-0,019945933
41773	222,89648	-8,3533211	-8,3596249	-0,085040927	-0,006828934	-0,011809459	-0,019055793
41773	223,39648	-7,8533211	-7,8508277	-0,081349909	-0,0062101483	-0,011034954	-0,018141439
41773	223,89648	-7,3533211	-7,4108858	-0,078383833	-0,0056727827	-0,010217927	-0,017251657
41773	224,39648	-6,8533211	-6,9024463	-0,07423535	-0,0050889254	-0,0093935467	-0,016360149
41773	224,89648	-6,3533211	-6,3607841	-0,070560724	-0,0044344068	-0,008541882	-0,015246871
41773	225,39648	-5,8533211	-5,9067645	-0,067269057	-0,0039913058	-0,0077597033	-0,014416995
41773	225,89648	-5,3533211	-5,529726	-0,06345734	-0,0036196411	-0,0070999488	-0,013580354
41773	226,39648	-4,8533211	-5,1367564	-0,060953945	-0,003205806	-0,0064255372	-0,012710381
41773	226,89648	-4,3533211	-4,3593125	-0,053938478	-0,0025281608	-0,0050721541	-0,01110865
41773	227,39648	-3,8533211	-3,8401392	-0,048466027	-0,0020987689	-0,0041117184	-0,0099141067
41773	227,89648	-3,3533211	-3,2715015	-0,042711943	-0,0016800463	-0,003150139	-0,0086339414
41773	228,39648	-2,8533211	-2,8050206	-0,037360191	-0,0013097227	-0,002310358	-0,0074728183
41773	228,89648	-2,3533211	-2,4230759	-0,033501536	-0,0011539757	-0,0016696788	-0,006365356
41773	229,39648	-1,8533211	-1,920037	-0,027431548	-0,00088784099	-0,0008838512	-0,004979772
41773	229,89648	-1,3533211	-1,3791565	-0,020410866	-0,00050935149	-0,00011197478	-0,0035696027
41773	230,39648	-1	-0,94303674	-0,013920665	-0,00045457482	0,00053335354	-0,0020366136
41773	230,89648	-1	-0,86331367	-0,011280179	-0,00044101477	0,00071837381	-0,0015066196
41773	231,39648	-1	-0,86208433	-0,010946393	-0,00045150518	0,00065214559	-0,0017369108
41773	231,89648	-1	-0,86870044	-0,011069328	-0,00032934546	0,00063582882	-0,0015844046
41773	232,39648	-1	-0,91785753	-0,01193881	-0,00039476156	0,00068766996	-0,0017003533
41773	232,89648	-1	-0,94609708	-0,01186952	-0,00040397048	0,00071963668	-0,0018233815
41773	233,39648	-1	-0,94884634	-0,012071431	-0,00038862228	0,00070038065	-0,0017039526
41773	233,89648	-1	-0,98621845	-0,012949109	-0,00033593178	0,00065116957	-0,0018340305
41773	234,39648	-1	-0,97364187	-0,01186803	-0,00035053492	0,00069885328	-0,0017781234
41773	234,89648	-1	-0,96407717	-0,012160093	-0,00031152368	0,00066216663	-0,0018170159
41773	235,39648	-1	-0,9585712	-0,01206249	-0,00034698844	0,00072408095	-0,0017270501
41773	235,89648	-1	-0,97357666	-0,012262911	-0,00032714009	0,00074115023	-0,0017324191
41773	236,39648	-1	-0,99040198	-0,012027472	-0,0002284348	0,00075738132	-0,0017787481
41773	236,89648	-1	-0,97810853	-0,012245029	-0,00031062961	0,000734061	-0,0017327018
41773	237,39648	-1	-1,0273736	-0,012379885	-0,00025877357	0,00070751831	-0,001787523
41773	237,89648	-1	-1,0350122	-0,012672693	-0,00025594234	0,0007193014	-0,0019747424
41773	238,39648	-1	-1,0199025	-0,012770295	-0,00023156404	0,00078979507	-0,0018031693
41773	238,89648	-1	-0,98671764	-0,011992455	-0,00029605627	0,00080575049	-0,0017068825
41773	239,39648	-1	-1,0017213	-0,012671202	-0,00019100308	0,00073433295	-0,0018375404
41773	239,89648	-1	-0,99142081	-0,01277253	-0,00024217367	0,00077861175	-0,0017076409
41773	240,39648	-1	-1,0341685	-0,012018532	-0,00025817752	0,00077772886	-0,0017825407
41773	240,89648	-1	-0,99559873	-0,012158602	-0,00019693375	0,00080068409	-0,0018070808
41773	241,39648	-1	-0,993276	-0,011794269	-0,00021275878	0,00079998001	-0,001599441
41773	241,89648	-1	-1,0063965	-0,011681765	-0,00012889504	0,00078678131	-0,0017668052
41773	242,39648	-1	-0,99851936	-0,012186915	-0,00019913912	0,0008061938	-0,0017918064
41773	242,89648	-1	-0,9905808	-0,011586398	-0,00016155839	0,0008450821	-0,0016099412
41773	243,39648	-1	-0,98070318	-0,011884421	-0,00024756789	0,00082247704	-0,001699104
41773	243,89648	-1	-1,0191072	-0,012440234	-0,00011569262	0,00079427287	-0,0017846229
41773	244,39648	-1	-0,98452342	-0,012051314	-0,00013932586	0,00080817565	-0,0016810037
41773	244,89648	-1	-1,0041819	-0,01160726	-0,00023004413	0,00085325912	-0,0016223155
41773	245,39648	-1	-1,0091774	-0,011779368	-0,00012919307	0,00083176047	-0,0017651097
41773	245,89648	-1	-1,0035783	-0,012085587	-0,0001796186	0,00086610392	-0,0016337973
41773	246,39648	-1	-0,94911271	-0,011620671	-0,00010037422	0,0009432137	-0,0016078441
41773	246,89648	-1	-0,95112437	-0,011863559	-7,5340271e-05	0,00090702623	-0,0015718073
41773	247,39648	-1	-1,0050442	-0,011906028	-0,00019744039	0,00094160065	-0,0016308823
41773	247,89648	-1	-1,0111891	-0,011916459	-9,1135502e-05	0,00087845325	-0,0016009581
41773	248,39648	-1	-0,98416954	-0,01122728	-8,4191561e-05	0,00093485415	-0,0016685254
41773	248,89648	-1	-0,99237823	-0,011371076	-0,00012230873	0,00090213493	-0,0014948701
41773	249,39648	-1	-0,94971246	-0,011175871	-5,030632e-05	0,00095924363	-0,0014635478
41773	249,89648	-1	-0,96555984	-0,01090765	-4,4763088e-05	0,00088955089	-0,0014853961
41773	250,39648	-1	-1,0258406	-0,011390448	-0,00012505054	0,00091700628	-0,0016165002
41773	250,89648	-1	-0,99111164	-0,011255592	-0,00015938282	0,00092822686	-0,0015709
41773	251,39648	-1	-0,9887796	-0,011387467	-5,7309866e-05	0,00093526021	-0,0015465532
41773	251,89648	-1	-1,0290034	-0,011657178	-0,00010690093	0,00091248378	-0,0016943596
41773	252,39648	-1	-0,98826921	-0,011115521	-8,4728003e-05	0,00092495978	-0,0015233218
41773	252,89648	-1	-0,97241068	-0,011802465	-0,00010952353	0,00089146197	-0,0016463351
41773	253,39648	-1	-0,9695068	-0,011049956	-0,0001102984	0,0010008328	-0,0015336287
41773	253,89648	-1	-1,0113325	-0,012233108	-4,7028065e-05	0,00081470609	-0,0015818762
41773	254,39648	-1	-0,99111909	-0,011751056	-5,7369471e-05	0,0008649528	-0,0016129158
41773	254,89648	-1	-0,95902944	-0,010677427	-2,9832125e-05	0,00097752362	-0,0013890646
41773	255,39648	-1	-0,99524111	-0,011446327	5,2452087e-06	0,00094457716	-0,0015466275
41773	255,89648	-1	-0,99841505	-0,011756271	-5,6505203e-05	0,00090744346	-0,0016083498
41773	256,39648	-1	-0,98519397	-0,011260062	-5,4299831e-05	0,00094413012	-0,0015729227
41773	256,89648	-1	-0,99478477	-0,011979789	-4,0054321e-05	0,00087422878	-0,0015670033
41773	257,39648	-1	-0,98115391	-0,010971725	-3,8594007e-05	0,0010184236	-0,0015532905
41773	257,89648	-1	-0,9945389	-0,011576712	-2,6017427e-05	0,00091654062	-0,0016030848
41773	258,39648	-1	-1,0046605	-0,011616945	-3,6418438e-05	0,00098992884	-0,0015358744
41773	258,89648	-1	-0,9792186	-0,011344999	6,7204237e-05	0,00094749033	-0,0015167034
41773	259,39648	-1	-1,0184404	-0,011653453	2,604723e-05	0,00095112622	-0,001687994
41773	259,89648	-1	-0,99384969	-0,011217594	-3,1203032e-05	0,000979729	-0,0014040266
41773	260,39648	-1,1396484	-0,99013376	-0,011195242	6,2257051e-05	0,0010069162	-0,0015336584
41773	260,89648	-1,6396484	-1,5397929	-0,017335266	-0,00014257431	0,00024569035	-0,0030574412
41773	261,39648	-2,1396484	-2,1468959	-0,024795532	-0,00040879846	-0,00056572631	-0,0045600897
41773	261,89648	-2,6396484	-2,3621972	-0,027699769	-0,00050327182	-0,00084451213	-0,005144801
41773	262,39648	-3,1396484	-2,7963314	-0,032254308	-0,00071385503	-0,0015890561	-0,0063204402
41773	262,89648	-3,6396484	-3,7675445	-0,04150793	-0,0014334321	-0,003096506	-0,0083791697
41773	263,39648	-4,1396484	-4,2420664	-0,045600533	-0,0017950833	-0,0039161518	-0,0095163034
41773	263,89648	-4,6396484	-4,6782346	-0,049978495	-0,0021021962	-0,0046522804	-0,010476241
41773	264,39648	-5,1396484	-5,1818509	-0,05402565	-0,0025752485	-0,0054146834	-0,011376554
41773	264,89648	-5,6396484	-5,6363139	-0,057830662	-0,0030694306	-0,0062224381	-0,012193951
41773	265,39648	-6,1396484	-6,1621332	-0,062277168	-0,0035275519	-0,007054586	-0,013242234
41773	265,89648	-6,6396484	-6,7227764	-0,066810101	-0,0041371882	-0,0079444535	-0,014334927
41773	266,39648	-7,1396484	-7,2233539	-0,07000491	-0,0047328174	-0,0086659454	-0,015164862
41773	266,89648	-7,6396484	-7,7356462	-0,073559582	-0,005314976	-0,0094847791	-0,016131567
41773	267,39648	-8,1396484	-8,240283	-0,077166408	-0,0058151186	-0,010257831	-0,017010063
41773	267,89648	-8,6396484	-8,7483406	-0,080595911	-0,0065544248	-0,011034675	-0,017940938
41773	268,39648	-9,1396484	-9,2710094	-0,083895773	-0,0072143674	-0,011817588	-0,018773759
41773	268,89648	-9,6396484	-9,692728	-0,086655468	-0,0077908635	-0,012436789	-0,019627787
41773	269,39648	-10,139648	-10,208062	-0,089497119	-0,0083900988	-0,013222151	-0,0204014
41773	269,89648	-10,639648	-10,742288	-0,093241781	-0,0091427863	-0,014021227	-0,021303259
41773	270,39648	-11,139648	-11,194459	-0,095828623	-0,0097464323	-0,014673419	-0,022083726
41773	270,89648	-11,639648	-11,713391	-0,099098682	-0,010422409	-0,015431792	-0,022884332
41773	271,39648	-12,139648	-12,231452	-0,10190308	-0,011253595	-0,016222196	-0,02379931
41773	271,89648	-12,639648	-12,67963	-0,10435805	-0,011885226	-0,016875291	-0,024497323
41773	272,39648	-13,139648	-13,125904	-0,10677278	-0,012550622	-0,017521996	-0,025223518
41773	272,89648	-13,639648	-13,657592	-0,11028051	-0,013322711	-0,018395049	-0,026189674
41773	273,39648	-14,139648	-14,229872	-0,11298954	-0,01415357	-0,019196425	-0,027027044
41773	273,89648	-14,639648	-14,70524	-0,1154609	-0,014832765	-0,019927358	-0,027719242
41773	274,39648	-15,139648	-15,202041	-0,11885241	-0,015483677	-0,020594446	-0,028509213
41773	274,89648	-15,639648	-15,684599	-0,12124777	-0,016274303	-0,02135499	-0,029335072
41773	275,39648	-16,139648	-16,184357	-0,12435317	-0,017014533	-0,022206027	-0,030128019
41773	275,89648	-16,639648	-16,706295	-0,12697428	-0,01772061	-0,022855587	-0,030879783
41773	276,39648	-17,139648	-17,168785	-0,12958273	-0,018452883	-0,023475457	-0,031662583
41773	276,89648	-17,639648	-17,657253	-0,13244152	-0,01922223	-0,024301665	-0,032494556
41773	277,39648	-18,139648	-18,176325	-0,13463423	-0,019983858	-0,025016427	-0,033173829
41773	277,89648	-18,639648	-18,640587	-0,1376763	-0,020689368	-0,025800385	-0,034050867
41773	278,39648	-19,139648	-19,212557	-0,1400277	-0,021568537	-0,026545022	-0,034881271
41773	278,89648	-19,639648	-19,728437	-0,1430653	-0,022328228	-0,02732569	-0,035603985
41773	279,39648	-20,139648	-20,214922	-0,14505163	-0,023081571	-0,028125521	-0,036496311
41773	279,89648	-20,639648	-20,801327	-0,14810413	-0,02394551	-0,028892975	-0,037291795
41773	280,39648	-21,139648	-21,187977	-0,14996454	-0,024507254	-0,029469773	-0,037849996
41773	280,89648	-21,639648	-21,716951	-0,15312806	-0,025348574	-0,03021773	-0,038646925
41773	281,39648	-22,139648	-22,127169	-0,15537813	-0,025932133	-0,030927479	-0,039260477
41773	281,89648	-22,639648	-22,679716	-0,1579985	-0,026846915	-0,031686358	-0,040160656
41773	282,39648	-23,139648	-23,213524	-0,16135573	-0,02760765	-0,032501869	-0,040909093
41773	282,89648	-23,639648	-23,657009	-0,1629062	-0,02836296	-0,033148669	-0,041632272
41773	283,39648	-24,139648	-24,239817	-0,16625151	-0,029146552	-0,033995196	-0,042623203
41773	283,89648	-24,639648	-24,728174	-0,1683794	-0,029954314	-0,034768313	-0,043308947
41773	284,39648	-25,139648	-25,176098	-0,17049164	-0,030606627	-0,035455927	-0,043987982
41773	284,89648	-25,639648	-25,723526	-0,17309412	-0,031402498	-0,036218643	-0,044829302
41773	285,39648	-26,139648	-26,228981	-0,17574728	-0,032167822	-0,036886517	-0,045564786
41773	285,89648	-26,639648	-26,681768	-0,17788708	-0,032872409	-0,037640147	-0,046290714
41773	286,39648	-27,139648	-27,22961	-0,18090755	-0,033745468	-0,038423169	-0,047158405
41773	286,89648	-27,639648	-27,691595	-0,18297434	-0,034405351	-0,039160699	-0,047824774
41773	287,39648	-28,139648	-28,162617	-0,18560514	-0,035178632	-0,039896566	-0,048653647
41773	287,89648	-28,639648	-28,718864	-0,1878038	-0,036013842	-0,040568534	-0,049414087
41773	288,39648	-29,139648	-29,151852	-0,19033924	-0,03663373	-0,041352455	-0,050021548
41773	288,89648	-29,639648	-29,64076	-0,192561	-0,037419945	-0,042088147	-0,050744236
41773	289,39648	-30,139648	-30,156771	-0,19470602	-0,038215429	-0,042785071	-0,051626366
41773	289,89648	-30,639648	-30,694109	-0,19780323	-0,038958549	-0,043562293	-0,052398346
41773	290,39648	-31,139648	-31,164495	-0,2002947	-0,039725512	-0,044300687	-0,053178035
41773	290,89648	-31,639648	-31,671593	-0,20214468	-0,040434062	-0,045054942	-0,053909987
41773	291,39648	-32,139648	-32,226883	-0,20434931	-0,041342199	-0,045830134	-0,054706249
41773	291,89648	-32,639648	-32,672165	-0,20724088	-0,041968167	-0,046462134	-0,055410895
41773	292,39648	-33,139648	-33,154461	-0,20939335	-0,042716891	-0,047169615	-0,056180712
41773	292,89648	-33,639648	-33,634171	-0,21185279	-0,043461055	-0,047895402	-0,056936774
41773	293,39648	-34,139648	-34,173271	-0,2140969	-0,044347674	-0,048730697	-0,057720754
41773	293,89648	-34,639648	-34,710846	-0,2164185	-0,045208782	-0,049510367	-0,058475558
41773	294,39648	-35,139648	-35,148891	-0,218568	-0,045891941	-0,050125934	-0,059240662
41773	294,89648	-35,639648	-35,665321	-0,22151545	-0,046629041	-0,050895475	-0,059833217
41773	295,39648	-36,139648	-36,162254	-0,22355989	-0,04738766	-0,051590212	-0,06074876
41773	295,89648	-36,639648	-36,675606	-0,22610351	-0,048164904	-0,052334104	-0,061506376
41773	296,39648	-37,139648	-37,2062	-0,22884682	-0,049013197	-0,053149402	-0,062169153
41773	296,89648	-37,639648	-37,671944	-0,23039952	-0,049746364	-0,053866725	-0,062966794
41773	297,39648	-38,139648	-38,189804	-0,23298115	-0,050484538	-0,054609414	-0,063739084
41773	297,89648	-38,639648	-38,672958	-0,23520365	-0,051304668	-0,055273805	-0,064420618
41773	298,39648	-39,139648	-39,180637	-0,23744628	-0,05200094	-0,056022212	-0,065250188
41773	298,89648	-39,639648	-39,628361	-0,23944452	-0,052781016	-0,056738533	-0,065895036
41773	299,39648	-40,139648	-40,167561	-0,24242774	-0,05357331	-0,057555377	-0,066663772
41773	299,89648	-40,639648	-40,675106	-0,24413764	-0,054378033	-0,058194838	-0,067443945
41773	300,39648	-41,139648	-41,169682	-0,24701133	-0,055010378	-0,058961578	-0,068228297
41773	300,89648	-41,639648	-41,579563	-0,24919659	-0,055694699	-0,059565131	-0,068781421
41773	301,39648	-42,139648	-42,180893	-0,25230199	-0,056613237	-0,060473539	-0,069649339
41773	301,89648	-42,639648	-42,637493	-0,25426745	-0,057353109	-0,06111002	-0,070335336
41773	302,39648	-43,139648	-43,200848	-0,25648996	-0,058266252	-0,061911646	-0,071211718
41773	302,89648	-43,639648	-43,644691	-0,25874302	-0,058839351	-0,062578961	-0,071769878
41773	303,39648	-44,139648	-44,168228	-0,26096255	-0,059646428	-0,063400336	-0,072670363
41773	303,89648	-44,639648	-44,619011	-0,26313663	-0,060282022	-0,064000748	-0,073328726
41773	304,39648	-45,139648	-45,137543	-0,26510283	-0,06121245	-0,064795539	-0,074042909
41773	304,89648	-45,639648	-45,635258	-0,26767477	-0,061936438	-0,065548569	-0,074942283
41773	305,39648	-46,139648	-46,214859	-0,27053058	-0,062873006	-0,066414773	-0,075838819
41773	305,89648	-46,639648	-46,709743	-0,27269274	-0,063605413	-0,067076884	-0,076504722
41773	306,39648	-47,139648	-47,207832	-0,27504712	-0,0643702	-0,067833841	-0,077306323
41773	306,89648	-47,639648	-47,663902	-0,27680695	-0,065064564	-0,068524465	-0,078033395
41773	307,39648	-48,139648	-48,194565	-0,27957931	-0,065954536	-0,06934762	-0,078730226
41773	307,89648	-48,639648	-48,706314	-0,28176233	-0,066708922	-0,069990419	-0,079589404
41773	308,39648	-49,139648	-49,180618	-0,28383061	-0,067411497	-0,070850201	-0,080369256
41773	308,89648	-49,639648	-49,667747	-0,28609708	-0,068116799	-0,071441129	-0,080991767
41773	309,39648	-49,700001	-49,758446	-0,28667748	-0,068318889	-0,071609423	-0,08107508
41773	309,89648	-49,700001	-49,744705	-0,28698295	-0,068411574	-0,071680367	-0,081184775
41773	310,39648	-49,700001	-49,776558	-0,28667748	-0,068347931	-0,071633458	-0,0811361
41773	310,89648	-49,700001	-49,770317	-0,2871193	-0,068494245	-0,071742341	-0,081208117
41773	311,39648	-49,700001	-49,774746	-0,28701127	-0,068537831	-0,071726955	-0,081289418
41773	311,89648	-49,700001	-49,676094	-0,28691143	-0,068424717	-0,0716777	-0,0811527
41773	312,39648	-49,700001	-49,646664	-0,28635487	-0,068357557	-0,071664907	-0,08122652
41773	312,89648	-49,700001	-49,76865	-0,28700531	-0,068564817	-0,07177563	-0,081397884
41773	313,39648	-49,700001	-49,726185	-0,28711855	-0,068468556	-0,071735404	-0,081258439
41773	313,89648	-49,700001	-49,768845	-0,28729364	-0,068611249	-0,071931198	-0,081354715
41773	314,39648	-49,700001	-49,69714	-0,2872169	-0,068551004	-0,071789742	-0,081345983
41773	314,89648	-49,700001	-49,736931	-0,28699115	-0,068598092	-0,07186088	-0,081395067
41773	315,39648	-49,700001	-49,782238	-0,28720647	-0,068701938	-0,071901321	-0,08139006
41773	315,89648	-49,700001	-49,739944	-0,28661266	-0,06866014	-0,07184308	-0,081404075
41773	316,39648	-49,700001	-49,732685	-0,28757378	-0,068613186	-0,07195197	-0,08152771
41773	316,89648	-49,700001	-49,72208	-0,28766692	-0,068659306	-0,071857274	-0,081416734
41773	317,39648	-49,700001	-49,711342	-0,28762743	-0,068666101	-0,071827814	-0,081447735
41773	317,89648	-49,700001	-49,757465	-0,28751194	-0,068748727	-0,071958318	-0,081514157
41773	318,39648	-49,700001	-49,716991	-0,28720722	-0,068651602	-0,071898505	-0,08141005
41773	318,89648	-49,700001	-49,746532	-0,28791279	-0,068710044	-0,071969181	-0,081491359
41773	319,39648	-49,700001	-49,764587	-0,28796121	-0,06877479	-0,071987294	-0,08165735
41773	319,89648	-49,700001	-49,767174	-0,28799623	-0,068713725	-0,071958333	-0,08153034
41773	320,39648	-49,700001	-49,76207	-0,28732643	-0,068773955	-0,071963429	-0,081499703
41773	320,89648	-49,700001	-49,74559	-0,28767809	-0,068840444	-0,072043344	-0,081581548
41773	321,39648	-49,700001	-49,695938	-0,28758273	-0,068703935	-0,071906358	-0,081531309
41773	321,89648	-49,700001	-49,710983	-0,28772131	-0,06869781	-0,072074614	-0,081545562
41773	322,39648	-49,700001	-49,755295	-0,28757453	-0,068837568	-0,072024412	-0,081657246
41773	322,89648	-49,700001	-49,743336	-0,28730854	-0,068807602	-0,072049752	-0,081525095
41773	323,39648	-49,700001	-49,70813	-0,28774962	-0,068778053	-0,071996078	-0,081540681
41773	323,89648	-49,700001	-49,734962	-0,28797016	-0,068821311	-0,072081909	-0,08165168
41773	324,39648	-49,700001	-49,7486	-0,28800815	-0,068821609	-0,072029188	-0,081588782
41773	324,89648	-49,700001	-49,710396	-0,28802902	-0,068854958	-0,072040409	-0,081609465
41773	325,39648	-49,700001	-49,783939	-0,28835163	-0,068961993	-0,072094075	-0,08164715
41773	325,89648	-49,700001	-49,747356	-0,28818622	-0,068894044	-0,07208629	-0,081670992
41773	326,39648	-49,700001	-49,728504	-0,28794259	-0,068867654	-0,07212127	-0,081631683
41773	326,89648	-49,700001	-49,776474	-0,28809234	-0,068921223	-0,072141051	-0,081637882
41773	327,39648	-49,700001	-49,772625	-0,28799772	-0,068952307	-0,072167829	-0,081703894
41773	327,89648	-49,700001	-49,751736	-0,28810203	-0,069018766	-0,072142288	-0,081661157
41773	328,39648	-49,700001	-49,727272	-0,28844774	-0,068964735	-0,072155602	-0,08168707
41773	328,89648	-49,700001	-49,66209	-0,2880685	-0,06881696	-0,072057344	-0,081762888
41773	329,39648	-49,700001	-49,693855	-0,28747916	-0,068965077	-0,072058231	-0,081627719
41773	329,89648	-49,700001	-49,757729	-0,28778762	-0,068985254	-0,072158106	-0,081724711
41773	330,39648	-49,700001	-49,683086	-0,28786138	-0,068925455	-0,072079197	-0,081700578
41773	330,89648	-49,700001	-49,746193	-0,28773919	-0,069063604	-0,072186053	-0,0817573
41773	331,39648	-49,700001	-49,68948	-0,2878651	-0,068924621	-0,072054878	-0,081609823
41773	331,89648	-49,700001	-49,728115	-0,28825253	-0,068950668	-0,072153226	-0,081851229
41773	332,39648	-49,700001	-49,709236	-0,28840378	-0,068992659	-0,072157554	-0,081701405
41773	332,89648	-49,700001	-49,758713	-0,28788447	-0,069098979	-0,072179571	-0,081795335
41773	333,39648	-49,700001	-49,716843	-0,2882041	-0,068996295	-0,072179556	-0,081856728
41773	333,89648	-49,700001	-49,676102	-0,28837621	-0,068947867	-0,072103441	-0,081716791
41773	334,39648	-49,700001	-49,705215	-0,28794706	-0,068983123	-0,072117068	-0,081753314
41773	334,89648	-49,700001	-49,644524	-0,28813109	-0,068912446	-0,072070733	-0,081793308
41773	335,39648	-49,700001	-49,720379	-0,287655	-0,069009244	-0,072087236	-0,081776425
41773	335,89648	-49,700001	-49,699249	-0,28781295	-0,069076598	-0,072140947	-0,081740223
41773	336,39648	-49,700001	-49,795097	-0,28851628	-0,069179311	-0,072239824	-0,081945315
41773	336,89648	-49,700001	-49,737686	-0,28842837	-0,069101363	-0,072226048	-0,081777491
41773	337,39648	-49,700001	-49,696934	-0,28866827	-0,06898962	-0,072170161	-0,081800066
41773	337,89648	-49,700001	-49,657612	-0,28793514	-0,068974316	-0,072154358	-0,081725299
41773	338,39648	-49,700001	-49,716248	-0,2880998	-0,069031313	-0,07224305	-0,081742875
41773	338,89648	-49,700001	-49,710953	-0,28906837	-0,069073021	-0,072140813	-0,081785038
41773	339,39648	-47,536915	-47,656105	-0,27977377	-0,066121593	-0,069438949	-0,07888554
41773	339,89648	-45,036915	-45,071808	-0,26925653	-0,062358394	-0,06579525	-0,075197853
41773	340,39648	-42,536915	-42,526497	-0,25881156	-0,058718264	-0,062289618	-0,071510658
41773	340,89648	-40,036915	-40,004288	-0,24752244	-0,055062652	-0,058759082	-0,067957811
41773	341,39648	-37,536915	-37,485031	-0,23745969	-0,051321149	-0,055225745	-0,064315639
41773	341,89648	-35,036915	-35,030777	-0,22613555	-0,047686934	-0,051701501	-0,060638122
41773	342,39648	-32,536915	-32,47263	-0,21454841	-0,043930441	-0,048074186	-0,057046231
41773	342,89648	-30,036915	-30,03582	-0,2029784	-0,04038766	-0,044505291	-0,053371284
41773	343,39648	-27,536915	-27,491274	-0,19092858	-0,036604971	-0,040846813	-0,049523409
41773	343,89648	-25,036915	-24,977859	-0,17913505	-0,032806724	-0,037128314	-0,045925699
41773	344,39648	-22,536915	-22,388397	-0,16661584	-0,02901876	-0,033397529	-0,041909128
41773	344,89648	-20,036915	-19,995216	-0,15447959	-0,025324225	-0,029804148	-0,038243603
41773	345,39648	-17,536915	-17,530405	-0,14091954	-0,021583915	-0,025994204	-0,034373756
41773	345,89648	-15,036915	-14,986126	-0,12742952	-0,017813385	-0,022146104	-0,030356912
41773	346,39648	-12,536915	-12,447711	-0,11292398	-0,014015853	-0,018310059	-0,026239468
41773	346,89648	-10,036915	-9,9457045	-0,097104907	-0,010405242	-0,014447516	-0,02205337
41773	347,39648	-7,5369148	-7,4888644	-0,08104369	-0,0070199072	-0,010617349	-0,017710157
41773	347,89648	-5,0369148	-5,0547643	-0,062278658	-0,0042263865	-0,0065818727	-0,012882193
41773	348,39648	-2,5369148	-3,3062565	-0,045843422	-0,0025666356	-0,003565222	-0,0090368912
41773	348,89648	-1	-0,76643002	-0,014009327	-0,0010173917	0,00029771775	-0,0020150777
41773	349,39648	-1	-0,69409424	-0,011882186	-0,00091689825	0,00043301284	-0,0015331379
41773	349,89648	-1	-0,62458587	-0,0099085271	-0,00078123808	0,0005543679	-0,001313094
41773	350,39648	-1	-0,72764605	-0,011277944	-0,00076285005	0,00048072636	-0,0016005267
41773	350,89648	-1	-0,80381149	-0,011761487	-0,00084879994	0,00052871555	-0,0015692194
41773	351,39648	-1	-0,84904206	-0,013139844	-0,000769943	0,00053670257	-0,0016805724
41773	351,89648	-1	-0,89417583	-0,013117492	-0,00078332424	0,00047232583	-0,0019550361
41773	352,39648	-1	-0,90363061	-0,013267249	-0,00072279572	0,00045687705	-0,0019314178
41773	352,89648	-1	-0,93731654	-0,014054775	-0,00072261691	0,00048586354	-0,0019945384
41773	353,39648	-1	-0,94627774	-0,013747066	-0,00068208575	0,00049626455	-0,0019778807
41773	353,89648	-1	-0,9489339	-0,014097989	-0,00061941147	0,00050861016	-0,0021157668
41773	354,39648	-1	-0,95701402	-0,014451891	-0,00066065788	0,0005547367	-0,0020461173
41773	354,89648	-1	-0,95781869	-0,014196336	-0,00062769651	0,00056178123	-0,0020285079
41773	355,39648	-1	-1,0403116	-0,014261156	-0,00067046285	0,00049310178	-0,0021616942
41773	355,89648	-1	-1,0401196	-0,014586002	-0,00063031912	0,00056133419	-0,0021406193
41773	356,39648	-1	-0,98134017	-0,01379475	-0,00063055754	0,0006277971	-0,0019675144
41773	356,89648	-1	-0,99527836	-0,01456514	-0,0005992353	0,00059009343	-0,0019681985
41773	357,39648	-1	-1,02574	-0,014257431	-0,00051105022	0,00060463324	-0,0019826698
41773	357,89648	-1	-1,0315254	-0,014201552	-0,00059509277	0,00063845515	-0,0020336092
41773	358,39648	-1	-1,0007899	-0,014381856	-0,00052559376	0,00061510131	-0,0020483185
41773	358,89648	-1	-1,0097344	-0,014196336	-0,0005004704	0,00061810762	-0,0020496272
41773	359,39648	-1	-0,99951959	-0,013584644	-0,00044831634	0,00060264394	-0,0019843504
41773	359,89648	-1	-1,0028929	-0,013948232	-0,00048372149	0,00062858313	-0,0020145273
41773	360,39648	-1	-1,0584444	-0,014097989	-0,00058704615	0,0006804429	-0,0019449076
41773	360,89648	-1	-1,0020044	-0,014039129	-0,00043806434	0,00061907992	-0,001934333
41773	361,39648	-1	-0,98287314	-0,01424104	-0,00047966838	0,00067985803	-0,0019756944
41773	361,89648	-1	-0,99437499	-0,013996661	-0,00044697523	0,00075380132	-0,0018445307
41773	362,39648	-1	-0,99928492	-0,013589859	-0,00045230985	0,00080309436	-0,0018569197
41773	362,89648	-1	-1,0164622	-0,013361126	-0,00047403574	0,00073056668	-0,0018440548
41773	363,39648	-1	-1,0180603	-0,01392737	-0,00039485097	0,00074510649	-0,0018548227
41773	363,89648	-1	-1,0063145	-0,013820827	-0,00042286515	0,00084228069	-0,0018328852
41773	364,39648	-1	-0,98985434	-0,013683736	-0,00041013956	0,00074452534	-0,0018487695
41773	364,89648	-1	-0,98712373	-0,013415515	-0,00035694242	0,00092019886	-0,0017763238
41773	365,39648	-1	-1,0128002	-0,013316423	-0,00044620037	0,00079695508	-0,0018452744
41773	365,89648	-1	-1,0253377	-0,013431907	-0,00045523047	0,0007770434	-0,0018837652
41773	366,39648	-1	-1,0092295	-0,01372993	-0,00038909912	0,00083922595	-0,0018742466
41773	366,89648	-1	-0,9919703	-0,013575703	-0,00032442808	0,00086971372	-0,0017816781
41773	367,39648	-1	-0,96789002	-0,013000518	-0,00034418702	0,00090296566	-0,0018213142
41773	367,89648	-1	-1,0329094	-0,013979524	-0,00045731664	0,00086323172	-0,0017541335
41773	368,39648	0	-0,011712313	1,2608908	-0,00035879016	0,00092051551	0,0027533509

Datenerfassung						Zeit:	368,76758	s	14.05.2014 12:18:14
Ch 1 Kraft	Ch 1 Weg	1944 A	1944 B	1281068
kN	mm	mm	mm	mm
0,046337023	4,8417068	0,31226173	0,038932152	0,15984912
-50,803219	-0,29090717	-0,069262594	-0,074355289	-0,084506392
