Datum : 	18.3.2014
Durchmesser :	99
Datum	Laufzeit	Ch 1 Kraft Sollwert	Ch 1 Kraft	Ch 1 Weg	1944 A	1944 B	1281068
d	s	kN	kN	mm	mm	mm	mm
41716	19,412109	-1	-0,98343009	-2,3581424	-0,10003708	-0,15451686	0,049689032
41716	19,912109	-1	-0,96398032	-2,3579783	-0,099928766	-0,15456338	0,04978418
41716	20,412109	-1	-0,99582225	-2,3581109	-0,10006875	-0,15447609	0,049724765
41716	20,912109	-1	-0,98490345	-2,3580999	-0,099995688	-0,15458149	0,04977981
41716	21,412109	-1	-1,0034181	-2,3574791	-0,10001924	-0,15458189	0,049812026
41716	21,912109	-1	-0,98837167	-2,3576663	-0,10003244	-0,15453829	0,049650121
41716	22,412109	-1	-0,99293327	-2,3580267	-0,1000531	-0,1545714	0,049678978
41716	22,912109	-1	-1,018092	-2,3584642	-0,099985816	-0,15456919	0,049753752
41716	23,412109	-1	-0,99952519	-2,3575916	-0,099966615	-0,15454701	0,049789246
41716	23,912109	-1	-0,98617935	-2,357851	-0,10005058	-0,15457509	0,049797654
41716	24,412109	-1	-0,98591113	-2,358161	-0,10005577	-0,15456282	0,049784895
41716	24,912109	-1	-0,9996742	-2,3580208	-0,10006826	-0,15447743	0,049737949
41716	25,412109	-1	-0,9746924	-2,3578591	-0,099961668	-0,1545504	0,049726225
41716	25,912109	-1	-0,98929554	-2,3581088	-0,10008226	-0,15455177	0,049687017
41716	26,412109	-1	-1,0026749	-2,3585103	-0,10001101	-0,15459056	0,049710151
41716	26,912109	-1	-1,0275301	-2,3578076	-0,10005756	-0,15451241	0,049764823
41716	27,412109	-1	-0,99018961	-2,3580313	-0,10001669	-0,15450177	0,049641542
41716	27,912109	-1	-0,9656381	-2,3577294	-0,10001421	-0,15450479	0,049701009
41716	28,412109	-1	-0,99560618	-2,3586705	-0,099992268	-0,15454461	0,049784191
41716	28,912109	-1	-1,022974	-2,3580699	-0,10003167	-0,15448669	0,049699765
41716	29,412109	-2,7519531	-2,6416647	-0,0092558563	-0,0005166512	-0,00066597387	-0,00039151288
41716	29,912109	-4,7019534	-4,1022544	-0,016306341	-0,00094733946	-0,0012521185	-0,00084834546
41716	30,412109	-6,6519532	-6,6721282	-0,028640777	-0,0017358717	-0,0023087822	-0,0016729872
41716	30,912109	-8,6019535	-8,485527	-0,036782771	-0,0023169145	-0,0030921437	-0,0021639566
41716	31,412109	-10,551953	-10,678555	-0,046382099	-0,00303814	-0,0038980842	-0,0028588274
41716	31,912109	-12,501953	-12,738809	-0,054279715	-0,0037894044	-0,0048277155	-0,003511766
41716	32,412109	-14,451954	-14,664599	-0,061962754	-0,0044592246	-0,0055556893	-0,0041094497
41716	32,912109	-16,401953	-16,556389	-0,069147348	-0,0051891748	-0,0064162686	-0,004711763
41716	33,412109	-18,351954	-18,500502	-0,076152384	-0,0059196521	-0,007247407	-0,0053467075
41716	33,912109	-20,301954	-20,403616	-0,083017349	-0,0066269673	-0,0080020949	-0,0059537147
41716	34,412109	-22,251953	-22,370388	-0,089597702	-0,0072890054	-0,0089039169	-0,0065468401
41716	34,912109	-24,201954	-24,321323	-0,096462667	-0,0081096031	-0,0096784383	-0,0073197805
41716	35,412109	-26,151955	-26,258331	-0,10229871	-0,0087790918	-0,010494709	-0,007881281
41716	35,912109	-28,101954	-28,183882	-0,10906234	-0,0094190501	-0,011334509	-0,0086004408
41716	36,412109	-30,051954	-30,138929	-0,11541396	-0,010232398	-0,012153566	-0,009134043
41716	36,912109	-32,001953	-32,056393	-0,12122393	-0,010952339	-0,012974788	-0,0098246504
41716	37,412109	-33,951954	-34,035801	-0,12739152	-0,011679398	-0,013796646	-0,010656883
41716	37,912109	-35,901955	-35,982819	-0,13357699	-0,012478637	-0,014648665	-0,011271203
41716	38,412109	-37,851955	-37,904259	-0,13958439	-0,013154102	-0,015442226	-0,011910124
41716	38,912109	-39,801952	-39,869564	-0,14600307	-0,013854172	-0,016361658	-0,01271219
41716	39,412109	-41,751953	-41,829098	-0,15208498	-0,01464922	-0,017250907	-0,013334951
41716	39,912109	-43,701954	-43,779652	-0,15783235	-0,015408695	-0,018032439	-0,013991337
41716	40,412109	-45,651955	-45,726845	-0,16340986	-0,016056176	-0,018896069	-0,014781315
41716	40,912109	-47,601955	-47,629341	-0,1687102	-0,016831271	-0,01971316	-0,015475183
41716	41,412109	-49,551956	-49,609596	-0,17445758	-0,017547611	-0,020594642	-0,016218921
41716	41,912109	-51,501953	-51,590363	-0,18057227	-0,018260662	-0,021463193	-0,017027099
41716	42,412109	-53,451954	-53,485214	-0,18574372	-0,018995497	-0,022207193	-0,017624907
41716	42,912109	-55,401955	-55,481495	-0,19146055	-0,019736744	-0,023167159	-0,018364612
41716	43,412109	-57,351955	-57,444695	-0,19719377	-0,020588664	-0,024067188	-0,019193236
41716	43,912109	-59,301956	-59,347385	-0,2026774	-0,021340903	-0,024799315	-0,019837284
41716	44,412109	-61,251953	-61,294636	-0,20801425	-0,021996878	-0,025728235	-0,020604093
41716	44,912109	-63,201954	-63,259502	-0,2140671	-0,022756049	-0,026572306	-0,021325687
41716	45,412109	-65,151955	-65,243515	-0,21923333	-0,023558965	-0,027494716	-0,022031868
41716	45,912109	-67,101952	-67,134804	-0,22418723	-0,024234416	-0,028326014	-0,022885567
41716	46,412109	-69,051956	-69,132027	-0,22979677	-0,025035201	-0,029165337	-0,02367398
41716	46,912109	-71,001953	-71,073265	-0,23483783	-0,025730442	-0,030015152	-0,024316296
41716	47,412109	-72,951958	-73,023643	-0,240089	-0,026533762	-0,030872107	-0,02515932
41716	47,912109	-74,901955	-74,945122	-0,24542287	-0,027259288	-0,031657547	-0,025825247
41716	48,412109	-76,851952	-76,903091	-0,25091395	-0,027989913	-0,032545712	-0,026662674
41716	48,912109	-78,801956	-78,872124	-0,25614724	-0,028756475	-0,033486586	-0,027392048
41716	49,412109	-80,751953	-80,811005	-0,26075169	-0,029443802	-0,034300849	-0,028184695
41716	49,912109	-82,701958	-82,728394	-0,26626363	-0,030180065	-0,035145711	-0,028912449
41716	50,412109	-84,651955	-84,693474	-0,2709128	-0,030987915	-0,03605634	-0,029746521
41716	50,912109	-86,601952	-86,700363	-0,27579516	-0,031740032	-0,036923729	-0,030407028
41716	51,412109	-88,551956	-88,604836	-0,28119236	-0,032448187	-0,037762679	-0,031191973
41716	51,912109	-90,501953	-90,547081	-0,28697327	-0,033150695	-0,038605742	-0,032040529
41716	52,412109	-92,451958	-92,517159	-0,29149875	-0,033955161	-0,039536301	-0,032759283
41716	52,912109	-94,401955	-94,480499	-0,29675737	-0,034693778	-0,040348422	-0,033559307
41716	53,412109	-96,351959	-96,399559	-0,30168891	-0,035428628	-0,041153349	-0,034394093
41716	53,912109	-98,301956	-98,376007	-0,3065668	-0,036245052	-0,042072777	-0,035140216
41716	54,412109	-100,25195	-100,32571	-0,31123161	-0,037013419	-0,042979367	-0,0359556
41716	54,912109	-102,20196	-102,23909	-0,31627417	-0,037648372	-0,043828145	-0,036649819
41716	55,412109	-104,15195	-104,22516	-0,32136068	-0,03844443	-0,044704154	-0,037455052
41716	55,912109	-106,10196	-106,16493	-0,32626241	-0,039233003	-0,045556147	-0,038316857
41716	56,412109	-108,05196	-108,10133	-0,33120811	-0,039889436	-0,046352059	-0,039007597
41716	56,912109	-110,00195	-110,0608	-0,33593029	-0,040721744	-0,047267176	-0,039785061
41716	57,412109	-111,95196	-112,01465	-0,34059063	-0,041585013	-0,04818682	-0,040641211
41716	57,912109	-113,90195	-113,96003	-0,34588575	-0,042142637	-0,04896282	-0,041323807
41716	58,412109	-115,85196	-115,89016	-0,3497839	-0,042959578	-0,049801923	-0,042160191
41716	58,912109	-117,80196	-117,86557	-0,35526603	-0,043804187	-0,050736357	-0,043031793
41716	59,412109	-119,75195	-119,7956	-0,35998523	-0,044482656	-0,05151654	-0,043818474
41716	59,912109	-121,70196	-121,77282	-0,36472231	-0,045308448	-0,05247445	-0,044559184
41716	60,412109	-123,65195	-123,69101	-0,36959425	-0,045996234	-0,05326885	-0,045410696
41716	60,912109	-125,60196	-125,65251	-0,37414506	-0,046822574	-0,054097999	-0,046170529
41716	61,412109	-127,55196	-127,62801	-0,37932172	-0,047566112	-0,054987743	-0,046946011
41716	61,912109	-129,50195	-129,55945	-0,38351268	-0,0483605	-0,055929247	-0,047778644
41716	62,412109	-131,45195	-131,48103	-0,38843676	-0,04907589	-0,056718048	-0,048561458
41716	62,912109	-133,40196	-133,44887	-0,39284006	-0,049811184	-0,057609703	-0,049286041
41716	63,412109	-135,35196	-135,39371	-0,39824173	-0,050693337	-0,058488365	-0,050113313
41716	63,912109	-137,30196	-137,37996	-0,40233359	-0,051462717	-0,059298597	-0,05092077
41716	64,412109	-139,25195	-139,32266	-0,40694475	-0,052200817	-0,060165573	-0,051701818
41716	64,912109	-141,20195	-141,24817	-0,41147768	-0,052990943	-0,061063837	-0,052458242
41716	65,412109	-143,15196	-143,18767	-0,41675046	-0,053759772	-0,061927501	-0,053235725
41716	65,912109	-145,10196	-145,16292	-0,42059422	-0,054552272	-0,062784456	-0,054093286
41716	66,412109	-147,05196	-147,12608	-0,42542443	-0,055354096	-0,063608795	-0,054951444
41716	66,912109	-149,00195	-149,05612	-0,42925924	-0,056065343	-0,06444601	-0,055717863
41716	67,412109	-150,95195	-151,01274	-0,4339695	-0,056884982	-0,065386489	-0,056623943
41716	67,912109	-152,90196	-152,92593	-0,43784007	-0,057667296	-0,066246338	-0,057301201
41716	68,412109	-154,85196	-154,90163	-0,44318885	-0,058458339	-0,06711749	-0,058082331
41716	68,912109	-156,80196	-156,8752	-0,44759065	-0,059254814	-0,068016246	-0,058885522
41716	69,412109	-158,75195	-158,79677	-0,45211315	-0,06004592	-0,068831481	-0,059716631
41716	69,912109	-160,70195	-160,78148	-0,45680851	-0,060777634	-0,069712624	-0,060425583
41716	70,412109	-159,36612	-159,50488	-0,45512766	-0,060532175	-0,06944266	-0,060326576
41716	70,912109	-157,41611	-157,4904	-0,45172498	-0,060064156	-0,068895921	-0,059704818
41716	71,412109	-155,46611	-155,49364	-0,44860542	-0,059412923	-0,068270802	-0,058996692
41716	71,912109	-153,51611	-153,54042	-0,44493452	-0,058968946	-0,067710921	-0,058541141
41716	72,412109	-151,56612	-151,55623	-0,44074729	-0,058420774	-0,067114949	-0,057849389
41716	72,912109	-149,61612	-149,61813	-0,437475	-0,057889588	-0,06647376	-0,05738163
41716	73,412109	-147,66611	-147,61981	-0,4335627	-0,057277985	-0,06582284	-0,056830466
41716	73,912109	-145,71611	-145,67418	-0,4302986	-0,056700543	-0,065248914	-0,056204423
41716	74,412109	-143,76611	-143,74773	-0,42628199	-0,056085445	-0,064589538	-0,055668902
41716	74,912109	-141,81612	-141,754	-0,42287633	-0,055548623	-0,063951612	-0,054970969
41716	75,412109	-139,86612	-139,83641	-0,41939244	-0,054939814	-0,063272357	-0,054354504
41716	75,912109	-137,91611	-137,85968	-0,41557178	-0,05430682	-0,062664807	-0,053653948
41716	76,412109	-135,96611	-135,89716	-0,41162223	-0,053628601	-0,06201167	-0,053094946
41716	76,912109	-134,01611	-133,93459	-0,40812716	-0,053105507	-0,061285712	-0,052405085
41716	77,412109	-132,06612	-132,01956	-0,40361956	-0,052526113	-0,060610011	-0,051788289
41716	77,912109	-130,11612	-130,05994	-0,40024519	-0,051949404	-0,059953708	-0,051107012
41716	78,412109	-128,16611	-128,08081	-0,39590895	-0,051233143	-0,059181068	-0,050630834
41716	78,912109	-126,21611	-126,19414	-0,39216802	-0,050710805	-0,058601964	-0,049982637
41716	79,412109	-124,26611	-124,2041	-0,38812608	-0,049971186	-0,057940885	-0,049327176
41716	79,912109	-122,31611	-122,24219	-0,3842704	-0,049427897	-0,057213977	-0,048713576
41716	80,412109	-120,36611	-120,33847	-0,380674	-0,048748314	-0,056532975	-0,048087411
41716	80,912109	-118,41611	-118,33755	-0,37608966	-0,048072685	-0,055783905	-0,047328267
41716	81,412109	-116,46611	-116,37531	-0,37189722	-0,047482096	-0,055122476	-0,046767518
41716	81,912109	-114,51611	-114,45294	-0,36872476	-0,046835989	-0,05447549	-0,046011072
41716	82,412109	-112,56611	-112,49944	-0,36348403	-0,046235371	-0,053727943	-0,045419965
41716	82,912109	-110,61611	-110,53249	-0,35955608	-0,045568667	-0,053017054	-0,044868719
41716	83,412109	-108,66611	-108,62393	-0,35587698	-0,045002706	-0,052332383	-0,044184413
41716	83,912109	-106,71611	-106,64565	-0,35159364	-0,044361707	-0,051659293	-0,043389998
41716	84,412109	-104,76611	-104,71137	-0,34707487	-0,043695539	-0,050884418	-0,042875905
41716	84,912109	-102,81611	-102,74833	-0,34319162	-0,043007165	-0,050112538	-0,042143136
41716	85,412109	-100,86611	-100,80832	-0,33876151	-0,042388335	-0,049413882	-0,04138276
41716	85,912109	-98,916115	-98,872421	-0,33417791	-0,04176826	-0,048758704	-0,040740024
41716	86,412109	-96,96611	-96,902359	-0,33003613	-0,041134804	-0,047941469	-0,040154967
41716	86,912109	-95,016113	-94,957939	-0,32557771	-0,040444043	-0,047192365	-0,039444182
41716	87,412109	-93,066109	-92,999413	-0,32133162	-0,039796926	-0,04643305	-0,038775124
41716	87,912109	-91,116112	-91,047829	-0,31674579	-0,039092015	-0,045735911	-0,038095366
41716	88,412109	-89,166115	-89,095139	-0,31296313	-0,03844472	-0,045045257	-0,037318252
41716	88,912109	-87,21611	-87,137268	-0,30782595	-0,037715189	-0,044220623	-0,036734547
41716	89,412109	-85,266113	-85,201088	-0,303936	-0,037184946	-0,043538995	-0,035941985
41716	89,912109	-83,316109	-83,220718	-0,2989091	-0,036412723	-0,042749226	-0,035315063
41716	90,412109	-81,366112	-81,285828	-0,29420629	-0,035740755	-0,041945539	-0,034684084
41716	90,912109	-79,416115	-79,353233	-0,28999746	-0,035056476	-0,041232429	-0,033931196
41716	91,412109	-77,46611	-77,400047	-0,28470084	-0,034378849	-0,040415853	-0,033213835
41716	91,912109	-75,516113	-75,439873	-0,28019994	-0,033582449	-0,039635025	-0,032613907
41716	92,412109	-73,566109	-73,503151	-0,27548	-0,032892577	-0,038951918	-0,031811062
41716	92,912109	-71,616112	-71,57811	-0,27033389	-0,0321953	-0,038122915	-0,031203788
41716	93,412109	-69,666115	-69,585823	-0,26554167	-0,031480983	-0,037367478	-0,0305453
41716	93,912109	-67,71611	-67,644875	-0,26009604	-0,030765211	-0,036510225	-0,02981662
41716	94,412109	-65,766113	-65,67794	-0,25487393	-0,030102739	-0,035775136	-0,029129228
41716	94,912109	-63,816113	-63,817902	-0,25037527	-0,029407177	-0,034998551	-0,028411917
41716	95,412109	-61,866112	-61,802269	-0,24546534	-0,028544148	-0,03414857	-0,027649922
41716	95,912109	-59,916111	-59,86478	-0,24035424	-0,027874036	-0,033425815	-0,027031949
41716	96,412109	-57,96611	-57,93259	-0,23490936	-0,027180335	-0,032593548	-0,026288835
41716	96,912109	-56,016109	-55,960003	-0,22924319	-0,026385963	-0,031725489	-0,025490683
41716	97,412109	-54,066113	-53,996452	-0,22377297	-0,025691777	-0,030960158	-0,024928043
41716	97,912109	-52,116112	-52,061512	-0,21870881	-0,024927054	-0,030153664	-0,024133572
41716	98,412109	-50,166111	-50,066467	-0,21331608	-0,024138302	-0,029399043	-0,023407273
41716	98,912109	-48,21611	-48,148182	-0,20716935	-0,023392435	-0,028562492	-0,022688054
41716	99,412109	-46,266109	-46,202793	-0,20194575	-0,022543522	-0,027652981	-0,021987746
41716	99,912109	-44,316109	-44,239994	-0,19641519	-0,02173022	-0,026859773	-0,021186529
41716	100,41211	-42,366112	-42,287449	-0,19027591	-0,021059152	-0,026044944	-0,02053546
41716	100,91211	-40,416111	-40,372528	-0,18396527	-0,020297524	-0,025187667	-0,019639447
41716	101,41211	-38,46611	-38,367275	-0,17871484	-0,019339824	-0,024286091	-0,018939672
41716	101,91211	-36,516109	-36,430035	-0,17248318	-0,018672686	-0,023408122	-0,018341137
41716	102,41211	-34,566109	-34,508358	-0,16645715	-0,01788877	-0,022520196	-0,017481942
41716	102,91211	-32,616112	-32,526196	-0,1597397	-0,016990736	-0,021612663	-0,016785786
41716	103,41211	-30,666111	-30,548124	-0,15361905	-0,016213596	-0,020676445	-0,016113235
41716	103,91211	-28,71611	-28,638123	-0,14746562	-0,015371763	-0,019851964	-0,015314483
41716	104,41211	-26,766109	-26,720108	-0,1409784	-0,014598574	-0,018964529	-0,014694229
41716	104,91211	-24,816111	-24,734798	-0,13393909	-0,013731662	-0,018104356	-0,013865868
41716	105,41211	-22,86611	-22,78541	-0,1275152	-0,012855824	-0,01711423	-0,013137623
41716	105,91211	-20,916109	-20,840734	-0,12062192	-0,012053438	-0,016136006	-0,012556135
41716	106,41211	-18,96611	-18,902988	-0,1132369	-0,011259101	-0,015216868	-0,011678884
41716	106,91211	-17,016109	-16,965172	-0,10637492	-0,010445649	-0,014224328	-0,011062749
41716	107,41211	-15,06611	-14,97804	-0,098599494	-0,0095788036	-0,013205454	-0,010252552
41716	107,91211	-13,11611	-13,014973	-0,091353059	-0,0087643992	-0,012221415	-0,0095208352
41716	108,41211	-11,16611	-11,104497	-0,083332509	-0,0080949645	-0,011181362	-0,0087304255
41716	108,91211	-9,2161093	-9,1652021	-0,074465573	-0,0072649289	-0,010141131	-0,0080588274
41716	109,41211	-7,2661095	-7,1863241	-0,065518171	-0,006433418	-0,009060394	-0,0072486508
41716	109,91211	-5,3161097	-5,4991693	-0,055807084	-0,0057582483	-0,0081592873	-0,0064346395
41716	110,41211	-3,3661094	-3,5294573	-0,044704974	-0,0050851945	-0,0070521086	-0,0058164774
41716	110,91211	-1,4161093	-1,5763118	-0,030773133	-0,0044353716	-0,0058340244	-0,0048202048
41716	111,41211	-2,5158203	-2,018245	-0,031547248	-0,0044740532	-0,0059073307	-0,0048990012
41716	111,91211	-4,4658203	-3,918551	-0,043072551	-0,0049881525	-0,006788224	-0,0055229468
41716	112,41211	-6,4158206	-6,0062008	-0,053665787	-0,0055503026	-0,0076858699	-0,0062478608
41716	112,91211	-8,3658209	-8,2717609	-0,064625591	-0,0062813517	-0,0086291134	-0,0070689311
41716	113,41211	-10,315821	-10,404115	-0,073235482	-0,0069189649	-0,0095293783	-0,0077645155
41716	113,91211	-12,265821	-12,358492	-0,08053109	-0,0076458976	-0,010439903	-0,008395208
41716	114,41211	-14,21582	-14,309973	-0,087717175	-0,0082291886	-0,011322066	-0,0090419203
41716	114,91211	-16,165821	-16,248503	-0,09431541	-0,0089491103	-0,012158405	-0,0096412981
41716	115,41211	-18,11582	-18,206076	-0,10148138	-0,009674916	-0,012981173	-0,010340385
41716	115,91211	-20,065821	-20,144918	-0,10851026	-0,010320397	-0,013902795	-0,011074474
41716	116,41211	-22,015821	-22,081495	-0,11510625	-0,011075338	-0,014632519	-0,011671699
41716	116,91211	-23,96582	-24,050406	-0,12115762	-0,011810439	-0,015589051	-0,012364667
41716	117,41211	-25,915821	-26,003922	-0,12764633	-0,012444638	-0,016417563	-0,013043132
41716	117,91211	-27,865822	-27,921436	-0,13369992	-0,013190847	-0,017261561	-0,013617096
41716	118,41211	-29,815821	-29,879438	-0,13974756	-0,013939939	-0,018189583	-0,014299368
41716	118,91211	-31,765821	-31,841784	-0,14572814	-0,014643682	-0,018923339	-0,015149723
41716	119,41211	-33,71582	-33,763607	-0,15151575	-0,015335964	-0,019834079	-0,015677087
41716	119,91211	-35,665821	-35,752857	-0,15744045	-0,016074698	-0,020658787	-0,016474938
41716	120,41211	-37,615822	-37,666115	-0,16342476	-0,016750619	-0,021432862	-0,017138546
41716	120,91211	-39,565823	-39,635975	-0,168778	-0,017462702	-0,022376548	-0,017726962
41716	121,41211	-41,51582	-41,579491	-0,17462596	-0,018235676	-0,023217671	-0,018558078
41716	121,91211	-43,46582	-43,535759	-0,18061176	-0,018872801	-0,023980919	-0,019270141
41716	122,41211	-45,415821	-45,466705	-0,18562749	-0,01958154	-0,024894148	-0,01986409
41716	122,91211	-47,365822	-47,461113	-0,1915589	-0,020389248	-0,025747288	-0,020700064
41716	123,41211	-49,315823	-49,376221	-0,19676536	-0,021086428	-0,026548948	-0,021375634
41716	123,91211	-51,265823	-51,313156	-0,20260587	-0,021650873	-0,027416168	-0,022036547
41716	124,41211	-53,21582	-53,291431	-0,20752996	-0,022448437	-0,028229067	-0,022786563
41716	124,91211	-55,165821	-55,258972	-0,21349043	-0,023157105	-0,029133506	-0,023498001
41716	125,41211	-57,115822	-57,193687	-0,21836311	-0,02386407	-0,029914172	-0,024132082
41716	125,91211	-59,065823	-59,137844	-0,22404715	-0,02457073	-0,030732635	-0,024901111
41716	126,41211	-61,015823	-61,091805	-0,22898912	-0,0252763	-0,031595781	-0,025611088
41716	126,91211	-62,96582	-63,054321	-0,23445413	-0,025959283	-0,032435313	-0,026348274
41716	127,41211	-64,915825	-64,999557	-0,23991689	-0,026592724	-0,033299342	-0,027047351
41716	127,91211	-66,865822	-66,920303	-0,24460852	-0,027264979	-0,034036659	-0,027774982
41716	128,41211	-68,815819	-68,889465	-0,24967045	-0,028025473	-0,034844346	-0,028450351
41716	128,91211	-70,765823	-70,863525	-0,254751	-0,028728969	-0,035754461	-0,029197512
41716	129,41211	-72,71582	-72,786163	-0,25940612	-0,029338242	-0,036537997	-0,02979945
41716	129,91211	-74,665825	-74,741898	-0,26439875	-0,030160768	-0,037368476	-0,030649802
41716	130,41211	-76,615822	-76,712631	-0,26974604	-0,030817123	-0,038220853	-0,031338997
41716	130,91211	-78,565819	-78,631172	-0,27453974	-0,031425644	-0,038989302	-0,032008
41716	131,41211	-80,515823	-80,59922	-0,27926713	-0,032151192	-0,039811321	-0,032783329
41716	131,91211	-82,46582	-82,549332	-0,28447807	-0,032831892	-0,040581919	-0,033473853
41716	132,41211	-84,415825	-84,480484	-0,28921142	-0,033537056	-0,041441545	-0,034174886
41716	132,91211	-86,365822	-86,42173	-0,29409975	-0,034091741	-0,042204686	-0,034991
41716	133,41211	-88,315819	-88,404716	-0,2984114	-0,034877006	-0,04307365	-0,035597607
41716	133,91211	-90,265823	-90,311371	-0,30341595	-0,035538405	-0,043877587	-0,036346685
41716	134,41211	-92,21582	-92,244537	-0,30757114	-0,036197409	-0,044641972	-0,03714839
41716	134,91211	-94,165825	-94,23642	-0,31303838	-0,036848031	-0,045472872	-0,037801176
41716	135,41211	-96,115822	-96,219612	-0,31753778	-0,037567914	-0,046234854	-0,038397688
41716	135,91211	-98,065826	-98,109421	-0,3218621	-0,038199283	-0,047064401	-0,039237753
41716	136,41211	-100,01582	-100,0634	-0,32698959	-0,038889803	-0,047856212	-0,039956503
41716	136,91211	-101,96582	-102,04272	-0,3317222	-0,039588615	-0,048643861	-0,040645026
41716	137,41211	-103,91582	-103,98111	-0,33573434	-0,040277302	-0,049469646	-0,041386884
41716	137,91211	-105,86582	-105,95724	-0,34031793	-0,040904205	-0,050233059	-0,04207284
41716	138,41211	-107,81583	-107,89331	-0,3451854	-0,041571304	-0,051052336	-0,042738542
41716	138,91211	-109,76582	-109,77397	-0,34907237	-0,042164411	-0,051731654	-0,043584228
41716	139,41211	-111,71582	-111,7846	-0,35429001	-0,042851672	-0,052576952	-0,044230245
41716	139,91211	-113,66582	-113,75481	-0,35838559	-0,043566048	-0,05335949	-0,044929057
41716	140,41211	-115,61582	-115,66618	-0,36294162	-0,044208769	-0,054176006	-0,045669261
41716	140,91211	-117,56583	-117,55073	-0,36742166	-0,044933014	-0,054912154	-0,046283081
41716	141,41211	-119,51582	-119,50832	-0,37216246	-0,045560371	-0,055661961	-0,047069605
41716	141,91211	-121,46582	-121,45976	-0,37646964	-0,046208423	-0,056456078	-0,047715805
41716	142,41211	-123,41582	-123,43025	-0,38081855	-0,046904378	-0,057294659	-0,048492502
41716	142,91211	-125,36582	-125,41602	-0,38454905	-0,047613695	-0,058067385	-0,04924345
41716	143,41211	-127,31583	-127,34508	-0,38951859	-0,048270538	-0,058825575	-0,049911074
41716	143,91211	-129,26582	-129,31122	-0,39433911	-0,048929691	-0,059602298	-0,050609045
41716	144,41211	-131,21582	-131,27885	-0,39802268	-0,049670719	-0,060328424	-0,051357359
41716	144,91211	-133,16582	-133,21709	-0,40232465	-0,050333604	-0,061204642	-0,052020565
41716	145,41211	-135,11583	-135,18152	-0,40697008	-0,051023234	-0,061982952	-0,052677147
41716	145,91211	-137,06583	-137,129	-0,41102767	-0,05170615	-0,062756471	-0,05340194
41716	146,41211	-139,01582	-139,05765	-0,41557997	-0,052305289	-0,063564919	-0,054203857
41716	146,91211	-140,96582	-141,02306	-0,41967556	-0,053000465	-0,064332888	-0,054789841
41716	147,41211	-142,91582	-142,99284	-0,42313188	-0,053651392	-0,065100357	-0,055615984
41716	147,91211	-144,86583	-144,91742	-0,4280962	-0,054346293	-0,065907307	-0,056289822
41716	148,41211	-146,81583	-146,90726	-0,43219179	-0,055043381	-0,066582873	-0,056971893
41716	148,91211	-148,76582	-148,851	-0,43646172	-0,055738252	-0,067429207	-0,057715554
41716	149,41211	-150,71582	-150,76265	-0,4399702	-0,056462299	-0,068261392	-0,05833875
41716	149,91211	-152,66582	-152,73561	-0,44487715	-0,057220221	-0,068966731	-0,059186224
41716	150,41211	-154,61583	-154,69568	-0,4486531	-0,057840675	-0,069757044	-0,059910763
41716	150,91211	-156,56583	-156,61246	-0,45344159	-0,058502406	-0,070499197	-0,060630716
41716	151,41211	-158,51582	-158,59077	-0,45691356	-0,059189707	-0,071317993	-0,061397597
41716	151,91211	-159,55058	-159,77884	-0,46028718	-0,059712179	-0,071842685	-0,061845545
41716	152,41211	-157,60059	-157,67889	-0,45661181	-0,059100907	-0,071321122	-0,06117313
41716	152,91211	-155,65059	-155,71065	-0,45348555	-0,058556538	-0,070669055	-0,060716495
41716	153,41211	-153,70059	-153,72319	-0,44955909	-0,058072865	-0,070045322	-0,060104877
41716	153,91211	-151,75058	-151,72118	-0,44623241	-0,057353839	-0,069477871	-0,059476003
41716	154,41211	-149,80058	-149,7679	-0,44248998	-0,056792587	-0,068874434	-0,058892015
41716	154,91211	-147,85059	-147,80363	-0,43877587	-0,056297444	-0,068208665	-0,058252499
41716	155,41211	-145,90059	-145,84903	-0,43535456	-0,055629514	-0,067540944	-0,057600275
41716	155,91211	-143,95059	-143,88289	-0,43159425	-0,055065989	-0,06686382	-0,057117656
41716	156,41211	-142,00058	-141,9238	-0,42743236	-0,054459333	-0,066239715	-0,056405593
41716	156,91211	-140,05058	-139,98976	-0,42395517	-0,053888429	-0,065602064	-0,055734191
41716	157,41211	-138,10059	-138,03146	-0,41964874	-0,053334717	-0,064886868	-0,055135701
41716	157,91211	-136,15059	-136,06897	-0,41691586	-0,052649036	-0,064264625	-0,054518443
41716	158,41211	-134,20059	-134,12384	-0,41242689	-0,052091569	-0,063657127	-0,053918827
41716	158,91211	-132,25058	-132,19751	-0,40889308	-0,051468879	-0,06287314	-0,053339053
41716	159,41211	-130,30058	-130,21323	-0,4049316	-0,050870143	-0,062230185	-0,05264191
41716	159,91211	-128,35059	-128,27382	-0,40081367	-0,050194375	-0,061514255	-0,052145265
41716	160,41211	-126,40058	-126,34458	-0,39695427	-0,04955969	-0,060870651	-0,051401448
41716	160,91211	-124,45058	-124,37306	-0,39351657	-0,048952188	-0,060162861	-0,050752457
41716	161,41211	-122,50059	-122,4143	-0,38930476	-0,048339292	-0,059605766	-0,050128058
41716	161,91211	-120,55058	-120,46985	-0,38533658	-0,047766905	-0,058866087	-0,049478061
41716	162,41211	-118,60059	-118,51792	-0,38107336	-0,047118787	-0,058154374	-0,048819065
41716	162,91211	-116,65058	-116,61119	-0,37722439	-0,046531934	-0,057454605	-0,048161756
41716	163,41211	-114,70058	-114,62077	-0,37296787	-0,045839027	-0,056818124	-0,047512997
41716	163,91211	-112,75059	-112,67218	-0,36867708	-0,045250699	-0,056061301	-0,0468527
41716	164,41211	-110,80058	-110,7501	-0,36417693	-0,04458664	-0,055347554	-0,046305876
41716	164,91211	-108,85059	-108,77515	-0,36050975	-0,04389495	-0,054598372	-0,045505967
41716	165,41211	-106,90058	-106,80246	-0,3556408	-0,043293282	-0,053934544	-0,044845581
41716	165,91211	-104,95058	-104,88391	-0,35205111	-0,042667791	-0,053208601	-0,044203579
41716	166,41211	-103,00059	-102,91312	-0,34751445	-0,041941952	-0,052432299	-0,043412119
41716	166,91211	-101,05058	-100,96102	-0,34377351	-0,041421652	-0,051687043	-0,042811289
41716	167,41211	-99,100586	-99,030334	-0,33950582	-0,040807862	-0,051023085	-0,042196449
41716	167,91211	-97,150581	-97,048195	-0,334768	-0,040050585	-0,050237484	-0,041406546
41716	168,41211	-95,200584	-95,106064	-0,33061132	-0,039409194	-0,049564615	-0,04083452
41716	168,91211	-93,250587	-93,174362	-0,32675043	-0,038789514	-0,048807129	-0,040211447
41716	169,41211	-91,300583	-91,201118	-0,3214851	-0,038057536	-0,04803912	-0,03943868
41716	169,91211	-89,350586	-89,239494	-0,31713918	-0,03744591	-0,047263328	-0,038733099
41716	170,41211	-87,400581	-87,345047	-0,31303689	-0,036866277	-0,046549916	-0,038003396
41716	170,91211	-85,450584	-85,36776	-0,30883029	-0,036197413	-0,045783691	-0,037347898
41716	171,41211	-83,500587	-83,447128	-0,30366406	-0,035498437	-0,044991747	-0,036728997
41716	171,91211	-81,550583	-81,462708	-0,29949099	-0,03488167	-0,044281531	-0,035973553
41716	172,41211	-79,600586	-79,529228	-0,29493272	-0,034150228	-0,043413628	-0,035238422
41716	172,91211	-77,650581	-77,560684	-0,28987005	-0,033503246	-0,04263049	-0,034485672
41716	173,41211	-75,700584	-75,637192	-0,28532222	-0,032802526	-0,041886244	-0,033752441
41716	173,91211	-73,750587	-73,681435	-0,28022602	-0,03209848	-0,041132424	-0,033157408
41716	174,41211	-71,800583	-71,729652	-0,27559251	-0,031377673	-0,040286485	-0,032494228
41716	174,91211	-69,850586	-69,771088	-0,27068108	-0,030707838	-0,039560057	-0,031754568
41716	175,41211	-67,900581	-67,811455	-0,26560798	-0,030073125	-0,038703188	-0,031001367
41716	175,91211	-65,950584	-65,888847	-0,26034489	-0,029270191	-0,03791824	-0,030291768
41716	176,41211	-64,00058	-63,937069	-0,2551958	-0,028580252	-0,0371214	-0,029537331
41716	176,91211	-62,050583	-61,967987	-0,24997368	-0,027806262	-0,036233813	-0,028841382
41716	177,41211	-60,100582	-60,047855	-0,24496913	-0,027177272	-0,035549272	-0,028202452
41716	177,91211	-58,150585	-58,086712	-0,23958758	-0,026342537	-0,03464948	-0,027506188
41716	178,41211	-56,200584	-56,114384	-0,23459643	-0,025735173	-0,033790514	-0,026657803
41716	178,91211	-54,250584	-54,189404	-0,22946596	-0,025065305	-0,033012986	-0,025964681
41716	179,41211	-52,300583	-52,236576	-0,22410601	-0,024189223	-0,032173228	-0,025285397
41716	179,91211	-50,350582	-50,271652	-0,21844208	-0,023437383	-0,03137232	-0,024496628
41716	180,41211	-48,400581	-48,316833	-0,21251962	-0,022629168	-0,030511383	-0,023801029
41716	180,91211	-46,450584	-46,399807	-0,20658672	-0,021937387	-0,029631104	-0,023058878
41716	181,41211	-44,500584	-44,422985	-0,20119548	-0,021171901	-0,028773203	-0,022257788
41716	181,91211	-42,550583	-42,469872	-0,19517615	-0,020428818	-0,027944339	-0,021586588
41716	182,41211	-40,600582	-40,549442	-0,18968284	-0,019669853	-0,027065733	-0,020837093
41716	182,91211	-38,650581	-38,547558	-0,18345192	-0,018777689	-0,026211618	-0,019972969
41716	183,41211	-36,700584	-36,612949	-0,17703101	-0,018037502	-0,025246315	-0,019344289
41716	183,91211	-34,750584	-34,705662	-0,17168894	-0,017287008	-0,024343735	-0,018560166
41716	184,41211	-32,800583	-32,725113	-0,16544163	-0,016459594	-0,023434615	-0,017814836
41716	184,91211	-30,850582	-30,813248	-0,15873536	-0,015730616	-0,022581454	-0,017083833
41716	185,41211	-28,900583	-28,83676	-0,1524359	-0,014876509	-0,021563273	-0,016295789
41716	185,91211	-26,950583	-26,899696	-0,1451835	-0,014108595	-0,02067893	-0,015690347
41716	186,41211	-25,000582	-24,931417	-0,13925433	-0,013329506	-0,019707512	-0,014898077
41716	186,91211	-23,050583	-22,998337	-0,13232827	-0,012519184	-0,018674634	-0,014191695
41716	187,41211	-21,100582	-21,043451	-0,12516752	-0,011735188	-0,017837849	-0,013397185
41716	187,91211	-19,150583	-19,077906	-0,11858791	-0,010847528	-0,016788539	-0,012660488
41716	188,41211	-17,200583	-17,133753	-0,11180714	-0,010082217	-0,015746079	-0,012011549
41716	188,91211	-15,250583	-15,182073	-0,10388047	-0,0093620345	-0,014685765	-0,011183979
41716	189,41211	-13,300582	-13,213077	-0,096043199	-0,0084642675	-0,013680819	-0,010395285
41716	189,91211	-11,350582	-11,319031	-0,088376552	-0,0077983737	-0,012606505	-0,0096622016
41716	190,41211	-9,4005823	-9,3662567	-0,078838319	-0,007128356	-0,011460684	-0,0089032855
41716	190,91211	-7,450582	-7,3904071	-0,070424378	-0,0064220559	-0,010349035	-0,0080567449
41716	191,41211	-5,5005822	-5,6289101	-0,061115623	-0,0058039296	-0,009352345	-0,0072873388
41716	191,91211	-3,5505822	-3,9000213	-0,050775707	-0,0052230265	-0,0083000511	-0,0065725236
41716	192,41211	-1,6005821	-1,6891211	-0,035081804	-0,0045672581	-0,0069170743	-0,0055704676
41716	192,91211	-1	-0,83695537	-0,026625395	-0,0042678714	-0,0062295645	-0,0052448115
41716	193,41211	-1	-0,76704848	-0,024919957	-0,0042411089	-0,006026201	-0,0051658554
41716	193,91211	-1	-0,80820173	-0,024804473	-0,0043119043	-0,0060340315	-0,0050997045
41716	194,41211	-1	-0,8142162	-0,024747849	-0,0041639954	-0,0060033984	-0,0050142789
41716	194,91211	-1	-0,86214954	-0,024937838	-0,0041670874	-0,0059929453	-0,0050373334
41716	195,41211	-1	-0,88558346	-0,024601817	-0,0042516701	-0,0059660971	-0,0049167071
41716	195,91211	-1	-0,91699326	-0,02514869	-0,0041350294	-0,0059289858	-0,004980335
41716	196,41211	-1	-0,91283208	-0,025107712	-0,0040992647	-0,0058063082	-0,0050205607
41716	196,91211	-1	-0,94540977	-0,025337934	-0,0041064546	-0,005883567	-0,0049552764
41716	197,41211	-1	-0,98261422	-0,025068969	-0,0041428376	-0,0058241598	-0,0048822449
41716	197,91211	-1	-0,95319003	-0,025305152	-0,0040294118	-0,00586823	-0,0049135298
41716	198,41211	-1	-0,97738022	-0,025609881	-0,0040466599	-0,0058013164	-0,0048977612
41716	198,91211	-1	-1,0131915	-0,025629997	-0,0041257497	-0,0058148019	-0,0049056807
41716	199,41211	-1	-0,97119993	-0,025071204	-0,0040134098	-0,0058116578	-0,0049056383
41716	199,91211	-1	-0,9720903	-0,025259703	-0,0039969683	-0,0057815835	-0,004836563
41716	200,41211	-1	-1,0059159	-0,025090575	-0,0040254332	-0,0057697408	-0,0047938148
41716	200,91211	-1	-0,98036414	-0,024998188	-0,0039318576	-0,0057560354	-0,0047778133
41716	201,41211	-1	-0,98264962	-0,024735183	-0,0039492641	-0,0057193674	-0,0047377869
41716	201,91211	-1	-0,99981201	-0,025140494	-0,0040034167	-0,0057282597	-0,0047242153
41716	202,41211	-1	-0,99901295	-0,02534315	-0,0040085316	-0,005734425	-0,0048061851
41716	202,91211	-1	-0,96422434	-0,024980307	-0,003914291	-0,0056784302	-0,0046445155
41716	203,41211	-1	-0,99410117	-0,025247037	-0,0038935747	-0,0056892298	-0,0047845119
41716	203,91211	-1	-1,012953	-0,025206059	-0,0039083213	-0,005681783	-0,0047276956
41716	204,41211	-1	-0,98017603	-0,024655461	-0,003898602	-0,005592227	-0,0048069847
41716	204,91211	-1	-0,9856075	-0,025133044	-0,0038906783	-0,0056249611	-0,0048179105
41716	205,41211	-1	-0,99985671	-0,025111437	-0,0039504003	-0,0056187585	-0,0048072338
41716	205,91211	-1	-0,97319669	-0,024940819	-0,0038603805	-0,005594857	-0,0046538669
41716	206,41211	-1	-0,99860317	-0,02508238	-0,0038549341	-0,0056567751	-0,0047574081
41716	206,91211	-1	-0,99117124	-0,024774671	-0,0037864689	-0,0055390336	-0,0046716956
41716	207,41211	-1	-0,98672509	-0,024652481	-0,0038348977	-0,0055413619	-0,0046893964
41716	207,91211	-1	-0,98983943	-0,024445355	-0,0038356055	-0,0055481233	-0,0047887969
41716	208,41211	-1	-0,99597126	-0,024503469	-0,0038512386	-0,005585175	-0,0046585221
41716	208,91211	-1	-0,99343991	-0,025128573	-0,0037800148	-0,0055848509	-0,0046218587
41716	209,41211	-1	-0,96675938	-0,025217235	-0,0038057137	-0,0055448972	-0,0046485257
41716	209,91211	-1	-0,9823423	-0,024749339	-0,0037859771	-0,0056437962	-0,0047369911
41716	210,41211	-1	-0,99370068	-0,024795532	-0,00376416	-0,0054778904	-0,0045762789
41716	210,91211	-1	-0,98709393	-0,024207681	-0,0037329495	-0,0054365918	-0,0046415613
41716	211,41211	-1	-0,98313391	-0,024516135	-0,0037634652	-0,0054575913	-0,0047143176
41716	211,91211	-1	-0,99602711	-0,024265796	-0,0037456136	-0,0055345371	-0,0046676649
41716	212,41211	-1	-0,96836686	-0,024454296	-0,0037645306	-0,0055452771	-0,0046103154
41716	212,91211	-1	-0,98181331	-0,02438277	-0,0037091412	-0,0054886304	-0,0045996979
41716	213,41211	-1	-0,9996556	-0,024271756	-0,0038174428	-0,0054290816	-0,0046043177
41716	213,91211	-1	-0,99166667	-0,024398416	-0,0037369281	-0,0054594763	-0,0046188822
41716	214,41211	-1	-0,97712874	-0,023450702	-0,0036469456	-0,0054834634	-0,004530197
41716	214,91211	-1	-0,98083729	-0,02470389	-0,0037502088	-0,0054264404	-0,0047192904
41716	215,41211	-1	-0,99438059	-0,024751574	-0,0037469491	-0,0054264404	-0,0046627442
41716	215,91211	-1	-0,96581507	-0,024475157	-0,0036789179	-0,0054845922	-0,0044862572
41716	216,41211	-1	-0,99824184	-0,024125725	-0,0037651621	-0,0053770281	-0,0045550535
41716	216,91211	-1	-1,0137688	-0,024127215	-0,0037829746	-0,0054534115	-0,00456336
41716	217,41211	-1	-0,97605586	-0,023975968	-0,0035957564	-0,0053325407	-0,004489399
41716	217,91211	-1	-0,98913348	-0,024291128	-0,0037269369	-0,0054208077	-0,0046041431
41716	218,41211	-1	-0,98971093	-0,023790449	-0,0037305839	-0,0054343641	-0,0045244396
41716	218,91211	-1	-0,93477964	-0,023653358	-0,0037059318	-0,0053053275	-0,0044479002
41716	219,41211	-1	-0,96605349	-0,023468584	-0,0037489925	-0,0053568669	-0,0045250459
41716	219,91211	-1	-0,98274463	-0,023937225	-0,003682822	-0,0053703673	-0,0045203459
41716	220,41211	-1	-0,98313951	-0,023669004	-0,0036539473	-0,005328171	-0,0046191686
41716	220,91211	-1	-1,009088	-0,023134053	-0,0037572756	-0,0053320229	-0,0045150919
41716	221,41211	-1	-0,9868238	-0,023996085	-0,0036545563	-0,0052366555	-0,0045147296
41716	221,91211	-1	-1,0013394	-0,0238657	-0,0037557464	-0,0053029358	-0,0044405474
41716	222,41211	-1	-1,0255724	-0,024197251	-0,0037138183	-0,0053315498	-0,0044686981
41716	222,91211	-2,3215821	-2,1683033	-0,03259629	-0,0038523395	-0,005976446	-0,0048905197
41716	223,41211	-4,2715821	-3,8832557	-0,043285638	-0,0042889025	-0,0068378411	-0,0055498164
41716	223,91211	-6,2215819	-6,2008352	-0,054572523	-0,005007036	-0,0079855435	-0,0064511909
41716	224,41211	-8,1715822	-8,0553532	-0,063923001	-0,0054471269	-0,0088384748	-0,0070464304
41716	224,91211	-10,121582	-10,247695	-0,073184073	-0,0060609933	-0,0098201744	-0,0079044988
41716	225,41211	-12,071582	-12,328917	-0,081932545	-0,006826574	-0,010820545	-0,0085806856
41716	225,91211	-14,021583	-14,220868	-0,088763237	-0,0074050538	-0,011700369	-0,0091878809
41716	226,41211	-15,971582	-16,148693	-0,09617731	-0,0080664586	-0,012620334	-0,0099514229
41716	226,91211	-17,921583	-18,093529	-0,10300949	-0,0087406542	-0,013533641	-0,010581846
41716	227,41211	-19,871582	-20,007269	-0,10905564	-0,0094124973	-0,014314987	-0,011179595
41716	227,91211	-21,821583	-21,94153	-0,11596456	-0,010116711	-0,015274186	-0,011947502
41716	228,41211	-23,771582	-23,904213	-0,12280941	-0,010781702	-0,016110562	-0,012603228
41716	228,91211	-25,721582	-25,83494	-0,12844503	-0,011467502	-0,017037861	-0,013263131
41716	229,41211	-27,671583	-27,767748	-0,13468042	-0,012256987	-0,017918009	-0,014044304
41716	229,91211	-29,621582	-29,737213	-0,1404658	-0,012979686	-0,018820997	-0,014705835
41716	230,41211	-31,571583	-31,673355	-0,14717951	-0,013688524	-0,019712798	-0,015299984
41716	230,91211	-33,521584	-33,618984	-0,15285537	-0,014427734	-0,020578809	-0,016091989
41716	231,41211	-35,471584	-35,571091	-0,15930161	-0,015160168	-0,021403953	-0,016715698
41716	231,91211	-37,421581	-37,494137	-0,1648441	-0,015875252	-0,022301652	-0,017460169
41716	232,41211	-39,371582	-39,431572	-0,17078593	-0,016539279	-0,023189619	-0,01820788
41716	232,91211	-41,321583	-41,421978	-0,17660707	-0,017343108	-0,024106165	-0,01887174
41716	233,41211	-43,271584	-43,348602	-0,18177629	-0,018014045	-0,024909461	-0,0196412
41716	233,91211	-45,221584	-45,292316	-0,18788576	-0,018723462	-0,025825888	-0,020410916
41716	234,41211	-47,171581	-47,228859	-0,19306391	-0,019498978	-0,026644105	-0,021044593
41716	234,91211	-49,121582	-49,201012	-0,19811839	-0,020230651	-0,027506249	-0,021863446
41716	235,41211	-51,071583	-51,154732	-0,20436123	-0,020929404	-0,028297849	-0,022536883
41716	235,91211	-53,021584	-53,068226	-0,20965412	-0,021538796	-0,029165011	-0,02328415
41716	236,41211	-54,971584	-55,046059	-0,21517724	-0,022333808	-0,03007705	-0,023954881
41716	236,91211	-56,921585	-56,977585	-0,22005439	-0,02308953	-0,030825859	-0,024659416
41716	237,41211	-58,871582	-58,947918	-0,22571459	-0,023794748	-0,031679712	-0,025359826
41716	237,91211	-60,821583	-60,887169	-0,23068413	-0,02450243	-0,032624405	-0,026161777
41716	238,41211	-62,771584	-62,803787	-0,2359271	-0,025197931	-0,03343964	-0,026821615
41716	238,91211	-64,721581	-64,779282	-0,24144948	-0,025926329	-0,034203365	-0,027601412
41716	239,41211	-66,671585	-66,73333	-0,24646446	-0,02660232	-0,035119258	-0,028332844
41716	239,91211	-68,621582	-68,640434	-0,25198609	-0,027234189	-0,035890609	-0,028921759
41716	240,41211	-70,571587	-70,637497	-0,25679767	-0,027946992	-0,036795478	-0,029761808
41716	240,91211	-72,521584	-72,582672	-0,26156232	-0,028728869	-0,03756772	-0,03049314
41716	241,41211	-74,471581	-74,540382	-0,26684627	-0,029342303	-0,038438778	-0,031153306
41716	241,91211	-76,421585	-76,507332	-0,27129501	-0,030081762	-0,039266676	-0,031967886
41716	242,41211	-78,371582	-78,439789	-0,27654544	-0,030816821	-0,040130708	-0,032751437
41716	242,91211	-80,321587	-80,3964	-0,28194338	-0,031496156	-0,04098044	-0,033380955
41716	243,41211	-82,271584	-82,323654	-0,28643534	-0,032051265	-0,041794617	-0,034077231
41716	243,91211	-84,221581	-84,267227	-0,29158518	-0,032794718	-0,042615484	-0,034881469
41716	244,41211	-86,171585	-86,254021	-0,29660463	-0,033572786	-0,043352615	-0,035544213
41716	244,91211	-88,121582	-88,201965	-0,30115843	-0,034220494	-0,044203922	-0,036354847
41716	245,41211	-90,071587	-90,116028	-0,30652061	-0,034813512	-0,045030493	-0,037002176
41716	245,91211	-92,021584	-92,078392	-0,3108196	-0,035598226	-0,045903876	-0,037778925
41716	246,41211	-93,971581	-94,052551	-0,31549037	-0,036281504	-0,046691235	-0,038573634
41716	246,91211	-95,921585	-95,99054	-0,32052398	-0,036900587	-0,047368661	-0,039187036
41716	247,41211	-97,871582	-97,952377	-0,32470524	-0,03759896	-0,048268437	-0,039942626
41716	247,91211	-99,821587	-99,92025	-0,32961145	-0,038271546	-0,049091827	-0,040708356
41716	248,41211	-101,77158	-101,82842	-0,33395663	-0,03896261	-0,049849026	-0,041423213
41716	248,91211	-103,72159	-103,79243	-0,33856183	-0,039603919	-0,050695919	-0,042155214
41716	249,41211	-105,67159	-105,73573	-0,34306273	-0,040273979	-0,051505741	-0,042904653
41716	249,91211	-107,62158	-107,67517	-0,34826398	-0,041024797	-0,052271724	-0,043573752
41716	250,41211	-109,57159	-109,62428	-0,35240799	-0,041649558	-0,053073172	-0,044223953
41716	250,91211	-111,52158	-111,58514	-0,35649315	-0,042316291	-0,053842507	-0,04507754
41716	251,41211	-113,47159	-113,54925	-0,36146715	-0,043054145	-0,054626856	-0,045710392
41716	251,91211	-115,42159	-115,47697	-0,36614835	-0,043633062	-0,055412363	-0,04638762
41716	252,41211	-117,37158	-117,41125	-0,37019923	-0,044305373	-0,056311965	-0,047151651
41716	252,91211	-119,32159	-119,38148	-0,3747046	-0,04498022	-0,057024539	-0,047831587
41716	253,41211	-121,27158	-121,31742	-0,37852004	-0,045589641	-0,057789378	-0,048561044
41716	253,91211	-123,22159	-123,26395	-0,38374737	-0,046335887	-0,058617655	-0,049336039
41716	254,41211	-125,17159	-125,24426	-0,38814396	-0,047076069	-0,059321091	-0,049975384
41716	254,91211	-127,12158	-127,1757	-0,39221197	-0,047599718	-0,060126036	-0,050676916
41716	255,41211	-129,07158	-129,12907	-0,39724782	-0,048296664	-0,060918033	-0,051387262
41716	255,91211	-131,02159	-131,08926	-0,4007265	-0,049097911	-0,061648753	-0,052106664
41716	256,41211	-132,97159	-133,04796	-0,40519387	-0,049683366	-0,062500589	-0,052775364
41716	256,91211	-134,92159	-134,9698	-0,40965155	-0,050340354	-0,063174918	-0,053502232
41716	257,41211	-136,87158	-136,9361	-0,41387454	-0,050995767	-0,064114109	-0,054228343
41716	257,91211	-138,82158	-138,93083	-0,41801035	-0,051777113	-0,064775996	-0,054881062
41716	258,41211	-140,77159	-140,82564	-0,42225569	-0,052381963	-0,065593481	-0,055683754
41716	258,91211	-142,72159	-142,80533	-0,42603165	-0,053061716	-0,066300146	-0,056369599
41716	259,41211	-144,67159	-144,78009	-0,4303664	-0,053793319	-0,067129776	-0,057097044
41716	259,91211	-146,62158	-146,68753	-0,43476	-0,054363705	-0,067839488	-0,057807311
41716	260,41211	-148,57158	-148,64023	-0,43894798	-0,055038564	-0,068613455	-0,058467425
41716	260,91211	-150,52159	-150,58215	-0,44298321	-0,055769131	-0,069378458	-0,059108138
41716	261,41211	-152,47159	-152,57147	-0,44715703	-0,056420907	-0,070196688	-0,059888717
41716	261,91211	-154,42159	-154,45856	-0,45099184	-0,057065882	-0,070866644	-0,060603958
41716	262,41211	-156,37158	-156,45595	-0,455755	-0,057744272	-0,071688533	-0,061327502
41716	262,91211	-158,32158	-158,39893	-0,45904145	-0,058452655	-0,07251849	-0,062051043
41716	263,41211	-160	-160,13271	-0,46284422	-0,059056755	-0,073185436	-0,06260585
41716	263,91211	-160	-160,10678	-0,46332553	-0,05915425	-0,073294543	-0,062642038
41716	264,41211	-160	-160,05898	-0,46368465	-0,059228607	-0,073395036	-0,062848978
41716	264,91211	-160	-160,04324	-0,46408921	-0,059234247	-0,073386043	-0,062871292
41716	265,41211	-160	-160,04909	-0,46397522	-0,059297971	-0,073500469	-0,062958904
41716	265,91211	-160	-160,03674	-0,46406388	-0,059344813	-0,073554486	-0,062937811
41716	266,41211	-160	-160,02957	-0,464046	-0,059380777	-0,073502779	-0,062951289
41716	266,91211	-160	-160,03732	-0,46473965	-0,059406675	-0,073520862	-0,063008599
41716	267,41211	-160	-160,01016	-0,46486557	-0,059502169	-0,073727369	-0,063072048
41716	267,91211	-160	-160,01839	-0,46460181	-0,059475351	-0,073707491	-0,063092947
41716	268,41211	-160	-160,00861	-0,4653424	-0,059500322	-0,073697917	-0,06315352
41716	268,91211	-160	-160,00427	-0,46469495	-0,059517637	-0,073795855	-0,06322021
41716	269,41211	-160	-160,02951	-0,46485588	-0,059588235	-0,073723711	-0,063194171
41716	269,91211	-160	-160,01343	-0,46572611	-0,059566773	-0,073761359	-0,063276976
41716	270,41211	-160	-159,97086	-0,46569631	-0,059615366	-0,073828481	-0,063200392
41716	270,91211	-160	-160,01299	-0,46607405	-0,059662417	-0,073850185	-0,063223563
41716	271,41211	-160	-160,03926	-0,4659839	-0,059689637	-0,073877782	-0,063351534
41716	271,91211	-160	-159,99431	-0,46570376	-0,059688404	-0,073951371	-0,063344583
41716	272,41211	-160	-160,01062	-0,46589598	-0,05966875	-0,073903888	-0,063387059
41716	272,91211	-160	-160,00594	-0,46593025	-0,059725657	-0,073938757	-0,063480489
41716	273,41211	-160	-160,00131	-0,46592876	-0,059749231	-0,074003555	-0,063408613
41716	273,91211	-160	-160,00081	-0,46644509	-0,059744861	-0,073953658	-0,063338034
41716	274,41211	-160	-159,99561	-0,46609864	-0,059791118	-0,074002311	-0,063468195
41716	274,91211	-160	-160,0002	-0,46582967	-0,059812903	-0,07412678	-0,063514732
41716	275,41211	-160	-160,002	-0,4663974	-0,059819952	-0,074045748	-0,063514724
41716	275,91211	-160	-160,00284	-0,46629459	-0,059879243	-0,074047111	-0,063503206
41716	276,41211	-160	-159,98933	-0,46664253	-0,059839118	-0,074137747	-0,063551262
41716	276,91211	-160	-160,01923	-0,46652332	-0,059800558	-0,074124113	-0,063520372
41716	277,41211	-160	-159,9908	-0,46627969	-0,059843309	-0,074134201	-0,063567393
41716	277,91211	-160	-159,98872	-0,46691597	-0,059867688	-0,074229628	-0,0635565
41716	278,41211	-160	-160,04425	-0,46685785	-0,059911236	-0,074203104	-0,063574418
41716	278,91211	-160	-159,97774	-0,46681315	-0,059913479	-0,074248545	-0,063672267
41716	279,41211	-160	-159,98184	-0,46648756	-0,060011767	-0,074256703	-0,063596286
41716	279,91211	-160	-160,01772	-0,46728477	-0,06000812	-0,074335709	-0,063644208
41716	280,41211	-160	-159,98697	-0,46709403	-0,059965882	-0,074273631	-0,063640639
41716	280,91211	-160	-159,99039	-0,46711639	-0,060039841	-0,07427419	-0,06363035
41716	281,41211	-160	-160,03172	-0,4673779	-0,059989728	-0,074352071	-0,063649185
41716	281,91211	-160	-160,01068	-0,46698302	-0,06007231	-0,074359722	-0,063779406
41716	282,41211	-160	-159,99792	-0,46709329	-0,059986349	-0,074394718	-0,063726559
41716	282,91211	-160	-160,01262	-0,46760365	-0,060090378	-0,07433866	-0,06386511
41716	283,41211	-160	-160,00072	-0,46772286	-0,060097396	-0,07440611	-0,063798651
41716	283,91211	-160	-160,00742	-0,46764612	-0,060185835	-0,074395202	-0,063888215
41716	284,41211	-160	-160,00417	-0,46797842	-0,060117356	-0,074400827	-0,063841015
41716	284,91211	-160	-160,00383	-0,46807975	-0,060106874	-0,074507773	-0,06389273
41716	285,41211	-160	-159,98685	-0,46760216	-0,060249064	-0,074523643	-0,063858055
41716	285,91211	-160	-159,99702	-0,46800673	-0,060130924	-0,07449384	-0,063927621
41716	286,41211	-160	-159,98767	-0,46812519	-0,060160726	-0,074458428	-0,06390617
41716	286,91211	-160	-159,9946	-0,4681088	-0,060206465	-0,074539408	-0,063828804
41716	287,41211	-160	-160,00221	-0,4681848	-0,06017407	-0,07455349	-0,064037323
41716	287,91211	-160	-159,97575	-0,46788976	-0,060191114	-0,074546076	-0,063859224
41716	288,41211	-160	-160,00247	-0,46853051	-0,060257673	-0,074594103	-0,06382034
41716	288,91211	-160	-159,99933	-0,46831369	-0,060182847	-0,074591503	-0,063993335
41716	289,41211	-160	-159,98697	-0,4680641	-0,060281828	-0,074590847	-0,06401594
41716	289,91211	-160	-160,00842	-0,46821833	-0,060296208	-0,074676104	-0,063815162
41716	290,41211	-160	-159,99042	-0,46774745	-0,06026559	-0,07464467	-0,064018711
41716	290,91211	-160	-159,98654	-0,46840012	-0,060311377	-0,074664712	-0,064026609
41716	291,41211	-160	-160,01283	-0,46850517	-0,06040756	-0,074705534	-0,063935466
41716	291,91211	-160	-160,00182	-0,46837628	-0,060325675	-0,074657172	-0,064002231
41716	292,41211	-160	-159,97556	-0,46828836	-0,060286738	-0,0746658	-0,064005554
41716	292,91211	-160	-160,00642	-0,46869963	-0,060344562	-0,074599482	-0,063971758
41716	293,41211	-159,6875	-159,83932	-0,46883449	-0,060237102	-0,074701175	-0,064016849
41716	293,91211	-157,1875	-157,18437	-0,46374649	-0,059529066	-0,073806055	-0,063196003
41716	294,41211	-154,6875	-154,65361	-0,45946836	-0,058750529	-0,072974518	-0,06237112
41716	294,91211	-152,1875	-152,1277	-0,45422167	-0,057991743	-0,072172061	-0,061635405
41716	295,41211	-149,6875	-149,59883	-0,45023337	-0,057271618	-0,071309656	-0,060850229
41716	295,91211	-147,1875	-147,11063	-0,44535547	-0,056540094	-0,070536926	-0,05999165
41716	296,41211	-144,6875	-144,6292	-0,44029728	-0,055678569	-0,06964653	-0,059252243
41716	296,91211	-142,1875	-142,0938	-0,43543577	-0,054965559	-0,068762302	-0,058365211
41716	297,41211	-139,6875	-139,61403	-0,43125525	-0,054186471	-0,068012148	-0,057632543
41716	297,91211	-137,1875	-137,11394	-0,42570308	-0,053385504	-0,067045376	-0,056809332
41716	298,41211	-134,6875	-134,57373	-0,42101964	-0,052631706	-0,066208541	-0,055928152
41716	298,91211	-132,1875	-132,09825	-0,41567236	-0,051862381	-0,065368325	-0,055233955
41716	299,41211	-129,6875	-129,61627	-0,41105002	-0,051075	-0,064454295	-0,054353002
41716	299,91211	-127,1875	-127,08365	-0,40568486	-0,050268304	-0,06362953	-0,053454839
41716	300,41211	-124,6875	-124,59381	-0,40083155	-0,049500398	-0,06269227	-0,052671291
41716	300,91211	-122,1875	-122,11191	-0,39510801	-0,04872819	-0,061807021	-0,0518548
41716	301,41211	-119,6875	-119,59927	-0,39024949	-0,047794156	-0,060863584	-0,050964326
41716	301,91211	-117,1875	-117,09356	-0,38537681	-0,047042377	-0,059956327	-0,050244801
41716	302,41211	-114,6875	-114,60593	-0,37979782	-0,046297252	-0,059053849	-0,04936216
41716	302,91211	-112,1875	-112,10437	-0,37458465	-0,04545442	-0,058180515	-0,048391532
41716	303,41211	-109,6875	-109,61335	-0,36964342	-0,044570528	-0,057372801	-0,047627844
41716	303,91211	-107,1875	-107,11205	-0,36371797	-0,04378023	-0,056294624	-0,0466839
41716	304,41211	-104,6875	-104,59183	-0,35887212	-0,042914275	-0,055308893	-0,045793258
41716	304,91211	-102,1875	-102,08197	-0,35308897	-0,04216836	-0,054370791	-0,044995837
41716	305,41211	-99,6875	-99,624504	-0,34773946	-0,041372232	-0,053510845	-0,044056661
41716	305,91211	-97,1875	-97,079056	-0,34211427	-0,040428393	-0,052503612	-0,043222122
41716	306,41211	-94,6875	-94,604019	-0,33704117	-0,039657511	-0,051555037	-0,042343069
41716	306,91211	-92,1875	-92,113739	-0,33019856	-0,038785741	-0,050601937	-0,041410644
41716	307,41211	-89,6875	-89,569107	-0,32576546	-0,037823699	-0,049603909	-0,040524859
41716	307,91211	-87,1875	-87,117233	-0,31928569	-0,037149996	-0,048674777	-0,039652903
41716	308,41211	-84,6875	-84,58577	-0,31330287	-0,036210742	-0,047581665	-0,038699508
41716	308,91211	-82,1875	-82,091591	-0,30720681	-0,035420794	-0,046611533	-0,037820194
41716	309,41211	-79,6875	-79,600998	-0,30132756	-0,034541659	-0,045671649	-0,036956977
41716	309,91211	-77,1875	-77,096992	-0,29530749	-0,033665217	-0,044658158	-0,036033385
41716	310,41211	-74,6875	-74,578392	-0,28888956	-0,032692801	-0,043540619	-0,035183053
41716	310,91211	-72,1875	-72,079666	-0,28262213	-0,031794958	-0,042582624	-0,03414103
41716	311,41211	-69,6875	-69,617325	-0,27685538	-0,03098662	-0,041533388	-0,033236168
41716	311,91211	-67,1875	-67,115356	-0,2696462	-0,030049929	-0,040504176	-0,032374591
41716	312,41211	-64,6875	-64,584625	-0,26334524	-0,029139027	-0,039412573	-0,03146591
41716	312,91211	-62,1875	-62,104656	-0,25666803	-0,028197449	-0,038335815	-0,030394332
41716	313,41211	-59,6875	-59,616787	-0,24999678	-0,027234478	-0,037282944	-0,029556263
41716	313,91211	-57,1875	-57,103458	-0,24307892	-0,026305901	-0,036184672	-0,028517496
41716	314,41211	-54,6875	-54,590744	-0,23605973	-0,025356632	-0,03511446	-0,02764287
41716	314,91211	-52,1875	-52,126564	-0,22945628	-0,02441917	-0,034020364	-0,026749179
41716	315,41211	-49,6875	-49,601208	-0,22248402	-0,023474419	-0,032919805	-0,025683731
41716	315,91211	-47,1875	-47,101982	-0,21467209	-0,022546539	-0,031863794	-0,024747135
41716	316,41211	-44,6875	-44,617451	-0,20740181	-0,021498038	-0,030637816	-0,023838388
41716	316,91211	-42,1875	-42,103168	-0,20044371	-0,020524234	-0,029608464	-0,022810318
41716	317,41211	-39,6875	-39,585888	-0,1923807	-0,019503949	-0,028385937	-0,021824908
41716	317,91211	-37,1875	-37,091873	-0,18495992	-0,018550877	-0,027279491	-0,020929454
41716	318,41211	-34,6875	-34,6334	-0,17711148	-0,017627392	-0,02610594	-0,019878684
41716	318,91211	-32,1875	-32,076527	-0,16897917	-0,016440511	-0,024863461	-0,018983645
41716	319,41211	-29,6875	-29,598175	-0,1605615	-0,015498225	-0,023725463	-0,017984949
41716	319,91211	-27,1875	-27,133732	-0,15252456	-0,014541158	-0,022433493	-0,016936759
41716	320,41211	-24,6875	-24,585447	-0,14365688	-0,013470558	-0,021234017	-0,016153554
41716	320,91211	-22,1875	-22,093626	-0,13559386	-0,012451338	-0,019886874	-0,015071642
41716	321,41211	-19,6875	-19,635817	-0,12576133	-0,011431817	-0,018584665	-0,01407762
41716	321,91211	-17,1875	-17,087414	-0,11709183	-0,010440055	-0,017310839	-0,013076908
41716	322,41211	-14,6875	-14,619144	-0,10679662	-0,0095141698	-0,015930045	-0,01218489
41716	322,91211	-12,1875	-12,120766	-0,096189231	-0,0085018147	-0,014538068	-0,011132627
41716	323,41211	-9,6875	-9,6256933	-0,085828453	-0,0075412989	-0,013122398	-0,010147161
41716	323,91211	-7,1875	-7,1195655	-0,073413551	-0,0066758059	-0,011663698	-0,0090899896
41716	324,41211	-4,6875	-4,964426	-0,06204173	-0,0060008466	-0,010259517	-0,0080750352
41716	324,91211	-2,1875	-2,4322608	-0,045531988	-0,0052766483	-0,0086950101	-0,0070580221
41716	325,41211	-1	-0,87202156	-0,030570477	-0,004784245	-0,0074654594	-0,0063306391
41716	325,91211	-1	-0,80689228	-0,029855967	-0,0047118068	-0,0073433891	-0,0060731401
41716	326,41211	-1	-0,7854588	-0,02881512	-0,0047422964	-0,0071892142	-0,0060037472
41716	326,91211	-1	-0,77734703	-0,029376894	-0,0046035331	-0,0070835873	-0,005911028
41716	327,41211	-1	-0,82979536	-0,029587001	-0,0046622101	-0,0070603751	-0,005900546
41716	327,91211	-1	-0,86648393	-0,028792024	-0,0046539288	-0,0071260184	-0,0059245341
41716	328,41211	-1	-0,88527614	-0,028856099	-0,0045513362	-0,0070959702	-0,0059697051
41716	328,91211	-1	-0,91890991	-0,029464811	-0,004545955	-0,007007692	-0,0059312009
41716	329,41211	-1	-0,9591803	-0,029463321	-0,0046525262	-0,0070472509	-0,0058889622
41716	329,91211	-1	-0,93915313	-0,029402226	-0,0045219399	-0,0069706067	-0,005806312
41716	330,41211	-1	-0,94874018	-0,029254705	-0,0044879094	-0,006976217	-0,0059137829
41716	330,91211	-1	-0,98375231	-0,029333681	-0,0044953637	-0,0069712661	-0,0058732489
41716	331,41211	-1	-0,97587144	-0,029401481	-0,0045291446	-0,0069262199	-0,0057641547
41716	331,91211	-1	-0,97442043	-0,029397756	-0,0044766348	-0,0068976954	-0,0058685192
41716	332,41211	-1	-0,98616445	-0,029157102	-0,0044988021	-0,006931033	-0,0058394149
41716	332,91211	-1	-0,98092854	-0,028789043	-0,004455436	-0,0068193302	-0,0057202666
41716	333,41211	-1	-0,98859894	-0,029238313	-0,0044350456	-0,0068510175	-0,0057616746
41716	333,91211	-1	-0,97895789	-0,029323995	-0,0044148676	-0,006884817	-0,0057391068
41716	334,41211	-1	-0,98252666	-0,028754771	-0,0043957625	-0,0068804622	-0,0056482675
41716	334,91211	-1	-1,0121409	-0,029093027	-0,0043851007	-0,0067779906	-0,005735545
41716	335,41211	-1	-0,98210204	-0,028950721	-0,0043768398	-0,0067602955	-0,0056657856
41716	335,91211	-1	-0,97575223	-0,02900362	-0,0043324847	-0,0067808032	-0,0055998713
41716	336,41211	-1	-1,0063276	-0,02777651	-0,0043125134	-0,0067702532	-0,0056767059
41716	336,91211	-1	-1,0081007	-0,028882921	-0,0043720528	-0,0066755079	-0,0055697574
41716	337,41211	-1	-0,9887293	-0,028341264	-0,0043296907	-0,00670911	-0,0055398648
41716	337,91211	-1	-1,0064318	-0,028865039	-0,0042716525	-0,0067123771	-0,0056429668
41716	338,41211	-1	-1,0133181	-0,029069185	-0,0043001678	-0,0067284219	-0,0055811536
41716	338,91211	-1	-0,99159777	-0,0284262	-0,0042435005	-0,0066883005	-0,0056497604
41716	339,41211	-1	-1,0101832	-0,028447807	-0,0042695962	-0,0066763535	-0,0055822544
41716	339,91211	-1	-1,0185093	-0,028964877	-0,0042349137	-0,0067059323	-0,0055553121
41716	340,41211	-1	-0,98595208	-0,02887547	-0,0041773207	-0,0067007653	-0,0055654179
41716	340,91211	-1	-0,9996351	-0,028271228	-0,0042699333	-0,0066732801	-0,0055444809
41716	341,41211	-1	-1,0159891	-0,028484315	-0,004216183	-0,0066819564	-0,0055318577
41716	341,91211	-1	-0,98347849	-0,028526783	-0,004281003	-0,0066386126	-0,0055248318
41716	342,41211	-1,5598633	-1,302084	-0,030961633	-0,0042914283	-0,0067868493	-0,0055970787
41716	342,91211	-3,5098634	-3,4247246	-0,044694543	-0,0046566296	-0,0079839006	-0,0063211559
41716	343,41211	-5,4598632	-4,7897511	-0,053127855	-0,0050033685	-0,008564353	-0,0068580844
41716	343,91211	-7,4098635	-7,3431544	-0,066044927	-0,0057495423	-0,0098089762	-0,0077426136
41716	344,41211	-9,3598633	-9,374012	-0,074277818	-0,0063133445	-0,010842681	-0,0085173035
41716	344,91211	-11,309863	-11,49402	-0,083638728	-0,006895043	-0,011823993	-0,0093629882
41716	345,41211	-13,259864	-13,481793	-0,091575831	-0,0075250901	-0,012715571	-0,010086664
41716	345,91211	-15,209864	-15,392273	-0,098149478	-0,0082398262	-0,013734002	-0,010762823
41716	346,41211	-17,159864	-17,3326	-0,10523498	-0,0088058487	-0,014583133	-0,011384323
41716	346,91211	-19,109863	-19,232891	-0,11184886	-0,0095049366	-0,01555638	-0,012040811
41716	347,41211	-21,059864	-21,188272	-0,11830926	-0,010256287	-0,01646677	-0,012815329
41716	347,91211	-23,009863	-23,108692	-0,12491271	-0,010884766	-0,017338518	-0,013435979
41716	348,41211	-24,959864	-25,049557	-0,1309894	-0,011617202	-0,018205144	-0,014078945
41716	348,91211	-26,909864	-26,978189	-0,13693422	-0,012242056	-0,019049443	-0,014784369
41716	349,41211	-28,859863	-28,963133	-0,14352873	-0,013072589	-0,019948997	-0,01556998
41716	349,91211	-30,809864	-30,877262	-0,14967397	-0,01376326	-0,020841759	-0,016127482
41716	350,41211	-32,759865	-32,835239	-0,15598834	-0,014487932	-0,021760374	-0,016978769
41716	350,91211	-34,709866	-34,827049	-0,16210154	-0,015197369	-0,022532295	-0,017572349
41716	351,41211	-36,659863	-36,704887	-0,16791224	-0,015815722	0,16086622	-0,018286441
41716	351,91211	-38,609863	-38,662144	-0,17341524	-0,016693749	0,77406716	-0,019038118
41716	352,41211	-40,559864	-40,638176	-0,17982051	-0,017394496	1,4267321	-0,019749908
41716	352,91211	-42,509865	-42,564751	-0,18473417	-0,0180384	1,6077659	-0,020534873
41716	353,41211	-44,459866	-44,5172	-0,19024983	-0,018901475	1,7610662	-0,021221355
41716	353,91211	-46,409863	-46,467209	-0,19568354	-0,019538585	2,020684	-0,021972016
41716	354,41211	-48,359863	-48,419556	-0,20182952	-0,020233236	2,6874995	-0,022758864
41716	354,91211	-50,309864	-50,387905	-0,20761564	-0,021087985	1,7587875	-0,023414221
41716	355,41211	-52,259865	-52,309826	-0,21272749	-0,021675866	2,2564163	-0,024060082
41716	355,91211	-54,209866	-54,273266	-0,21828562	-0,022468351	2,6874995	-0,024847563
41716	356,41211	-56,159866	-56,224728	-0,22310764	-0,023193099	2,6874995	-0,025525305
41716	356,91211	-58,109863	-58,195908	-0,22858977	-0,023830563	2,6874995	-0,026295925
41716	357,41211	-60,059864	-60,13842	-0,23399889	-0,024628833	2,6874995	-0,027063528
41716	357,91211	-62,009865	-62,081367	-0,23896918	-0,025346279	2,6874995	-0,027774166
41716	358,41211	-63,959866	-64,049843	-0,2446644	-0,026063493	0,013139483	-0,028496247
41716	358,91211	-65,909866	-65,951729	-0,24956018	-0,026656631	-0,078924537	-0,029121792
41716	359,41211	-67,859863	-67,928604	-0,25447831	-0,027442094	-0,072085112	-0,029948767
41716	359,91211	-69,809868	-69,908394	-0,25985539	-0,028173495	-0,070399076	-0,030794255
41716	360,41211	-71,759865	-71,830696	-0,2643846	-0,028809592	-0,081164561	-0,031393647
41716	360,91211	-73,709862	-73,769295	-0,26969314	-0,029576644	-0,077280685	-0,032178849
41716	361,41211	-75,659866	-75,750427	-0,2751939	-0,030280653	-0,077698305	-0,032906398
41716	361,91211	-77,609863	-77,681168	-0,27974769	-0,030951234	-0,10757613	-0,033635125
41716	362,41211	-79,559868	-79,633026	-0,28495863	-0,031653114	-0,10157474	-0,034312874
41716	362,91211	-81,509865	-81,575706	-0,28970316	-0,032245331	-0,13385408	-0,03511012
41716	363,41211	-83,459862	-83,512299	-0,29478744	-0,033001162	-0,1184603	-0,035835322
41716	363,91211	-85,409866	-85,499641	-0,29951483	-0,033656612	-0,11619846	-0,036440693
41716	364,41211	-87,359863	-87,44928	-0,30430257	-0,034434091	-0,11603118	-0,12091507
41716	364,91211	-89,309868	-89,356369	-0,3089644	-0,035060454	-0,11596511	0,19229822
41716	365,41211	-91,259865	-91,336342	-0,31393245	-0,035749007	-0,11602005	-0,18808128
41716	365,91211	-93,209862	-93,274513	-0,31857863	-0,036431998	-0,11595235	-0,35320079
41716	366,41211	-95,159866	-95,250961	-0,32319501	-0,037151303	-0,11591751	-1,765384
41716	366,91211	-97,109863	-97,163559	-0,32780096	-0,037718825	-0,11589307	-1,473745
41716	367,41211	-99,059868	-99,15451	-0,33265725	-0,038439505	-0,1159092	-0,27190885
41716	367,91211	-101,00986	-101,08301	-0,33710599	-0,039079137	-0,1159049	-1,6451792
41716	368,41211	-102,95987	-103,02142	-0,34244359	-0,039784141	-0,11586474	-0,93952262
41716	368,91211	-104,90987	-104,97897	-0,34661517	-0,040408235	-0,11596942	-0,072895691
41716	369,41211	-106,85986	-106,94096	-0,35075992	-0,041165523	-0,11585215	-0,058790393
41716	369,91211	-108,80987	-108,88137	-0,35564154	-0,041848987	-0,11588259	-0,033459682
41716	370,41211	-110,75986	-110,82092	-0,36026016	-0,042433258	-0,11591734	-0,089205943
41716	370,91211	-112,70987	-112,75687	-0,36393926	-0,043118592	-0,11583591	-0,095903285
41716	371,41211	-114,65987	-114,75768	-0,36938637	-0,043861967	-0,11585832	-0,096909247
41716	371,91211	-116,60986	-116,66473	-0,37365407	-0,044455651	-0,11587806	-0,091512077
41716	372,41211	-118,55987	-118,62485	-0,37723333	-0,045114689	-0,11587664	-0,091539159
41716	372,91211	-120,50986	-120,60962	-0,3825359	-0,87711847	-0,1158151	-0,091561273
41716	373,41211	-122,45987	-122,52904	-0,3872484	0,92211211	-0,11589855	-0,091580577
41716	373,91211	-124,40987	-124,37827	-0,3907755	1,1803586	-0,11586754	-0,091684543
41716	374,41211	-126,35986	-126,33862	-0,39507821	0,48421896	-0,11592388	-0,091680668
41716	374,91211	-128,30986	-128,32455	-0,39996058	1,4605386	-0,1158406	-0,091574028
41716	375,41211	-130,25987	-130,2681	-0,40389001	1,3441396	-0,11584176	-0,091606535
41716	375,91211	-132,20987	-132,2411	-0,40831715	-0,46489382	-0,11594757	-0,091584273
41716	376,41211	-134,15987	-134,21985	-0,4127793	-0,12451079	-0,11589792	-0,091550276
41716	376,91211	-136,10986	-136,12965	-0,41697472	0,58573145	-0,1158181	-0,091636829
41716	377,41211	-138,05986	-138,10942	-0,42121783	0,81963956	-0,1159046	-0,091611654
41716	377,91211	-140,00987	-140,07928	-0,42525679	1,1439912	-0,11585768	-0,09150774
41716	378,41211	-141,95987	-142,00227	-0,42907894	1,8187058	-0,11588053	-0,091587268
41716	378,91211	-143,90987	-143,97459	-0,4332386	1,2826636	-0,11584796	-0,091598876
41716	379,41211	-145,85986	-145,90002	-0,43733492	1,0230366	-0,11584872	-0,091443151
41716	379,91211	-147,80986	-147,85995	-0,44159368	0,43709183	-0,11579041	-0,091492221
41716	380,41211	-149,75987	-149,8318	-0,44610128	0,56655401	-0,11585683	-0,091489919
41716	380,91211	-151,70987	-151,75507	-0,4495807	0,42936909	-0,11578853	-0,091418549
41716	381,41211	-153,65987	-153,7195	-0,45414492	-1,1827182	-0,115784	-0,091482162
41716	381,91211	-155,60986	-155,67668	-0,45847073	1,0247383	-0,11587281	-0,091491163
41716	382,41211	-157,55986	-157,61292	-0,46229661	-0,0027526096	-0,115871	-0,091404825
41716	382,91211	-159,50987	-159,57059	-0,46632215	-0,0072356872	-0,11585167	-0,091476999
41716	383,41211	-161,45987	-161,53705	-0,47094077	-0,0080954432	-0,11575442	-0,091387399
41716	383,91211	-163,40987	-163,48198	-0,4743658	-0,0081663001	-0,11582537	-0,091428041
41716	384,41211	-165,35986	-165,40811	-0,47842562	-0,0082831457	-0,11587968	-0,091508172
41716	384,91211	-167,30986	-167,36354	-0,48217773	-0,0083100852	-0,11583309	-0,091372393
41716	385,41211	-169,25987	-169,30316	-0,48610121	-0,0082392301	-0,11586617	-0,091547966
41716	385,91211	-171,20987	-171,24684	-0,49035922	-0,0082558654	-0,11584479	-0,091475874
41716	386,41211	-173,15987	-173,22005	-0,49523786	-0,0082865227	-0,11581072	-0,091528811
41716	386,91211	-175,10986	-175,18753	-0,49915314	-0,0083333328	-0,11581922	-0,091564387
41716	387,41211	-177,05986	-177,11047	-0,50295663	-0,0083516147	-0,11580969	-0,091438428
41716	387,91211	-179,00987	-179,07561	-0,50727874	-0,0084016137	-0,11579338	-0,091494761
41716	388,41211	-180,95987	-181,04153	-0,51107335	-0,0084041562	-0,11577149	-0,091497801
41716	388,91211	-182,90987	-182,90211	-0,51521659	-0,0084017031	-0,11576252	-0,091513135
41716	389,41211	-184,85986	-184,86545	-0,51929206	-0,0084351171	-0,11576215	-0,091450825
41716	389,91211	-186,80986	-186,8847	-0,52368343	-0,0084350742	-0,11578741	-0,091462985
41716	390,41211	-188,75987	-188,77853	-0,52765161	-0,0083750654	-0,11576979	-0,091396794
41716	390,91211	-190,70987	-190,73964	-0,53188276	-0,0084523354	-0,11571015	-0,091447413
41716	391,41211	-192,65987	-192,72151	-0,5352661	-0,0084276255	-0,11577053	-0,091515511
41716	391,91211	-194,60986	-194,65131	-0,53973126	-0,0084420554	-0,11572409	-0,091486171
41716	392,41211	-196,55988	-196,62433	-0,54400563	-0,008418316	-0,11574658	-0,091547534
41716	392,91211	-198,50987	-198,60277	-0,54861081	-0,0084950998	-0,1157422	-0,091519535
41716	393,41211	-200,45987	-200,50217	-0,55241358	-0,0084262919	-0,11567362	-0,09140756
41716	393,91211	-202,40987	-202,46689	-0,55691826	-0,0084264334	-0,1157527	-0,091508768
41716	394,41211	-204,35986	-204,37117	-0,56058615	-0,0085036978	-0,1157254	-0,091534667
41716	394,91211	-206,30988	-206,31566	-0,56509745	-0,0084474757	-0,11573081	-0,091469787
41716	395,41211	-208,25987	-208,32588	-0,56913722	-0,0084266756	-0,11568986	-0,091528833
41716	395,91211	-210,20987	-210,25459	-0,57289153	-0,008515697	-0,11566328	-0,091546208
41716	396,41211	-212,15987	-212,18645	-0,57731497	-0,00847321	-0,11570165	-0,091441028
41716	396,91211	-214,10986	-214,12534	-0,58185458	-0,0085002184	-0,11574544	-0,091518901
41716	397,41211	-216,05988	-216,12863	-0,58576018	-0,0084948856	-0,11578242	-0,091440909
41716	397,91211	-218,00987	-218,03383	-0,5900569	-0,0084911231	-0,11576377	-0,091428816
41716	398,41211	-219,95987	-220,0394	-0,59464347	-0,0085193161	-0,11571099	-0,091499634
41716	398,91211	-221,90987	-222,02029	-0,59891343	-0,0084752273	-0,11568852	-0,091417693
41716	399,41211	-223,85986	-223,88533	-0,60261488	-0,008465074	-0,11574693	-0,091419935
41716	399,91211	-225,80988	-225,86021	-0,60678869	-0,0084678326	-0,11573707	-0,091489546
41716	400,41211	-227,75987	-227,83519	-0,61109138	-0,0084727146	-0,11563464	-0,091462635
41716	400,91211	-229,70987	-229,77592	-0,61557662	-0,0084571037	-0,11565289	-0,091389306
41716	401,41211	-231,65987	-231,72437	-0,61965734	-0,0085071214	-0,11563818	-0,091451414
41716	401,91211	-233,60986	-233,68704	-0,62355328	-0,0084616877	-0,11568001	-0,091424465
41716	402,41211	-235,55988	-235,61554	-0,62823743	-0,0084783398	-0,11567901	-0,091498017
41716	402,91211	-237,50987	-237,58984	-0,63206923	-0,0086024925	-0,11570784	-0,091400422
41716	403,41211	-239,45987	-239,5069	-0,63629973	-0,008481279	-0,11571363	-0,091392346
41716	403,91211	-241,40987	-241,44608	-0,64061356	-0,0084731299	-0,11573212	-0,09152697
41716	404,41211	-243,35986	-243,44597	-0,64456612	-0,008514056	-0,11558101	-0,091454476
41716	404,91211	-245,30988	-245,37685	-0,64873028	-0,0085113775	-0,11559677	-0,091462649
41716	405,41211	-247,25987	-247,31462	-0,65333992	-0,0084573571	-0,11557323	-0,091379836
41716	405,91211	-249,20987	-249,27785	-0,65757632	-0,0084317364	-0,11564498	-0,091452636
41716	406,41211	-251,15987	-251,22417	-0,66222322	-0,0084677096	-0,11567576	-0,091414727
41716	406,91211	-253,10986	-253,18277	-0,6660223	-0,0084679257	-0,11563601	-0,091445573
41716	407,41211	-255,05988	-255,14177	-0,66989809	-0,0084843803	-0,1156663	-0,091410488
41716	407,91211	-257,00986	-257,06451	-0,67396313	-0,0084430892	-0,11572146	-0,091427483
41716	408,41211	-258,95987	-259,05606	-0,67880225	-0,0084685422	-0,11561958	-0,091478139
41716	408,91211	-260,90988	-260,97006	-0,68282783	-0,0084541962	-0,11564761	-0,091391489
41716	409,41211	-262,85986	-262,94193	-0,6877318	-0,0084373672	-0,11562243	-0,09144716
41716	409,91211	-264,80988	-264,88013	-0,69132298	-0,0084925294	-0,11557975	-0,091502212
41716	410,41211	-266,75986	-266,83478	-0,69649518	-0,0084427167	-0,11556862	-0,091449209
41716	410,91211	-268,70987	-268,7796	-0,70002902	-0,0084995199	-0,115573	-0,091489546
41716	411,41211	-270,65988	-270,73679	-0,70433617	-0,0085124951	-0,11559151	-0,09147203
41716	411,91211	-272,60986	-272,66379	-0,70842355	-0,0084311105	-0,11556126	-0,091349155
41716	412,41211	-274,55988	-274,62943	-0,71320832	-0,0084654447	-0,11553045	-0,091452785
41716	412,91211	-276,50986	-276,54327	-0,71763545	-0,00844381	-0,11561168	-0,091413416
41716	413,41211	-278,45987	-278,53409	-0,72147322	-0,008420689	-0,11559169	-0,091478087
41716	413,91211	-280,40988	-280,46054	-0,7259376	-0,0084411558	-0,11555174	-0,091464058
41716	414,41211	-282,35986	-282,44022	-0,73065984	-0,0084524248	-0,1155775	-0,091400489
41716	414,91211	-284,30988	-284,39896	-0,73466527	-0,0084088258	-0,11555383	-0,091370195
41716	415,41211	-286,25986	-286,34177	-0,73861629	-0,0084341392	-0,11559828	-0,091477208
41716	415,91211	-288,20987	-288,29636	-0,74371845	-0,0084562823	-0,11562436	-0,091471575
41716	416,41211	-290,15988	-290,23364	-0,74748397	-0,0084334426	-0,11559165	-0,091375619
41716	416,91211	-291,68332	-291,79959	-0,75155497	-0,0084469747	-0,11554003	-0,091423169

Datenerfassung						Zeit:	417,33105	s	18.03.2014 17:34:14
Ch 1 Kraft	Ch 1 W2TK Mittel	1944 A	1944 B	1281068
kN	mm	mm	mm	mm
-0,72637016	7,7014047e-05	2,8424065	2,6875293	2,7782867
-291,85062	-0,00010712774	-2,8750284	-0,27700925	-3,1369905
