Datum : 	18.3.2014
Durchmesser :	99
Datum	Laufzeit	Ch 1 Kraft Sollwert	Ch 1 Kraft	Ch 1 Weg	1944 A	1944 B	1281068
d	s	kN	kN	mm	mm	mm	mm
41716	16,105469	-1	-0,99734032	1,341077	0,011605343	-0,013350897	-0,16357233
41716	16,605469	-1	-1,0141935	1,341381	0,011552783	-0,013312366	-0,16355209
41716	17,105469	-1	-0,98526478	1,3410382	0,011618348	-0,013251375	-0,16363211
41716	17,605469	-1	-1,0031406	1,34122	0,011550019	-0,013287313	-0,16358806
41716	18,105469	-1	-1,0203104	1,3412334	0,01153993	-0,013275199	-0,16358034
41716	18,605469	-1	-0,98288804	1,3415627	0,011626819	-0,013315037	-0,16367963
41716	19,105469	-1	-1,0110606	1,3413429	0,011560006	-0,013305906	-0,16360751
41716	19,605469	-1	-0,99942088	1,3413929	0,011601342	-0,013263267	-0,16354898
41716	20,105469	-1	-1,004247	1,340732	0,011538656	-0,013308823	-0,16365938
41716	20,605469	-1	-1,0045991	1,341264	0,011579802	-0,013282739	-0,16362809
41716	21,105469	-1	-1,0056105	1,3412975	0,011539685	-0,01327524	-0,16357246
41716	21,605469	-1	-0,98456442	1,3412192	0,011567259	-0,013222337	-0,16366555
41716	22,105469	-1	-1,0379907	1,341898	0,011528665	-0,013269253	-0,16360144
41716	22,605469	-1	-0,98251551	1,3409935	0,011511924	-0,013234012	-0,16363414
41716	23,105469	-1	-0,99022686	1,3414428	0,011634005	-0,013208125	-0,16371353
41716	23,605469	-1	-1,0163393	1,3416216	0,011639001	-0,013293393	-0,16363567
41716	24,105469	-1	-0,99557078	1,3410628	0,011533575	-0,013241298	-0,16366759
41716	24,605469	-1	-1,0314565	1,3416432	0,011539558	-0,013259955	-0,16364978
41716	25,105469	-1	-1,0062847	1,3413534	0,011630034	-0,013194691	-0,16363086
41716	25,605469	-1	-0,99832749	1,341378	0,011580089	-0,013239197	-0,16372323
41716	26,105469	-2,7481446	-2,6551633	-0,0099174678	-0,00037389621	-0,00087510049	-0,00039212406
41716	26,605469	-4,6981444	-3,9812624	-0,016885251	-0,00073824823	-0,0014289021	-0,00056451559
41716	27,105469	-6,6481447	-6,6372461	-0,030076504	-0,0014362596	-0,0025368929	-0,0013493448
41716	27,605469	-8,5981445	-8,4761333	-0,038967282	-0,0019331016	-0,0033953488	-0,0018710941
41716	28,105469	-10,548144	-10,674282	-0,049371272	-0,0026311055	-0,0042709671	-0,0026459247
41716	28,605469	-12,498145	-12,726419	-0,057595968	-0,0031949542	-0,0051323995	-0,0033495426
41716	29,105469	-14,448145	-14,634387	-0,065127015	-0,0037855841	-0,0058334097	-0,0040367842
41716	29,605469	-16,398146	-16,565052	-0,072735548	-0,0043127201	-0,0065475814	-0,0048077106
41716	30,105469	-18,348145	-18,496603	-0,079507381	-0,0049580373	-0,0073176548	-0,0055337697
41716	30,605469	-20,298145	-20,448576	-0,08668825	-0,0055018961	-0,0080674551	-0,0062157512
41716	31,105469	-22,248144	-22,357357	-0,093267858	-0,0061186068	-0,0087856539	-0,0071312636
41716	31,605469	-24,198145	-24,28644	-0,099669397	-0,0067206919	-0,0095155612	-0,0078338236
41716	32,105469	-26,148146	-26,263048	-0,10637939	-0,0073865242	-0,010274203	-0,0086388886
41716	32,605469	-28,098145	-28,171206	-0,11360645	-0,0079182386	-0,010993157	-0,0094656497
41716	33,105469	-30,048145	-30,114159	-0,11917204	-0,0086117722	-0,011691796	-0,01016736
41716	33,605469	-31,998146	-32,0793	-0,12596995	-0,0092799179	-0,01249701	-0,01101473
41716	34,105469	-33,948147	-34,029243	-0,13177991	-0,0099493954	-0,013193972	-0,011863619
41716	34,605469	-35,898144	-35,969505	-0,13752505	-0,010614434	-0,013960928	-0,012541547
41716	35,105469	-37,848145	-37,912743	-0,14322773	-0,011172576	-0,014735946	-0,013356283
41716	35,605469	-39,798145	-39,857403	-0,14967322	-0,01189003	-0,015479825	-0,014274389
41716	36,105469	-41,748146	-41,801384	-0,15558302	-0,01246064	-0,016206373	-0,015041709
41716	36,605469	-43,698147	-43,769501	-0,16130283	-0,013122549	-0,016971322	-0,0159619
41716	37,105469	-45,648144	-45,726639	-0,16692579	-0,013811534	-0,017722633	-0,016694129
41716	37,605469	-47,598145	-47,65361	-0,17289817	-0,014483787	-0,018494524	-0,017528564
41716	38,105469	-49,548145	-49,63953	-0,17848387	-0,015162079	-0,019270014	-0,018367395
41716	38,605469	-51,498146	-51,542206	-0,18443093	-0,015700798	-0,020110253	-0,019154802
41716	39,105469	-53,448147	-53,525246	-0,18919483	-0,01644285	-0,0207981	-0,02001752
41716	39,605469	-55,398148	-55,49461	-0,1953885	-0,017163062	-0,021587005	-0,020989418
41716	40,105469	-57,348145	-57,394253	-0,20062178	-0,017756814	-0,022374112	-0,021663427
41716	40,605469	-59,298145	-59,356014	-0,20608231	-0,018468048	-0,023083782	-0,022394329
41716	41,105469	-61,248146	-61,309196	-0,21167919	-0,019194629	-0,023837171	-0,023346931
41716	41,605469	-63,198147	-63,238667	-0,21739677	-0,019778855	-0,024652375	-0,024158001
41716	42,105469	-65,148148	-65,217697	-0,22283196	-0,0205047	-0,025388468	-0,02496545
41716	42,605469	-67,098145	-67,170151	-0,22814125	-0,021188213	-0,026197629	-0,025785357
41716	43,105469	-69,048149	-69,138336	-0,23340508	-0,021889634	-0,027024388	-0,026639089
41716	43,605469	-70,998146	-71,038055	-0,23866519	-0,022496335	-0,02772519	-0,027643338
41716	44,105469	-72,948143	-73,020752	-0,24429634	-0,023225328	-0,028519109	-0,028352097
41716	44,605469	-74,898148	-74,979225	-0,2494283	-0,023957096	-0,029321317	-0,02920492
41716	45,105469	-76,848145	-76,909279	-0,25450662	-0,024578605	-0,030141987	-0,029997692
41716	45,605469	-78,798149	-78,882652	-0,2598621	-0,0252441	-0,030857932	-0,030763283
41716	46,105469	-80,748146	-80,78215	-0,26440993	-0,025960851	-0,031682789	-0,031619608
41716	46,605469	-82,698143	-82,737358	-0,26982203	-0,026632294	-0,032460716	-0,032513544
41716	47,105469	-84,648148	-84,687416	-0,27555302	-0,027337335	-0,033227846	-0,033354551
41716	47,605469	-86,598145	-86,653664	-0,27979165	-0,027941763	-0,034060858	-0,034077689
41716	48,105469	-88,548149	-88,5868	-0,28553903	-0,028721552	-0,034806065	-0,034974709
41716	48,605469	-90,498146	-90,550865	-0,2899982	-0,02941265	-0,035622261	-0,035785586
41716	49,105469	-92,448143	-92,505371	-0,29566884	-0,030102657	-0,036393061	-0,036513925
41716	49,605469	-94,398148	-94,466866	-0,30019283	-0,030749012	-0,037191816	-0,037499011
41716	50,105469	-96,348145	-96,423965	-0,30503199	-0,031531941	-0,037980612	-0,038288206
41716	50,605469	-98,298149	-98,327118	-0,31036735	-0,032138377	-0,038825151	-0,039122134
41716	51,105469	-100,24815	-100,30414	-0,31500384	-0,032874048	-0,039551623	-0,039913088
41716	51,605469	-102,19815	-102,26532	-0,31996369	-0,033600736	-0,040440742	-0,040705726
41716	52,105469	-104,14815	-104,1952	-0,32472238	-0,034242023	-0,041269131	-0,041599542
41716	52,605469	-106,09814	-106,15514	-0,33028796	-0,035033438	-0,041999638	-0,042433172
41716	53,105469	-108,04815	-108,07336	-0,33492446	-0,035703782	-0,042743113	-0,043227315
41716	53,605469	-109,99815	-110,04795	-0,33958256	-0,036405839	-0,043531556	-0,044066727
41716	54,105469	-111,94815	-111,99734	-0,34465268	-0,037112311	-0,044399276	-0,044892415
41716	54,605469	-113,89815	-113,94312	-0,34927651	-0,037866738	-0,045160301	-0,045630828
41716	55,105469	-115,84814	-115,88639	-0,35368726	-0,038532674	-0,045966249	-0,046545565
41716	55,605469	-117,79815	-117,81535	-0,35839528	-0,039184552	-0,046786159	-0,047324389
41716	56,105469	-119,74815	-119,81232	-0,36361888	-0,039939329	-0,047603685	-0,048118725
41716	56,605469	-121,69815	-121,72781	-0,36822483	-0,040672105	-0,048378058	-0,049089029
41716	57,105469	-123,64815	-123,67757	-0,37345514	-0,041361783	-0,049185611	-0,049858555
41716	57,605469	-125,59814	-125,66438	-0,37769973	-0,04205586	-0,050020486	-0,050625756
41716	58,105469	-127,54815	-127,59652	-0,38228408	-0,04281633	-0,050853677	-0,051512077
41716	58,605469	-129,49815	-129,5412	-0,38707107	-0,043533247	-0,051605433	-0,052255392
41716	59,105469	-131,44815	-131,47911	-0,39181113	-0,044286013	-0,052505672	-0,053251386
41716	59,605469	-133,39815	-133,43922	-0,39668605	-0,045023005	-0,053180117	-0,054009542
41716	60,105469	-135,34814	-135,41656	-0,40163696	-0,045719586	-0,054065887	-0,054845631
41716	60,605469	-137,29814	-137,36697	-0,40603057	-0,046481404	-0,054894421	-0,055698335
41716	61,105469	-139,24815	-139,32208	-0,4102923	-0,047217146	-0,05564769	-0,05647777
41716	61,605469	-141,19815	-141,25156	-0,41508451	-0,047887892	-0,056451719	-0,057212427
41716	62,105469	-143,14815	-143,21544	-0,41969419	-0,048662178	-0,057247762	-0,058173582
41716	62,605469	-145,09814	-145,1618	-0,42405352	-0,049361099	-0,058140777	-0,058956847
41716	63,105469	-147,04814	-147,0983	-0,42882711	-0,050019991	-0,058838759	-0,059761718
41716	63,605469	-148,99815	-149,04408	-0,43358877	-0,050855692	-0,059698608	-0,060666725
41716	64,105469	-150,94815	-151,00858	-0,43782368	-0,051589467	-0,060521193	-0,061446771
41716	64,605469	-152,89815	-152,94945	-0,44247732	-0,052269638	-0,06135587	-0,062301189
41716	65,105469	-154,84814	-154,9182	-0,44673458	-0,05308136	-0,06220144	-0,063070461
41716	65,605469	-156,79814	-156,83792	-0,45122057	-0,053759847	-0,062912852	-0,063828483
41716	66,105469	-158,74815	-158,80711	-0,4558973	-0,054558054	-0,063721396	-0,06489791
41716	66,605469	-160,69815	-160,79907	-0,46052784	-0,055295713	-0,064597115	-0,065579101
41716	67,105469	-159,36992	-159,46854	-0,45913085	-0,054965049	-0,06433931	-0,06533879
41716	67,605469	-157,41992	-157,47556	-0,45528263	-0,054479457	-0,063889533	-0,064862654
41716	68,105469	-155,46992	-155,50317	-0,45192763	-0,05401019	-0,06324248	-0,064190999
41716	68,605469	-153,51993	-153,50342	-0,44823065	-0,053417563	-0,062656231	-0,063574836
41716	69,105469	-151,56992	-151,55881	-0,44478327	-0,052956782	-0,062046528	-0,063138515
41716	69,605469	-149,61992	-149,55989	-0,44158548	-0,052211639	-0,061494879	-0,062383488
41716	70,105469	-147,66992	-147,62471	-0,43767542	-0,051738415	-0,06098298	-0,061775804
41716	70,605469	-145,71992	-145,67456	-0,43380409	-0,051184695	-0,060287941	-0,061178222
41716	71,105469	-143,76993	-143,72719	-0,43031797	-0,050589874	-0,059740983	-0,060551941
41716	71,605469	-141,81992	-141,76511	-0,42639971	-0,050009802	-0,059059739	-0,059851915
41716	72,105469	-139,86992	-139,80246	-0,42265505	-0,049463935	-0,058447689	-0,059344724
41716	72,605469	-137,91992	-137,87372	-0,41861385	-0,048870187	-0,057889663	-0,058549613
41716	73,105469	-135,96992	-135,88895	-0,41552857	-0,048167929	-0,057164863	-0,057987705
41716	73,605469	-134,01993	-133,96584	-0,4112713	-0,047636822	-0,056618325	-0,057407826
41716	74,105469	-132,06992	-131,98506	-0,40728748	-0,047046438	-0,055927858	-0,056709871
41716	74,605469	-130,11992	-130,04881	-0,40355772	-0,046402913	-0,055348657	-0,056111887
41716	75,105469	-128,16992	-128,11766	-0,39962381	-0,045874167	-0,054719344	-0,055430546
41716	75,605469	-126,21992	-126,14268	-0,39527044	-0,045238838	-0,054010522	-0,054671124
41716	76,105469	-124,26992	-124,18935	-0,39159358	-0,044637315	-0,05344563	-0,054177985
41716	76,605469	-122,31992	-122,24413	-0,38701892	-0,044038735	-0,052732501	-0,053399146
41716	77,105469	-120,36992	-120,28104	-0,38395226	-0,043409906	-0,052050717	-0,052680761
41716	77,605469	-118,41992	-118,34711	-0,37900358	-0,042817704	-0,051439028	-0,052118495
41716	78,105469	-116,46992	-116,41085	-0,37534833	-0,042221811	-0,050749518	-0,051412389
41716	78,605469	-114,51992	-114,45607	-0,37111267	-0,041632164	-0,050128713	-0,050648093
41716	79,105469	-112,56992	-112,52276	-0,36702082	-0,040983643	-0,049482092	-0,050037667
41716	79,605469	-110,61992	-110,55308	-0,36284924	-0,040278718	-0,048768267	-0,04930678
41716	80,105469	-108,66992	-108,59109	-0,35889	-0,039711054	-0,04812574	-0,048631281
41716	80,605469	-106,71992	-106,61308	-0,35451874	-0,039137464	-0,047360305	-0,047935173
41716	81,105469	-104,76992	-104,69173	-0,35030097	-0,038489617	-0,046774324	-0,047281384
41716	81,605469	-102,81992	-102,78308	-0,34600869	-0,037946146	-0,046051402	-0,046528682
41716	82,105469	-100,86992	-100,7657	-0,34154356	-0,037199549	-0,045356195	-0,045844957
41716	82,605469	-98,919922	-98,853554	-0,3375046	-0,036640994	-0,044735748	-0,045115247
41716	83,105469	-96,969917	-96,886597	-0,33258945	-0,035952095	-0,044003155	-0,044331357
41716	83,605469	-95,01992	-94,939217	-0,32804757	-0,03534025	-0,043360692	-0,043726683
41716	84,105469	-93,069923	-93,000122	-0,32430366	-0,034654301	-0,042653069	-0,042936787
41716	84,605469	-91,119919	-91,034187	-0,31988919	-0,034031071	-0,041951455	-0,042258784
41716	85,105469	-89,169922	-89,093773	-0,31562299	-0,033438124	-0,041299555	-0,041577369
41716	85,605469	-87,219917	-87,136696	-0,31064823	-0,03279601	-0,040526584	-0,040686205
41716	86,105469	-85,26992	-85,205894	-0,30574724	-0,032140113	-0,039898504	-0,040094942
41716	86,605469	-83,319923	-83,247223	-0,30145645	-0,031550564	-0,039158132	-0,039358273
41716	87,105469	-81,369919	-81,298462	-0,29714033	-0,03094276	-0,038488258	-0,038556576
41716	87,605469	-79,419922	-79,346878	-0,29200912	-0,030292951	-0,037872605	-0,037726894
41716	88,105469	-77,469917	-77,381783	-0,28773919	-0,029604901	-0,037006017	-0,037042066
41716	88,605469	-75,51992	-75,442192	-0,28284192	-0,028973255	-0,036322244	-0,036220953
41716	89,105469	-73,569923	-73,516563	-0,27776808	-0,028360507	-0,035663612	-0,035476699
41716	89,605469	-71,619919	-71,537735	-0,27301386	-0,02760547	-0,034987267	-0,034836441
41716	90,105469	-69,669922	-69,631775	-0,26792586	-0,026989384	-0,034254193	-0,033903375
41716	90,605469	-67,719917	-67,653236	-0,26364848	-0,026359219	-0,033428781	-0,033237964
41716	91,105469	-65,76992	-65,711372	-0,25824159	-0,025677126	-0,032749403	-0,032374501
41716	91,605469	-63,81992	-63,73513	-0,25297105	-0,02515577	-0,032016899	-0,031673297
41716	92,105469	-61,869919	-61,811596	-0,24748445	-0,02436929	-0,031262524	-0,030854911
41716	92,605469	-59,919918	-59,854561	-0,24292916	-0,023801239	-0,030442556	-0,029975057
41716	93,105469	-57,969921	-57,916676	-0,23751333	-0,023064805	-0,029785119	-0,029211164
41716	93,605469	-56,01992	-55,96019	-0,23091361	-0,022414215	-0,029010909	-0,028494582
41716	94,105469	-54,06992	-53,996376	-0,22608116	-0,021684546	-0,028238645	-0,027575687
41716	94,605469	-52,119919	-52,058056	-0,22099614	-0,021066062	-0,027475875	-0,026807159
41716	95,105469	-50,169918	-50,076675	-0,21510273	-0,020344095	-0,026720978	-0,026004866
41716	95,605469	-48,219917	-48,142834	-0,20941719	-0,01970832	-0,026012994	-0,025191933
41716	96,105469	-46,26992	-46,208393	-0,20381734	-0,019008497	-0,02514247	-0,024381906
41716	96,605469	-44,31992	-44,22963	-0,19804537	-0,018206699	-0,024435759	-0,023466751
41716	97,105469	-42,369919	-42,319275	-0,19310042	-0,01759886	-0,023645015	-0,022662446
41716	97,605469	-40,419918	-40,344204	-0,18679872	-0,016834537	-0,022847746	-0,021835044
41716	98,105469	-38,469917	-38,402287	-0,18082112	-0,016225901	-0,022118203	-0,020960823
41716	98,605469	-36,51992	-36,450554	-0,17482564	-0,015528182	-0,0213219	-0,020090267
41716	99,105469	-34,56992	-34,509563	-0,16891137	-0,014811099	-0,020491229	-0,019382015
41716	99,605469	-32,619919	-32,567577	-0,16263872	-0,014114931	-0,019720446	-0,018427476
41716	100,10547	-30,669918	-30,572714	-0,15611872	-0,013358889	-0,018931692	-0,017507032
41716	100,60547	-28,719919	-28,657495	-0,14938712	-0,012673339	-0,01810272	-0,016802981
41716	101,10547	-26,769918	-26,70565	-0,14347434	-0,012121497	-0,017317535	-0,015808821
41716	101,60547	-24,819918	-24,722221	-0,13582781	-0,011343746	-0,016507858	-0,014922127
41716	102,10547	-22,869919	-22,825472	-0,1293622	-0,010659728	-0,015705317	-0,014118791
41716	102,60547	-20,919918	-20,8465	-0,12283921	-0,0099585671	-0,014772199	-0,013050988
41716	103,10547	-18,969919	-18,897301	-0,11522323	-0,0092218928	-0,013956489	-0,012169912
41716	103,60547	-17,019918	-16,966215	-0,10792315	-0,0086128935	-0,013124438	-0,011391431
41716	104,10547	-15,069919	-14,994691	-0,100822	-0,0078493878	-0,012235492	-0,010429576
41716	104,60547	-13,119918	-13,05061	-0,092754513	-0,0071679056	-0,011328753	-0,0096021742
41716	105,10547	-11,169918	-11,139226	-0,084014982	-0,0064920522	-0,010479646	-0,0087201744
41716	105,60547	-9,2199183	-9,1380835	-0,075872988	-0,0057318807	-0,0095423758	-0,0078528672
41716	106,10547	-7,269918	-7,2354598	-0,066059828	-0,0050582215	-0,0085668489	-0,0069934428
41716	106,60547	-5,3199182	-5,4790282	-0,057221949	-0,0045049563	-0,0075630434	-0,006291315
41716	107,10547	-3,3699181	-3,6622417	-0,04657805	-0,0038925074	-0,0066270269	-0,0055728406
41716	107,60547	-1,4199179	-1,5556346	-0,031258166	-0,0031891875	-0,0052988119	-0,004941538
41716	108,10547	-2,5120118	-2,0339787	-0,032623857	-0,0032822862	-0,0053238124	-0,004988417
41716	108,60547	-4,4620118	-3,8894267	-0,044468045	-0,003647577	-0,0062172264	-0,0054398179
41716	109,10547	-6,4120116	-5,9722567	-0,05447045	-0,0042737499	-0,0071383864	-0,0060251653
41716	109,60547	-8,3620119	-8,2645435	-0,065499544	-0,0049859323	-0,0081234351	-0,0067750365
41716	110,10547	-10,312012	-10,386969	-0,075098872	-0,0055235289	-0,0089377835	-0,0075685382
41716	110,60547	-12,262012	-12,351346	-0,081952661	-0,0061536282	-0,009674836	-0,0083825439
41716	111,10547	-14,212012	-14,303367	-0,08867532	-0,0067697838	-0,010431372	-0,0091921091
41716	111,60547	-16,162012	-16,216808	-0,096553564	-0,0073428936	-0,011141056	-0,0097519606
41716	112,10547	-18,112013	-18,179665	-0,10308847	-0,0080024004	-0,012017088	-0,010715544
41716	112,60547	-20,062012	-20,12657	-0,10909364	-0,0085030533	-0,012693245	-0,011479467
41716	113,10547	-22,012012	-22,08309	-0,11633039	-0,0091243833	-0,013451871	-0,012223065
41716	113,60547	-23,962011	-24,023102	-0,12263432	-0,0098229591	-0,014137203	-0,013120443
41716	114,10547	-25,912012	-25,964901	-0,12913495	-0,01047251	-0,014848469	-0,013982654
41716	114,60547	-27,862013	-27,924334	-0,13533309	-0,011087354	-0,015586052	-0,014683083
41716	115,10547	-29,812012	-29,867531	-0,14112517	-0,011647349	-0,016330017	-0,01554215
41716	115,60547	-31,762012	-31,828167	-0,14688224	-0,012321055	-0,017053412	-0,016395092
41716	116,10547	-33,712013	-33,76022	-0,15367195	-0,013009543	-0,017798712	-0,017263025
41716	116,60547	-35,662014	-35,703316	-0,15905723	-0,013565453	-0,018473979	-0,018046811
41716	117,10547	-37,612011	-37,681145	-0,16466826	-0,014285311	-0,01932748	-0,018843204
41716	117,60547	-39,562012	-39,606155	-0,170926	-0,014892731	-0,019986277	-0,019606069
41716	118,10547	-41,512012	-41,573952	-0,17643943	-0,015522078	-0,020725699	-0,020508647
41716	118,60547	-43,462013	-43,548557	-0,18191859	-0,016246116	-0,021513507	-0,021288365
41716	119,10547	-45,412014	-45,449799	-0,18785	-0,016821016	-0,022218032	-0,022032335
41716	119,60547	-47,362011	-47,418926	-0,19314736	-0,017490568	-0,023038387	-0,023000047
41716	120,10547	-49,312012	-49,369884	-0,1989536	-0,018181529	-0,0236887	-0,023781478
41716	120,60547	-51,262012	-51,332634	-0,20441934	-0,018807525	-0,024531322	-0,024564162
41716	121,10547	-53,212013	-53,281944	-0,20977333	-0,019537874	-0,025215324	-0,025476828
41716	121,60547	-55,162014	-55,231125	-0,21505356	-0,020075316	-0,025955196	-0,026136547
41716	122,10547	-57,112015	-57,170437	-0,22094995	-0,02078009	-0,026668491	-0,026917517
41716	122,60547	-59,062012	-59,108578	-0,22574738	-0,02136643	-0,027489275	-0,027749315
41716	123,10547	-61,012012	-61,091827	-0,23064315	-0,022053534	-0,028226499	-0,02851893
41716	123,60547	-62,962013	-63,023247	-0,2360031	-0,022689762	-0,028913472	-0,029269338
41716	124,10547	-64,91201	-64,948357	-0,2411589	-0,023293843	-0,029709354	-0,030076861
41716	124,60547	-66,862015	-66,926216	-0,24615154	-0,023982316	-0,030456103	-0,030873895
41716	125,10547	-68,812012	-68,901733	-0,25098771	-0,024562282	-0,031218646	-0,031702399
41716	125,60547	-70,762016	-70,814957	-0,25668517	-0,02520214	-0,031963713	-0,032432109
41716	126,10547	-72,712013	-72,766701	-0,26072264	-0,025929131	-0,03266421	-0,033180729
41716	126,60547	-74,66201	-74,714409	-0,26607215	-0,026638245	-0,033355191	-0,034029692
41716	127,10547	-76,612015	-76,637978	-0,27136132	-0,027148327	-0,034139264	-0,034886926
41716	127,60547	-78,562012	-78,657402	-0,27613565	-0,0278407	-0,034894921	-0,035575345
41716	128,10547	-80,512016	-80,56295	-0,2811484	-0,028428178	-0,035608865	-0,036376685
41716	128,60547	-82,462013	-82,528709	-0,2866067	-0,029113781	-0,036318056	-0,037205681
41716	129,10547	-84,41201	-84,457558	-0,29012412	-0,029732808	-0,037057042	-0,037845403
41716	129,60547	-86,362015	-86,398705	-0,29545724	-0,030461051	-0,037854642	-0,038806662
41716	130,10547	-88,312012	-88,395325	-0,300093	-0,031088235	-0,03862308	-0,039431825
41716	130,60547	-90,262016	-90,297783	-0,30566454	-0,031670775	-0,039264649	-0,040134102
41716	131,10547	-92,212013	-92,263824	-0,30999705	-0,032373365	-0,040017694	-0,041055381
41716	131,60547	-94,16201	-94,222427	-0,31438023	-0,033022404	-0,040786654	-0,041739076
41716	132,10547	-96,112015	-96,17379	-0,31936318	-0,033632737	-0,041482065	-0,042500123
41716	132,60547	-98,062012	-98,13282	-0,32400861	-0,034339607	-0,042294845	-0,043267354
41716	133,10547	-100,01202	-100,03883	-0,32891184	-0,034911081	-0,043037422	-0,044046357
41716	133,60547	-101,96201	-102,01329	-0,33276379	-0,035566419	-0,043652013	-0,044745341
41716	134,10547	-103,91202	-103,94215	-0,33733323	-0,036288921	-0,044430837	-0,045486182
41716	134,60547	-105,86201	-105,90143	-0,3422074	-0,036909912	-0,045216046	-0,0462614
41716	135,10547	-107,81201	-107,89315	-0,34647584	-0,037586711	-0,045935102	-0,046927378
41716	135,60547	-109,76202	-109,78406	-0,35179183	-0,038147658	-0,046674952	-0,047788441
41716	136,10547	-111,71201	-111,78013	-0,35617054	-0,038919307	-0,047409683	-0,048485398
41716	136,60547	-113,66202	-113,71295	-0,36030486	-0,039522629	-0,048110407	-0,049209371
41716	137,10547	-115,61201	-115,65945	-0,36473051	-0,040185932	-0,048879392	-0,049941704
41716	137,60547	-117,56201	-117,62061	-0,36967173	-0,040792469	-0,049654357	-0,050665066
41716	138,10547	-119,51202	-119,55244	-0,37334263	-0,041489143	-0,050368376	-0,051453069
41716	138,60547	-121,46201	-121,52401	-0,37832037	-0,042198211	-0,051046859	-0,052312821
41716	139,10547	-123,41202	-123,48977	-0,38267374	-0,042710025	-0,051798254	-0,053007632
41716	139,60547	-125,36201	-125,35457	-0,38646683	-0,043398343	-0,052485853	-0,053749606
41716	140,10547	-127,31201	-127,29019	-0,39096475	-0,04403979	-0,053294219	-0,054417014
41716	140,60547	-129,26201	-129,26625	-0,39539188	-0,044708155	-0,053957928	-0,055192947
41716	141,10547	-131,21202	-131,22588	-0,3999643	-0,045398328	-0,054692701	-0,055918932
41716	141,60547	-133,16202	-133,19881	-0,40451512	-0,046082839	-0,055422895	-0,056639016
41716	142,10547	-135,11201	-135,18777	-0,40867254	-0,046728406	-0,056105401	-0,057421595
41716	142,60547	-137,06201	-137,1064	-0,41274428	-0,047241844	-0,05684584	-0,058138505
41716	143,10547	-139,01201	-139,06551	-0,41722655	-0,048041485	-0,057596698	-0,058871925
41716	143,60547	-140,96202	-141,02713	-0,42138323	-0,04864794	-0,058385491	-0,059699014
41716	144,10547	-142,91202	-142,96725	-0,42549223	-0,049265437	-0,059043877	-0,060360372
41716	144,60547	-144,86201	-144,91739	-0,42988434	-0,049941722	-0,059761941	-0,061038584
41716	145,10547	-146,81201	-146,85939	-0,4340589	-0,050542213	-0,060515311	-0,061888009
41716	145,60547	-148,76201	-148,84924	-0,43843687	-0,051277481	-0,061325211	-0,062574357
41716	146,10547	-150,71202	-150,77344	-0,44282228	-0,0518336	-0,061933573	-0,063268632
41716	146,60547	-152,66202	-152,75002	-0,44666752	-0,052553687	-0,062777765	-0,064074084
41716	147,10547	-154,61201	-154,68513	-0,45099258	-0,053214196	-0,063466519	-0,064786524
41716	147,60547	-156,56201	-156,59702	-0,454624	-0,053988289	-0,064238161	-0,065539345
41716	148,10547	-158,51201	-158,59932	-0,4595384	-0,054636918	-0,064970896	-0,06633608
41716	148,60547	-159,5544	-159,76476	-0,46214089	-0,055008888	-0,065454714	-0,066767991
41716	149,10547	-157,6044	-157,70117	-0,45906231	-0,054510564	-0,06492649	-0,066246867
41716	149,60547	-155,65439	-155,73198	-0,45507401	-0,054024253	-0,064305454	-0,065718204
41716	150,10547	-153,70439	-153,72116	-0,45174062	-0,053357285	-0,063721605	-0,064998329
41716	150,60547	-151,75439	-151,75316	-0,44786632	-0,052809142	-0,063079908	-0,064352721
41716	151,10547	-149,8044	-149,77271	-0,44476241	-0,052214548	-0,062501878	-0,06366156
41716	151,60547	-147,8544	-147,81407	-0,44067055	-0,0516035	-0,061899006	-0,063125238
41716	152,10547	-145,90439	-145,85539	-0,43688565	-0,051006783	-0,06129605	-0,062568799
41716	152,60547	-143,95439	-143,89256	-0,43281764	-0,050499268	-0,06069731	-0,061893538
41716	153,10547	-142,00439	-141,95518	-0,42962059	-0,049909391	-0,060067534	-0,061230883
41716	153,60547	-140,0544	-140,00136	-0,4260987	-0,049311113	-0,059433222	-0,060641542
41716	154,10547	-138,1044	-138,06825	-0,4219763	-0,048811313	-0,058822915	-0,059956774
41716	154,60547	-136,15439	-136,05971	-0,4173398	-0,04804796	-0,05824694	-0,05921337
41716	155,10547	-134,20439	-134,13008	-0,41397586	-0,047568388	-0,057527281	-0,058645189
41716	155,60547	-132,25439	-132,1954	-0,41053146	-0,046931565	-0,056892619	-0,057939053
41716	156,10547	-130,3044	-130,23048	-0,40686503	-0,046383012	-0,056305058	-0,057386249
41716	156,60547	-128,3544	-128,27747	-0,40246025	-0,045762997	-0,055628359	-0,056698248
41716	157,10547	-126,4044	-126,33241	-0,39837435	-0,04517705	-0,054997224	-0,055964261
41716	157,60547	-124,45439	-124,39559	-0,39516985	-0,044499096	-0,05437278	-0,055361688
41716	158,10547	-122,50439	-122,41007	-0,39071068	-0,043918658	-0,053710911	-0,054692507
41716	158,60547	-120,55439	-120,48371	-0,38694218	-0,043357302	-0,053090356	-0,053897068
41716	159,10547	-118,60439	-118,51492	-0,3824763	-0,042686198	-0,05236131	-0,053281739
41716	159,60547	-116,6544	-116,57312	-0,37864819	-0,042138007	-0,051752962	-0,052713245
41716	160,10547	-114,70439	-114,65608	-0,37430599	-0,041481994	-0,051040005	-0,051944762
41716	160,60547	-112,75439	-112,69534	-0,36991313	-0,040843721	-0,050410338	-0,051208586
41716	161,10547	-110,80439	-110,73026	-0,36564767	-0,040260904	-0,049775295	-0,050595224
41716	161,60547	-108,85439	-108,75417	-0,36171526	-0,039561953	-0,049045008	-0,049874336
41716	162,10547	-106,9044	-106,82648	-0,35766512	-0,039034281	-0,048401371	-0,049175903
41716	162,60547	-104,95439	-104,87392	-0,35322607	-0,038392372	-0,047684908	-0,048556268
41716	163,10547	-103,00439	-102,9324	-0,34899414	-0,037700012	-0,047055576	-0,047690719
41716	163,60547	-101,05439	-101,01114	-0,34451485	-0,037263863	-0,046310458	-0,047056377
41716	164,10547	-99,104393	-99,027206	-0,34104586	-0,036518924	-0,045601334	-0,046362773
41716	164,60547	-97,154396	-97,096382	-0,33636615	-0,035880383	-0,045036267	-0,04565227
41716	165,10547	-95,204391	-95,104271	-0,33192113	-0,035214946	-0,044314727	-0,045009077
41716	165,60547	-93,254395	-93,162949	-0,32740012	-0,034640159	-0,04357399	-0,044240355
41716	166,10547	-91,30439	-91,240524	-0,32337233	-0,033948321	-0,042956013	-0,043393478
41716	166,60547	-89,354393	-89,277031	-0,31869635	-0,033361617	-0,042198163	-0,042725444
41716	167,10547	-87,404396	-87,320183	-0,31424239	-0,032719165	-0,041543618	-0,041979089
41716	167,60547	-85,454391	-85,380661	-0,30947477	-0,032012191	-0,040809859	-0,041228935
41716	168,10547	-83,504395	-83,430779	-0,30481368	-0,031463895	-0,040051226	-0,040562093
41716	168,60547	-81,55439	-81,472771	-0,30020773	-0,030808214	-0,039372988	-0,039756611
41716	169,10547	-79,604393	-79,553535	-0,29615164	-0,030146927	-0,038609449	-0,038945913
41716	169,60547	-77,654396	-77,565193	-0,29041916	-0,02953079	-0,037969127	-0,038205728
41716	170,10547	-75,704391	-75,628548	-0,28598234	-0,028889418	-0,037249018	-0,037423044
41716	170,60547	-73,754395	-73,677536	-0,28115585	-0,028212052	-0,036520794	-0,036747009
41716	171,10547	-71,80439	-71,705894	-0,27606562	-0,027571287	-0,035762839	-0,035886794
41716	171,60547	-69,854393	-69,771339	-0,2711989	-0,026991086	-0,035023332	-0,035156041
41716	172,10547	-67,904396	-67,820183	-0,26672855	-0,026290782	-0,034299392	-0,034406289
41716	172,60547	-65,954391	-65,880638	-0,26116297	-0,025600843	-0,033540707	-0,033662245
41716	173,10547	-64,004395	-63,905125	-0,25620982	-0,024907937	-0,032778706	-0,03277722
41716	173,60547	-62,054394	-62,000378	-0,25118738	-0,024368344	-0,032025967	-0,032042712
41716	174,10547	-60,104393	-60,021473	-0,24602786	-0,023621934	-0,031307351	-0,031191275
41716	174,60547	-58,154392	-58,098438	-0,24075285	-0,022979176	-0,030519579	-0,030346349
41716	175,10547	-56,204391	-56,167648	-0,23537949	-0,022325981	-0,029857501	-0,029672682
41716	175,60547	-54,254391	-54,168766	-0,22991598	-0,021616893	-0,028973334	-0,028690368
41716	176,10547	-52,304394	-52,235191	-0,22386089	-0,020948289	-0,028278362	-0,027868062
41716	176,60547	-50,354393	-50,260277	-0,21912381	-0,020240722	-0,027572939	-0,027164549
41716	177,10547	-48,404392	-48,326538	-0,21288767	-0,019586967	-0,026766237	-0,026329786
41716	177,60547	-46,454391	-46,37669	-0,20821616	-0,018853085	-0,026040748	-0,025451511
41716	178,10547	-44,504391	-44,438805	-0,20170733	-0,01819035	-0,025201544	-0,024626434
41716	178,60547	-42,55439	-42,497894	-0,19612908	-0,017529914	-0,024449827	-0,023759156
41716	179,10547	-40,604393	-40,516193	-0,19003823	-0,016861718	-0,023685291	-0,022858307
41716	179,60547	-38,654392	-38,614849	-0,18413067	-0,016165793	-0,022936543	-0,022001207
41716	180,10547	-36,704391	-36,604992	-0,17813891	-0,015412426	-0,022147324	-0,021136776
41716	180,60547	-34,754391	-34,672451	-0,17170683	-0,014756203	-0,021296168	-0,020219401
41716	181,10547	-32,80439	-32,735001	-0,16608015	-0,013995882	-0,020506889	-0,019399405
41716	181,60547	-30,854391	-30,774717	-0,15910864	-0,013379589	-0,0196635	-0,018535167
41716	182,10547	-28,904392	-28,852034	-0,15334934	-0,012784904	-0,018910309	-0,017571554
41716	182,60547	-26,954391	-26,890667	-0,14660656	-0,012006845	-0,018037118	-0,016783983
41716	183,10547	-25,004391	-24,922571	-0,14012456	-0,011283485	-0,017264957	-0,015741035
41716	183,60547	-23,054392	-22,970676	-0,13336167	-0,010552933	-0,016409172	-0,014940351
41716	184,10547	-21,104391	-21,041143	-0,12652725	-0,0098837446	-0,01551093	-0,014119834
41716	184,60547	-19,15439	-19,098886	-0,11885762	-0,0091978684	-0,014701959	-0,013103172
41716	185,10547	-17,204391	-17,134644	-0,11201724	-0,0084702484	-0,013781615	-0,012287483
41716	185,60547	-15,254391	-15,214944	-0,10427982	-0,0078543797	-0,012927823	-0,0113585
41716	186,10547	-13,304391	-13,226087	-0,095824897	-0,0071328506	-0,011988368	-0,010397762
41716	186,60547	-11,354391	-11,287154	-0,088480115	-0,0064134933	-0,01111557	-0,0096835196
41716	187,10547	-9,4043913	-9,3582726	-0,079698861	-0,0058956482	-0,010153448	-0,0086330026
41716	187,60547	-7,454391	-7,400929	-0,070752949	-0,0051343776	-0,0091998614	-0,0077519268
41716	188,10547	-5,5043907	-5,6211519	-0,061050057	-0,0046012029	-0,0081930347	-0,0070630461
41716	188,60547	-3,5543907	-4,1289964	-0,052297115	-0,0040686317	-0,0073855408	-0,0064994693
41716	189,10547	-1,6043906	-1,8342733	-0,036512315	-0,003546983	-0,0059828646	-0,0056589693
41716	189,60547	-1	-0,89401376	-0,027674437	-0,0031781979	-0,0052168779	-0,0053474903
41716	190,10547	-1	-0,82046914	-0,026252121	-0,0031385645	-0,0051325634	-0,005261004
41716	190,60547	-1	-0,80044383	-0,025132298	-0,0030656345	-0,0049973615	-0,0051257014
41716	191,10547	-1	-0,84566885	-0,025046617	-0,0030471049	-0,0050320439	-0,0051269978
41716	191,60547	-1	-0,89775026	-0,025805831	-0,003076978	-0,0050005913	-0,005071789
41716	192,10547	-1	-0,88724679	-0,025316328	-0,003061723	-0,0050004013	-0,0050119013
41716	192,60547	-1	-0,92693603	-0,025736541	-0,0030822195	-0,0049798265	-0,0051146895
41716	193,10547	-1	-0,92570299	-0,026138127	-0,0029531084	-0,0049946867	-0,0051392466
41716	193,60547	-1	-0,96444225	-0,026091188	-0,0029516853	-0,0049620084	-0,0051106662
41716	194,10547	-1	-0,98731929	-0,025759637	-0,0029488541	-0,0049391277	-0,0050233006
41716	194,60547	-1	-0,95737725	-0,025171041	-0,002909977	-0,0049215965	-0,0050014108
41716	195,10547	-1	-0,98267567	-0,025894493	-0,0029115416	-0,0049257018	-0,0050621629
41716	195,60547	-1	-0,9695012	-0,025542825	-0,0028715841	-0,0048873797	-0,0049650073
41716	196,10547	-1	-0,98836422	-0,026174635	-0,0029317848	-0,0049137622	-0,0049245805
41716	196,60547	-1	-1,0121707	-0,025749207	-0,0029487014	-0,0049118362	-0,005000785
41716	197,10547	-1	-0,97355247	-0,025960058	-0,0028503723	-0,0048268288	-0,0050288737
41716	197,60547	-1	-0,99237633	-0,025632232	-0,0029005334	-0,0048309192	-0,0048610568
41716	198,10547	-1	-0,98191762	-0,025396794	-0,0028488897	-0,0047953427	-0,0049745888
41716	198,60547	-1	-0,97888523	-0,025302917	-0,0028404519	-0,0048406534	-0,0049282461
41716	199,10547	-1	-1,0108222	-0,025685132	-0,0028499812	-0,0048023313	-0,0049726218
41716	199,60547	-1	-0,98307246	-0,0259839	-0,0028983876	-0,0048453659	-0,004892081
41716	200,10547	-1	-0,99571419	-0,025495887	-0,002880685	-0,0047850385	-0,0049061179
41716	200,60547	-1	-1,032101	-0,025629997	-0,0028947927	-0,0047680363	-0,0049163848
41716	201,10547	-1	-0,98510832	-0,025190413	-0,0027652197	-0,0047769956	-0,0049037784
41716	201,60547	-1	-1,0024663	-0,025381148	-0,0028107129	-0,0047441497	-0,0048409551
41716	202,10547	-1	-1,0018964	-0,025765598	-0,0027188733	-0,0047968291	-0,0048332065
41716	202,60547	-1	-0,99188459	-0,024787337	-0,0028147548	-0,0048005842	-0,0048680454
41716	203,10547	-1	-0,99844301	-0,025205314	-0,0027841628	-0,004701335	-0,004825592
41716	203,60547	-1	-0,99229628	-0,025635213	-0,0027356669	-0,0047531351	-0,0048655719
41716	204,10547	-1	-0,99741852	-0,025007874	-0,0027231388	-0,0047065727	-0,0047737062
41716	204,60547	-1	-0,9983536	-0,024881959	-0,0027856901	-0,0047074221	-0,0047627836
41716	205,10547	-1	-1,0120124	-0,025048852	-0,0027387068	-0,0046699643	-0,0048092753
41716	205,60547	-1	-0,99936688	-0,025329739	-0,0027560517	-0,0046905763	-0,0048142225
41716	206,10547	-1	-0,99858081	-0,024559349	-0,0027110241	-0,004710909	-0,0047138631
41716	206,60547	-1	-0,99227393	-0,025089085	-0,0027451999	-0,0046564378	-0,0047424436
41716	207,10547	-1	-1,0115839	-0,024377555	-0,0026375391	-0,0047113709	-0,0047039539
41716	207,60547	-1	-0,99391115	-0,024940819	-0,00269017	-0,0046271794	-0,0047961771
41716	208,10547	-1	-1,0013152	-0,024800748	-0,0027053803	-0,0047095791	-0,0048877746
41716	208,60547	-1	-0,96254796	-0,024695694	-0,0026908964	-0,0046824701	-0,0048402995
41716	209,10547	-1	-0,98606384	-0,024502724	-0,0026534721	-0,0046733841	-0,0046877712
41716	209,60547	-1	-0,98924899	-0,024873018	-0,0027280599	-0,0045820698	-0,0047615021
41716	210,10547	-1	-0,99584645	-0,024536252	-0,0026541278	-0,0047030821	-0,0046710223
41716	210,60547	-1	-0,98693931	-0,024333596	-0,0025954582	-0,0046612993	-0,0046741068
41716	211,10547	-1	-0,99680758	-0,02489537	-0,0026499219	-0,004572846	-0,0047642738
41716	211,60547	-1	-0,98234975	-0,02495572	-0,0026422068	-0,0045825504	-0,0046196878
41716	212,10547	-1	-0,98970717	-0,024814904	-0,0026868396	-0,0045607686	-0,0047194064
41716	212,60547	-1	-0,99955869	-0,024598837	-0,0026200972	-0,0046107955	-0,0047355741
41716	213,10547	-1	-0,99398196	-0,024659932	-0,0027048886	-0,0046584196	-0,0047689229
41716	213,60547	-1	-1,008004	-0,024817139	-0,0026350208	-0,0045552365	-0,0047054738
41716	214,10547	-1	-0,98990649	-0,025234371	-0,0025736503	-0,0046469979	-0,0046773553
41716	214,60547	-1	-1,0212921	-0,02463609	-0,0026487187	-0,004592225	-0,0047340691
41716	215,10547	-1	-0,99190509	-0,024786592	-0,0026140623	-0,0046077557	-0,0047571063
41716	215,60547	-1	-1,0023992	-0,025089085	-0,002610866	-0,0046691634	-0,0047100186
41716	216,10547	-1	-1,0072179	-0,024981052	-0,0025834255	-0,0045341365	-0,0046893209
41716	216,60547	-1	-1,0132101	-0,024365634	-0,0025275424	-0,0045833141	-0,0047975183
41716	217,10547	-1	-1,0038297	-0,024416298	-0,0026387535	-0,0046451427	-0,0047655553
41716	217,60547	-1	-1,0126755	-0,025015324	-0,0026490465	-0,0045437403	-0,0046163946
41716	218,10547	-1	-1,0016803	-0,02425462	-0,0025615916	-0,0045439899	-0,004618153
41716	218,60547	-1	-1,0303259	-0,024461001	-0,0025917478	-0,0046136901	-0,0047145337
41716	219,10547	-1	-0,99100733	-0,023969263	-0,0025083311	-0,0045318641	-0,0045814365
41716	219,60547	-2,3177736	-2,2157748	-0,032570213	-0,0027717091	-0,0052506402	-0,0049695075
41716	220,10547	-4,2677736	-3,9140954	-0,043557584	-0,0031842403	-0,0060272403	-0,0053116828
41716	220,60547	-6,2177734	-6,1475458	-0,055143982	-0,0038113445	-0,0070951246	-0,0060094744
41716	221,10547	-8,1677732	-8,0795965	-0,064178556	-0,0043518916	-0,0079012625	-0,0067585558
41716	221,60547	-10,117774	-10,237029	-0,073788315	-0,0049132667	-0,0087988973	-0,0076296777
41716	222,10547	-12,067774	-12,291212	-0,082483888	-0,0055673309	-0,0096907914	-0,0084291399
41716	222,60547	-14,017774	-14,198711	-0,089140981	-0,0061440431	-0,010474131	-0,0092205405
41716	223,10547	-15,967773	-16,143509	-0,096200407	-0,0067826286	-0,011265032	-0,010043904
41716	223,60547	-17,917774	-18,07663	-0,10326579	-0,0074482113	-0,011939839	-0,010800645
41716	224,10547	-19,867773	-19,983072	-0,10998175	-0,0079457462	-0,012748016	-0,011667475
41716	224,60547	-21,817774	-21,946337	-0,11620373	-0,0086200461	-0,013400292	-0,012448192
41716	225,10547	-23,767775	-23,867153	-0,12272	-0,009261813	-0,014199372	-0,013246328
41716	225,60547	-25,717773	-25,829895	-0,1290448	-0,0098829661	-0,014937285	-0,0140495
41716	226,10547	-27,667774	-27,781185	-0,13491586	-0,010557657	-0,015703442	-0,015008017
41716	226,60547	-29,617775	-29,690805	-0,14104918	-0,011204526	-0,016489971	-0,015900046
41716	227,10547	-31,567774	-31,661402	-0,14763027	-0,011808177	-0,017225565	-0,016629517
41716	227,60547	-33,517773	-33,593109	-0,15311986	-0,012466719	-0,01803742	-0,017473325
41716	228,10547	-35,467773	-35,564995	-0,15937835	-0,013165649	-0,018778397	-0,018307641
41716	228,60547	-37,417774	-37,478569	-0,16498417	-0,013730163	-0,019446675	-0,01918599
41716	229,10547	-39,367775	-39,440983	-0,17098337	-0,01443539	-0,020277834	-0,019953877
41716	229,60547	-41,317776	-41,392426	-0,17642379	-0,015064143	-0,020956486	-0,020773083
41716	230,10547	-43,267773	-43,354908	-0,18220097	-0,015753953	-0,021734985	-0,021654457
41716	230,60547	-45,217773	-45,303791	-0,18777177	-0,016502444	-0,022514656	-0,022447616
41716	231,10547	-47,167774	-47,22644	-0,19330755	-0,017014163	-0,023279678	-0,023317426
41716	231,60547	-49,117775	-49,190952	-0,19884929	-0,017747615	-0,023991363	-0,024138421
41716	232,10547	-51,067776	-51,126778	-0,20420328	-0,018435961	-0,024781717	-0,02491121
41716	232,60547	-53,017776	-53,078495	-0,20947233	-0,019102771	-0,025495183	-0,025787324
41716	233,10547	-54,967773	-55,029102	-0,21621212	-0,019763334	-0,026294664	-0,026593715
41716	233,60547	-56,917774	-56,970711	-0,22139773	-0,020398758	-0,027090706	-0,027352586
41716	234,10547	-58,867775	-58,922615	-0,22598952	-0,021097217	-0,027887426	-0,028183058
41716	234,60547	-60,817776	-60,885231	-0,23095831	-0,021719346	-0,028571878	-0,028963462
41716	235,10547	-62,767776	-62,859516	-0,23641139	-0,022417907	-0,02926752	-0,029826969
41716	235,60547	-64,717773	-64,76297	-0,2414383	-0,02291999	-0,029951952	-0,030617684
41716	236,10547	-66,667778	-66,748352	-0,24678037	-0,023670083	-0,03080268	-0,031413838
41716	236,60547	-68,617775	-68,67215	-0,25174692	-0,024311613	-0,03157625	-0,032216877
41716	237,10547	-70,567772	-70,62043	-0,2573058	-0,024986286	-0,032374218	-0,032996625
41716	237,60547	-72,517776	-72,595116	-0,2624169	-0,025642347	-0,033051219	-0,0337587
41716	238,10547	-74,467773	-74,526833	-0,26726052	-0,026370492	-0,033788171	-0,034590855
41716	238,60547	-76,417778	-76,476334	-0,27300566	-0,026997278	-0,034561679	-0,035441101
41716	239,10547	-78,367775	-78,434624	-0,27717203	-0,027610248	-0,035345141	-0,036094517
41716	239,60547	-80,317772	-80,422874	-0,28236806	-0,02833453	-0,036090493	-0,036977053
41716	240,10547	-82,267776	-82,321205	-0,28713346	-0,028946094	-0,036867518	-0,037714273
41716	240,60547	-84,217773	-84,283783	-0,29209256	-0,02960974	-0,037558243	-0,038460374
41716	241,10547	-86,167778	-86,226746	-0,29697716	-0,030290764	-0,038362347	-0,039240509
41716	241,60547	-88,117775	-88,157059	-0,30150563	-0,030976515	-0,03907717	-0,04014793
41716	242,10547	-90,067772	-90,15197	-0,30603483	-0,031568617	-0,039834168	-0,040794134
41716	242,60547	-92,017776	-92,046066	-0,31168088	-0,032228623	-0,040576942	-0,041613191
41716	243,10547	-93,967773	-94,026741	-0,3160052	-0,032956198	-0,041288432	-0,042395189
41716	243,60547	-95,917778	-96,006477	-0,32106489	-0,03349534	-0,042020444	-0,043141797
41716	244,10547	-97,867775	-97,915359	-0,32517463	-0,03414214	-0,042824313	-0,043821663
41716	244,60547	-99,81778	-99,888062	-0,32973364	-0,034883734	-0,043539733	-0,044673815
41716	245,10547	-101,76778	-101,82105	-0,33429191	-0,035452887	-0,044243716	-0,045415714
41716	245,60547	-103,71777	-103,76988	-0,33981502	-0,036127687	-0,045024127	-0,046201631
41716	246,10547	-105,66778	-105,72466	-0,34349561	-0,036807358	-0,04577681	-0,046973318
41716	246,60547	-107,61777	-107,68813	-0,34878999	-0,037413415	-0,046482116	-0,04765062
41716	247,10547	-109,56778	-109,62558	-0,35257712	-0,038052224	-0,047199402	-0,048509076
41716	247,60547	-111,51778	-111,5594	-0,35792813	-0,038633298	-0,04795013	-0,049223438
41716	248,10547	-113,46777	-113,55167	-0,36221743	-0,0393898	-0,048626166	-0,049939364
41716	248,60547	-115,41778	-115,46193	-0,36684871	-0,039939862	-0,049409185	-0,050758079
41716	249,10547	-117,36777	-117,43163	-0,37081763	-0,040671289	-0,050114054	-0,051481232
41716	249,60547	-119,31778	-119,35464	-0,37598535	-0,041303352	-0,050919659	-0,052070439
41716	250,10547	-121,26778	-121,33825	-0,3798902	-0,041966978	-0,051571578	-0,052974164
41716	250,60547	-123,21777	-123,25426	-0,38438886	-0,042585563	-0,05235745	-0,053663239
41716	251,10547	-125,16778	-125,25473	-0,38873851	-0,043273855	-0,053096902	-0,054382563
41716	251,60547	-127,11777	-127,15433	-0,3927283	-0,043851025	-0,053811975	-0,055095091
41716	252,10547	-129,06778	-129,12294	-0,39782971	-0,044573024	-0,054597847	-0,05597721
41716	252,60547	-131,01778	-131,06226	-0,40182099	-0,045184352	-0,055190239	-0,056647196
41716	253,10547	-132,96777	-133,03735	-0,40639937	-0,04581891	-0,056029856	-0,057390928
41716	253,60547	-134,91777	-134,9695	-0,41017607	-0,046460554	-0,056678336	-0,058097586
41716	254,10547	-136,86778	-136,95313	-0,41437149	-0,047209367	-0,057524331	-0,058791399
41716	254,60547	-138,81778	-138,87056	-0,41839778	-0,047794163	-0,058147818	-0,059577852
41716	255,10547	-140,76778	-140,76889	-0,42307228	-0,048511736	-0,05892244	-0,060292274
41716	255,60547	-142,71777	-142,7467	-0,42736232	-0,049134325	-0,059634469	-0,060975388
41716	256,10547	-144,66777	-144,69501	-0,43126494	-0,049680531	-0,060323339	-0,061756894
41716	256,60547	-146,61778	-146,64964	-0,43584853	-0,050392356	-0,061077125	-0,062465414
41716	257,10547	-148,56778	-148,60088	-0,4394196	-0,050981972	-0,061826088	-0,063160539
41716	257,60547	-150,51778	-150,56735	-0,44385567	-0,051739752	-0,062436741	-0,063870072
41716	258,10547	-152,46777	-152,51909	-0,44798926	-0,052332405	-0,063253716	-0,064641133
41716	258,60547	-154,41777	-154,4825	-0,45233592	-0,053050943	-0,063949257	-0,065310583
41716	259,10547	-156,36778	-156,401	-0,45656413	-0,053613938	-0,064651012	-0,066181019
41716	259,60547	-158,31778	-158,37035	-0,46087354	-0,054309681	-0,065415516	-0,066807911
41716	260,10547	-160	-160,14595	-0,46409816	-0,054938834	-0,066080362	-0,067632362
41716	260,60547	-160	-160,09668	-0,46389922	-0,055026598	-0,066179007	-0,067705587
41716	261,10547	-160	-160,03644	-0,46460181	-0,054988448	-0,066231728	-0,067684159
41716	261,60547	-160	-160,07637	-0,465101	-0,055099126	-0,066356204	-0,06789057
41716	262,10547	-160	-160,01431	-0,46488494	-0,055080302	-0,066336364	-0,067848474
41716	262,60547	-160	-160,02495	-0,46565756	-0,055118717	-0,066401727	-0,067748889
41716	263,10547	-160	-160,01935	-0,46533868	-0,05516139	-0,066430584	-0,067835167
41716	263,60547	-160	-160,00211	-0,4655987	-0,055200573	-0,066402361	-0,067956269
41716	264,10547	-160	-159,97391	-0,465855	-0,05523232	-0,066479683	-0,067866027
41716	264,60547	-160	-160,00455	-0,46612471	-0,055333428	-0,066593073	-0,067997888
41716	265,10547	-160	-159,98891	-0,46589822	-0,055279646	-0,066578515	-0,06803757
41716	265,60547	-160	-159,97684	-0,46642274	-0,05531067	-0,066588059	-0,067989811
41716	266,10547	-160	-159,98546	-0,46598166	-0,055352576	-0,066653743	-0,06808494
41716	266,60547	-160	-159,98567	-0,46638101	-0,055374604	-0,066637501	-0,068034738
41716	267,10547	-160	-159,97151	-0,46604201	-0,055375371	-0,066656023	-0,068025947
41716	267,60547	-160	-159,99922	-0,46707243	-0,055499993	-0,066767424	-0,068182513
41716	268,10547	-160	-159,97084	-0,46647415	-0,055393472	-0,066727959	-0,068051934
41716	268,60547	-160	-159,99461	-0,46723485	-0,055433292	-0,066778079	-0,068157136
41716	269,10547	-160	-159,98807	-0,46677664	-0,055493478	-0,066781439	-0,068156436
41716	269,60547	-160	-159,98454	-0,46657026	-0,055506635	-0,066791862	-0,06816338
41716	270,10547	-160	-159,97758	-0,46752021	-0,05549771	-0,066786543	-0,068188146
41716	270,60547	-160	-160,00311	-0,46723932	-0,055565435	-0,066812553	-0,068298787
41716	271,10547	-160	-159,97284	-0,4675597	-0,055517703	-0,066879243	-0,068308368
41716	271,60547	-160	-159,99525	-0,46754405	-0,055607364	-0,066876173	-0,068367228
41716	272,10547	-160	-159,98584	-0,46751052	-0,055618383	-0,066925764	-0,068274945
41716	272,60547	-160	-159,98782	-0,46806261	-0,055599269	-0,066898957	-0,068394646
41716	273,10547	-160	-159,97807	-0,46780929	-0,055673119	-0,066945359	-0,068515629
41716	273,60547	-160	-160,00214	-0,46759769	-0,055670373	-0,066985674	-0,068386748
41716	274,10547	-160	-159,97072	-0,46804622	-0,055645492	-0,066989303	-0,0684001
41716	274,60547	-160	-160,00209	-0,46801344	-0,055714328	-0,067046367	-0,068503529
41716	275,10547	-160	-159,99699	-0,46794042	-0,055761717	-0,067098081	-0,068465307
41716	275,60547	-160	-159,98045	-0,46806484	-0,055726402	-0,067052394	-0,068425462
41716	276,10547	-160	-160,0105	-0,468041	-0,055800244	-0,067074738	-0,068497658
41716	276,60547	-160	-159,98598	-0,46851858	-0,055723745	-0,067074761	-0,068542436
41716	277,10547	-160	-160,00101	-0,46813414	-0,055813905	-0,06709902	-0,068533733
41716	277,60547	-160	-159,98834	-0,46807379	-0,05577638	-0,06708324	-0,068463221
41716	278,10547	-160	-160,00462	-0,46832785	-0,055892467	-0,067175277	-0,068493307
41716	278,60547	-160	-159,9787	-0,46857595	-0,055864681	-0,067085572	-0,068544775
41716	279,10547	-160	-159,9951	-0,46886727	-0,05584247	-0,067133456	-0,068620041
41716	279,60547	-160	-160,0052	-0,46839714	-0,055908743	-0,067152873	-0,068543181
41716	280,10547	-160	-159,94815	-0,46801418	-0,055805936	-0,067182772	-0,068640217
41716	280,60547	-160	-159,97375	-0,46883151	-0,055897597	-0,067244612	-0,068608001
41716	281,10547	-160	-160,00061	-0,46892986	-0,055882573	-0,067198977	-0,068593964
41716	281,60547	-160	-159,97084	-0,468532	-0,055886678	-0,067141794	-0,068703219
41716	282,10547	-160	-159,99608	-0,46912134	-0,05601896	-0,067282125	-0,068756834
41716	282,60547	-160	-160,00819	-0,46896115	-0,055975895	-0,067278758	-0,068692654
41716	283,10547	-160	-159,98915	-0,46887249	-0,055936102	-0,067312583	-0,068767965
41716	283,60547	-160	-159,98178	-0,46900064	-0,056009147	-0,067312062	-0,068742797
41716	284,10547	-160	-160,02637	-0,46890005	-0,056008805	-0,067314386	-0,06876494
41716	284,60547	-160	-159,95387	-0,4690446	-0,055941056	-0,067290761	-0,068816826
41716	285,10547	-160	-159,98869	-0,46949536	-0,055977613	-0,067353591	-0,068828404
41716	285,60547	-160	-159,97975	-0,46960264	-0,055993173	-0,067329958	-0,068720281
41716	286,10547	-160	-159,9856	-0,46941563	-0,056015067	-0,06734819	-0,068796396
41716	286,60547	-160	-159,97095	-0,46952665	-0,056041278	-0,067325726	-0,06883575
41716	287,10547	-160	-159,98672	-0,4692629	-0,056049518	-0,067368314	-0,068831578
41716	287,60547	-160	-159,99843	-0,46936646	-0,056104429	-0,067478225	-0,068856686
41716	288,10547	-160	-159,96283	-0,46948642	-0,056052946	-0,067452878	-0,068873137
41716	288,60547	-160	-160,01801	-0,46982095	-0,056205932	-0,067495987	-0,068928242
41716	289,10547	-160	-159,95322	-0,46963319	-0,056076828	-0,067453295	-0,068935454
41716	289,60547	-160	-160,0015	-0,46969056	-0,056204218	-0,067427576	-0,068877891
41716	290,10547	-159,69238	-159,84677	-0,46919882	-0,05600803	-0,067467742	-0,068792239
41716	290,60547	-157,19238	-157,21245	-0,46476722	-0,055327158	-0,066655323	-0,068083927
41716	291,10547	-154,69238	-154,64294	-0,45998991	-0,054493919	-0,065819189	-0,067254841
41716	291,60547	-152,19238	-152,15822	-0,45548379	-0,053801913	-0,065097384	-0,066376701
41716	292,10547	-149,69238	-149,62639	-0,45130551	-0,052993424	-0,064268678	-0,065656513
41716	292,60547	-147,19238	-147,14485	-0,44623986	-0,052283719	-0,06349463	-0,064741775
41716	293,10547	-144,69238	-144,60864	-0,4415676	-0,051523842	-0,062690146	-0,063866243
41716	293,60547	-142,19238	-142,1226	-0,43616146	-0,050817557	-0,061805356	-0,063126698
41716	294,10547	-139,69238	-139,6073	-0,43225437	-0,050020125	-0,061110862	-0,062320381
41716	294,60547	-137,19238	-137,12581	-0,42580068	-0,049284056	-0,060174007	-0,061538845
41716	295,10547	-134,69238	-134,56421	-0,42187124	-0,048476193	-0,059361905	-0,060594544
41716	295,60547	-132,19238	-132,11702	-0,4168354	-0,047774252	-0,058553822	-0,059758678
41716	296,10547	-129,69238	-129,56276	-0,41129887	-0,046951104	-0,057705164	-0,059003413
41716	296,60547	-127,19238	-127,07834	-0,40643886	-0,046137553	-0,056859035	-0,05803518
41716	297,10547	-124,69238	-124,60661	-0,40119514	-0,045307618	-0,056043044	-0,057215452
41716	297,60547	-122,19238	-122,08434	-0,39630085	-0,044569921	-0,055213578	-0,056335896
41716	298,10547	-119,69238	-119,59126	-0,39145648	-0,043804388	-0,054404452	-0,055462554
41716	298,60547	-117,19238	-117,09066	-0,38615391	-0,042971645	-0,053511396	-0,054543272
41716	299,10547	-114,69238	-114,60622	-0,38073733	-0,042192381	-0,052678995	-0,053676903
41716	299,60547	-112,19238	-112,09758	-0,37537441	-0,041410632	-0,051759224	-0,052829385
41716	300,10547	-109,69238	-109,60007	-0,36930069	-0,040600806	-0,050907366	-0,051828414
41716	300,60547	-107,19238	-107,08665	-0,364355	-0,039822351	-0,05008743	-0,05097805
41716	301,10547	-104,69238	-104,58202	-0,35925657	-0,03898656	-0,04922314	-0,050099552
41716	301,60547	-102,19238	-102,117	-0,35315305	-0,038263857	-0,048324503	-0,049146995
41716	302,10547	-99,692383	-99,602837	-0,3478162	-0,037405573	-0,047484465	-0,048262879
41716	302,60547	-97,192383	-97,097565	-0,3418602	-0,036553986	-0,046539146	-0,047350019
41716	303,10547	-94,692383	-94,580376	-0,33636838	-0,03579146	-0,04564245	-0,04625839
41716	303,60547	-92,192383	-92,091064	-0,33081546	-0,034945346	-0,044790514	-0,045438945
41716	304,10547	-89,692383	-89,586899	-0,32515526	-0,034153022	-0,043880716	-0,044444412
41716	304,60547	-87,192383	-87,100037	-0,31913295	-0,03323384	-0,042933274	-0,043472633
41716	305,10547	-84,692383	-84,568604	-0,31331405	-0,032455638	-0,042098418	-0,042536899
41716	305,60547	-82,192383	-82,10247	-0,30741468	-0,031653568	-0,041124355	-0,041538879
41716	306,10547	-79,692383	-79,578804	-0,30122176	-0,030908588	-0,040187635	-0,04049243
41716	306,60547	-77,192383	-77,111664	-0,29546469	-0,030061826	-0,039204944	-0,039636329
41716	307,10547	-74,692383	-74,579544	-0,28857291	-0,029133845	-0,038288288	-0,038553149
41716	307,60547	-72,192383	-72,141464	-0,28294101	-0,028388325	-0,037373964	-0,03757067
41716	308,10547	-69,692383	-69,584557	-0,27650073	-0,027516933	-0,036302727	-0,036628097
41716	308,60547	-67,192383	-67,115639	-0,26980788	-0,026704308	-0,035473246	-0,035583317
41716	309,10547	-64,692383	-64,604416	-0,26378557	-0,025876801	-0,034523267	-0,034633011
41716	309,60547	-62,192383	-62,100708	-0,25663748	-0,024943726	-0,033506814	-0,033546314
41716	310,10547	-59,692383	-59,592735	-0,25014728	-0,02414446	-0,032529626	-0,032416627
41716	310,60547	-57,192383	-57,109375	-0,2430886	-0,023276085	-0,031545263	-0,031475127
41716	311,10547	-54,692383	-54,615547	-0,23597553	-0,022379329	-0,030613031	-0,030432209
41716	311,60547	-52,192383	-52,115673	-0,22956505	-0,021612456	-0,029663999	-0,029295981
41716	312,10547	-49,692383	-49,607365	-0,22248775	-0,020648204	-0,028632812	-0,028201163
41716	312,60547	-47,192383	-47,121384	-0,2149336	-0,019751394	-0,027673334	-0,027083963
41716	313,10547	-44,692383	-44,607815	-0,2070874	-0,018829579	-0,026655447	-0,026017308
41716	313,60547	-42,192383	-42,106846	-0,20028502	-0,01797463	-0,025612861	-0,025020152
41716	314,10547	-39,692383	-39,615437	-0,19204319	-0,017071506	-0,024612881	-0,023814023
41716	314,60547	-37,192383	-37,098904	-0,18463209	-0,016197061	-0,023536926	-0,022614017
41716	315,10547	-34,692383	-34,625397	-0,17681047	-0,015318571	-0,022534195	-0,021589845
41716	315,60547	-32,192383	-32,113018	-0,16933903	-0,01435825	-0,021484205	-0,020427048
41716	316,10547	-29,692383	-29,606762	-0,15994012	-0,013493054	-0,020415146	-0,019214004
41716	316,60547	-27,192383	-27,110262	-0,15176982	-0,012533564	-0,019309642	-0,018178806
41716	317,10547	-24,692383	-24,619781	-0,14377236	-0,011761963	-0,018267287	-0,016942531
41716	317,60547	-22,192383	-22,100056	-0,13452768	-0,010749009	-0,017259914	-0,015873417
41716	318,10547	-19,692383	-19,627905	-0,12542382	-0,0099200085	-0,016093899	-0,014663234
41716	318,60547	-17,192383	-17,096029	-0,1166217	-0,0090371482	-0,014879949	-0,013352767
41716	319,10547	-14,692383	-14,625039	-0,10628924	-0,0081417933	-0,013830503	-0,012311682
41716	319,60547	-12,192383	-12,12247	-0,09617731	-0,0072385743	-0,012638187	-0,011151776
41716	320,10547	-9,6923828	-9,6283751	-0,085499138	-0,0064424761	-0,011413753	-0,0099122226
41716	320,60547	-7,1923828	-7,1140332	-0,073808432	-0,0055319518	-0,010126764	-0,0087094307
41716	321,10547	-4,6923828	-4,9196892	-0,061623007	-0,0048301257	-0,0089556538	-0,0078944266
41716	321,60547	-2,1923828	-2,4640374	-0,046078116	-0,0040721558	-0,0074870922	-0,0069200695
41716	322,10547	-1	-0,88597089	-0,031168759	-0,0036357455	-0,0063195899	-0,0063710362
41716	322,60547	-1	-0,75050819	-0,029651076	-0,0035712831	-0,006078776	-0,0062378645
41716	323,10547	-1	-0,74496496	-0,02931729	-0,0035806112	-0,0059901774	-0,0060972571
41716	323,60547	-1	-0,78045952	-0,028736144	-0,003547661	-0,0059742294	-0,0060877651
41716	324,10547	-1	-0,79735184	-0,029613078	-0,0034867786	-0,0059519485	-0,0059800744
41716	324,60547	-1	-0,8828733	-0,029645115	-0,0034986176	-0,0060045086	-0,0060711056
41716	325,10547	-2,6529298	-2,4066138	-0,040218979	-0,0037673451	-0,0067842752	-0,0063674748
41716	325,60547	-4,6029296	-3,9945393	-0,049818307	-0,0042169131	-0,0075773075	-0,0067454726
41716	326,10547	-6,5529299	-6,4148016	-0,062351674	-0,0047421046	-0,0087042376	-0,0076304227
41716	326,60547	-8,5029297	-8,3686476	-0,071787089	-0,0052268542	-0,0094636902	-0,0082300305
41716	327,10547	-10,452929	-10,567017	-0,080942363	-0,0059052706	-0,010436185	-0,0091317892
41716	327,60547	-12,40293	-12,581511	-0,088910013	-0,0065127872	-0,011223992	-0,0099910349
41716	328,10547	-14,35293	-14,509737	-0,096248835	-0,0071460456	-0,012011841	-0,01079905
41716	328,60547	-16,302931	-16,433533	-0,10348558	-0,0076586567	-0,012704371	-0,011531472
41716	329,10547	-18,25293	-18,371969	-0,11043027	-0,0083757378	-0,01353173	-0,012392223
41716	329,60547	-20,20293	-20,28853	-0,11673048	-0,0089665279	-0,014232827	-0,013283044
41716	330,10547	-22,152929	-22,27059	-0,12335852	-0,0095271245	-0,015016492	-0,014055952
41716	330,60547	-24,10293	-24,170744	-0,12974069	-0,010187183	-0,015712734	-0,014845088
41716	331,10547	-26,052931	-26,163439	-0,13663471	-0,01084161	-0,016491683	-0,015733004
41716	331,60547	-28,00293	-28,08322	-0,14251173	-0,011445556	-0,017208764	-0,016584978
41716	332,10547	-29,95293	-30,050097	-0,14843866	-0,012155592	-0,017939651	-0,017443627
41716	332,60547	-31,902931	-31,971468	-0,15445948	-0,012764486	-0,018661655	-0,018221349
41716	333,10547	-32,352345	-32,531258	-0,15638322	-0,012992062	-0,018956069	-0,018586308

Datenerfassung						Zeit:	333,24805	s	18.03.2014 17:44:00
Ch 1 Kraft	Ch 1 W2TK Mittel	1944 A	1944 B	1281068
kN	mm	mm	mm	mm
-0,69070047	7,0883987e-05	0,011730397	6,7658722e-05	0,00017292798
-161,16809	-0,00010336733	-0,056243107	-0,067583963	-0,16383414
