Datum : 	27.8.2014
Durchmesser :	47,9
Datum	Laufzeit	Ch 1 Kraft Sollwert	Ch 1 Kraft	Ch 1 Weg	1944 A	1944 B	1281068
d	s	kN	kN	mm	mm	mm	mm
41878	31,717773	-1,4980469	-1,327401	-0,0025331974	-0,00012377463	-0,00039632432	-0,00039677136
41878	32,217773	-1,9980469	-1,2663584	-0,0014007092	-0,00017022528	-0,0003506653	-0,00047221201
41878	32,717773	-2,4980469	-2,4616904	-0,011307001	-0,0011164378	-0,0017484436	-0,0019797843
41878	33,217773	-2,9980469	-3,112452	-0,017333031	-0,0018188301	-0,0024274169	-0,0029131882
41878	33,717773	-3,4980469	-3,6687124	-0,021350384	-0,0023036916	-0,0030776402	-0,0035004774
41878	34,217773	-3,9980469	-4,1861219	-0,02450943	-0,0029834621	-0,0037052911	-0,004123969
41878	34,717773	-4,4980469	-4,6586766	-0,028342009	-0,0034269895	-0,0041837618	-0,0047696582
41878	35,217773	-4,9980469	-5,0843043	-0,030660629	-0,003975071	-0,0047210502	-0,0051716072
41878	35,717773	-5,4980469	-5,6181755	-0,033968687	-0,0045163408	-0,0053647552	-0,0057922248
41878	36,217773	-5,9980469	-6,1071925	-0,037577748	-0,005171977	-0,0058373827	-0,006240909
41878	36,717773	-6,4980469	-6,5895934	-0,0392735	-0,0057297349	-0,0064746439	-0,0068731713
41878	37,217773	-6,9980469	-7,1035886	-0,043001771	-0,0062878318	-0,0070377095	-0,0074369232
41878	37,717773	-7,4980469	-7,5521569	-0,045010448	-0,0067956652	-0,0075928676	-0,0079033468
41878	38,217773	-7,9980469	-8,040659	-0,050419569	-0,0074358927	-0,0082185175	-0,008377173
41878	38,717773	-8,4980469	-8,5580568	-0,052186847	-0,0080452897	-0,0087721292	-0,0090017123
41878	39,217773	-8,9980469	-8,9665203	-0,056171417	-0,0085152015	-0,0091947624	-0,0094560208
41878	39,717773	-9,4980469	-9,4746952	-0,057217479	-0,009099503	-0,0098895207	-0,01006617
41878	40,217773	-9,9980469	-9,9886904	-0,060886145	-0,0097348103	-0,010377524	-0,010696263
41878	40,717773	-10,498047	-10,505401	-0,062680244	-0,010302198	-0,010939155	-0,011231293
41878	41,217773	-10,998047	-11,030843	-0,065386295	-0,010919197	-0,011615319	-0,011967366
41878	41,717773	-11,498047	-11,548085	-0,067770481	-0,011500804	-0,012159272	-0,012453683
41878	42,217773	-11,998047	-12,065688	-0,069636106	-0,012100545	-0,01277033	-0,013153909
41878	42,717773	-12,498047	-12,592667	-0,072491169	-0,012742088	-0,013338755	-0,013727792
41878	43,217773	-12,998047	-13,023256	-0,074383616	-0,01316378	-0,013805597	-0,014287198
41878	43,717773	-13,498047	-13,484576	-0,07584393	-0,013695263	-0,014288019	-0,014920132
41878	44,217773	-13,998047	-14,01754	-0,079098344	-0,01435947	-0,014968365	-0,015363852
41878	44,717773	-14,498047	-14,451273	-0,081390142	-0,014887101	-0,015506007	-0,015976747
41878	45,217773	-14,998047	-14,953981	-0,082707405	-0,015465185	-0,016068526	-0,016579919
41878	45,717773	-15,498047	-15,491429	-0,085827708	-0,016122762	-0,016677596	-0,017234663
41878	46,217773	-15,998047	-15,988103	-0,087657571	-0,016641179	-0,017212322	-0,017725654
41878	46,717773	-16,498047	-16,499449	-0,089636445	-0,017243987	-0,017846236	-0,018426115
41878	47,217773	-16,998047	-17,062767	-0,093096495	-0,017945962	-0,018496683	-0,019115636
41878	47,717773	-17,498047	-17,535759	-0,095275044	-0,018530661	-0,019044777	-0,019543901
41878	48,217773	-17,998047	-18,055489	-0,09740293	-0,019062735	-0,01956016	-0,020257886
41878	48,717773	-18,498047	-18,561049	-0,10004044	-0,01973038	-0,020176373	-0,020805512
41878	49,217773	-18,998047	-18,982338	-0,10219812	-0,02020056	-0,020721802	-0,021356914
41878	49,717773	-19,498047	-19,47603	-0,10458231	-0,020769287	-0,021333545	-0,021886583
41878	50,217773	-19,998047	-19,998695	-0,10650158	-0,021330686	-0,02185645	-0,022578849
41878	50,717773	-20,498047	-20,439882	-0,10764599	-0,021924198	-0,022402437	-0,023168493
41878	51,217773	-20,998047	-20,99032	-0,11132956	-0,022594534	-0,023009587	-0,023731567
41878	51,717773	-21,498047	-21,460451	-0,11256337	-0,023147784	-0,023499902	-0,024343701
41878	52,217773	-21,998047	-21,985294	-0,1147449	-0,023742219	-0,024143696	-0,024848972
41878	52,717773	-22,498047	-22,537136	-0,11792183	-0,024296686	-0,024751239	-0,025542798
41878	53,217773	-22,998047	-23,038799	-0,11914372	-0,024979755	-0,025342885	-0,026181435
41878	53,717773	-23,498047	-23,570513	-0,12138188	-0,025619045	-0,025919169	-0,026824171
41878	54,217773	-23,998047	-24,033867	-0,12284517	-0,026073808	-0,026480839	-0,027370887
41878	54,717773	-24,498047	-24,516819	-0,12590289	-0,02672025	-0,026989091	-0,027978694
41878	55,217773	-24,998047	-24,992657	-0,1285851	-0,02730957	-0,027573477	-0,028522372
41878	55,717773	-25,498047	-25,437477	-0,13028681	-0,027754042	-0,028057352	-0,029053789
41878	56,217773	-25,998047	-25,942537	-0,13283193	-0,028379984	-0,028673872	-0,029674407
41878	56,717773	-26,498047	-26,48732	-0,13454258	-0,02903856	-0,029232079	-0,030307237
41878	57,217773	-26,998047	-26,975382	-0,13503432	-0,029564917	-0,029829273	-0,030985121
41878	57,717773	-27,498047	-27,51284	-0,13885498	-0,030213004	-0,030436534	-0,031625967
41878	58,217773	-27,998047	-28,075743	-0,14092922	-0,030920036	-0,031090174	-0,032243747
41878	58,717773	-28,498047	-28,538095	-0,14210641	-0,031466492	-0,031634018	-0,032766346
41878	59,217773	-28,998047	-29,021452	-0,14435053	-0,03208901	-0,032257214	-0,033381026
41878	59,717773	-29,498047	-29,578663	-0,14665723	-0,032755904	-0,032788336	-0,034053937
41878	60,217773	-29,998047	-29,975283	-0,14906526	-0,033129204	-0,033338435	-0,034550656
41878	60,717773	-30,498047	-30,464018	-0,15137792	-0,033703074	-0,033888392	-0,035150807
41878	61,217773	-30,998047	-30,978863	-0,15359521	-0,034402259	-0,03450755	-0,035833322
41878	61,717773	-31,498047	-31,475233	-0,15550554	-0,034967586	-0,035006277	-0,036375143
41878	62,217773	-31,998047	-31,994057	-0,15717745	-0,035639033	-0,035670351	-0,037131757
41878	62,717773	-32,498047	-32,517933	-0,15955269	-0,036309935	-0,036200844	-0,037457515
41878	63,217773	-32,998047	-33,014595	-0,16158819	-0,03677474	-0,036788899	-0,038147733
41878	63,717773	-33,498047	-33,549717	-0,16264021	-0,037397482	-0,037423618	-0,038794938
41878	64,217773	-33,998047	-34,052521	-0,16598105	-0,038101703	-0,037947953	-0,039437346
41878	64,717773	-34,498047	-34,545422	-0,16667247	-0,038663931	-0,038574912	-0,04000549
41878	65,217773	-34,998047	-35,067379	-0,16850531	-0,039227281	-0,039164446	-0,040651105
41878	65,717773	-35,498047	-35,519756	-0,17169118	-0,039801687	-0,039647616	-0,041323669
41878	66,217773	-35,998047	-35,953808	-0,17257035	-0,040300164	-0,040197812	-0,041770738
41878	66,717773	-36,498047	-36,492805	-0,17479658	-0,041026969	-0,040838752	-0,042400099
41878	67,217773	-36,998047	-36,936089	-0,17618537	-0,041552994	-0,041302562	-0,042933855
41878	67,717773	-37,498047	-37,485718	-0,17802417	-0,04214634	-0,042021763	-0,043654259
41878	68,217773	-37,998047	-38,035404	-0,18198788	-0,042900641	-0,042665429	-0,044250809
41878	68,717773	-38,498047	-38,516716	-0,1834929	-0,043439113	-0,043107674	-0,04486867
41878	69,217773	-38,998047	-39,045425	-0,1837343	-0,044102136	-0,043787669	-0,045517944
41878	69,717773	-39,498047	-39,604	-0,18722415	-0,044801444	-0,044413984	-0,046217766
41878	70,217773	-39,998047	-40,037998	-0,19004941	-0,045296837	-0,0449467	-0,046848699
41878	70,717773	-39,506836	-39,530682	-0,18846989	-0,044768002	-0,044409774	-0,046149414
41878	71,217773	-39,006836	-38,954929	-0,18607676	-0,044219766	-0,043833092	-0,045641914
41878	71,717773	-38,506836	-38,389881	-0,18404424	-0,043519165	-0,043246605	-0,044975135
41878	72,217773	-38,006836	-37,945473	-0,18326342	-0,043070782	-0,042782228	-0,044469263
41878	72,717773	-37,506836	-37,477451	-0,1809895	-0,042534549	-0,042278886	-0,043955032
41878	73,217773	-37,006836	-36,955826	-0,17889142	-0,042001389	-0,041710854	-0,043412376
41878	73,717773	-36,506836	-36,514965	-0,17730594	-0,041515984	-0,041240443	-0,042822879
41878	74,217773	-36,006836	-36,043224	-0,17465055	-0,041004792	-0,040694267	-0,042323098
41878	74,717773	-35,506836	-35,533749	-0,17383695	-0,040363528	-0,040219333	-0,041734438
41878	75,217773	-35,006836	-35,041771	-0,17168224	-0,039816886	-0,039624348	-0,041319653
41878	75,717773	-34,506836	-34,543865	-0,17144382	-0,03936721	-0,039099403	-0,040662032
41878	76,217773	-34,006836	-33,965759	-0,16741753	-0,03867355	-0,038518906	-0,039943215
41878	76,717773	-33,506836	-33,472168	-0,16727149	-0,038112268	-0,037954025	-0,039430596
41878	77,217773	-33,006836	-32,975525	-0,1657784	-0,037590187	-0,037388705	-0,038814746
41878	77,717773	-32,506836	-32,439877	-0,16290843	-0,036893729	-0,036813579	-0,038256839
41878	78,217773	-32,006836	-31,971178	-0,16241074	-0,036395814	-0,036310278	-0,037652727
41878	78,717773	-31,506836	-31,531393	-0,16011894	-0,03591926	-0,035849713	-0,037134837
41878	79,217773	-31,006836	-31,037165	-0,15749037	-0,035365459	-0,035278738	-0,036684614
41878	79,717773	-30,506836	-30,564486	-0,15642047	-0,034842264	-0,034783952	-0,036137007
41878	80,217773	-30,006836	-30,043474	-0,15369654	-0,034244053	-0,034247808	-0,035552029
41878	80,717773	-29,506836	-29,511797	-0,15184879	-0,033710141	-0,033662099	-0,03491471
41878	81,217773	-29,006836	-29,006617	-0,14931858	-0,033106409	-0,033041906	-0,034295805
41878	81,717773	-28,506836	-28,474564	-0,14815032	-0,032513998	-0,032427341	-0,0337236
41878	82,217773	-28,006836	-27,957533	-0,14545619	-0,031859312	-0,03193016	-0,033124547
41878	82,717773	-27,506836	-27,468037	-0,14379621	-0,031312618	-0,031359129	-0,032531418
41878	83,217773	-27,006836	-26,940758	-0,14197528	-0,030726586	-0,030730003	-0,032005057
41878	83,717773	-26,506836	-26,492636	-0,14093518	-0,030210661	-0,030246248	-0,031528596
41878	84,217773	-26,006836	-26,027552	-0,13869107	-0,029717332	-0,029741585	-0,030865062
41878	84,717773	-25,506836	-25,548326	-0,1365602	-0,029210124	-0,02915371	-0,030354353
41878	85,217773	-25,006836	-25,06291	-0,13552904	-0,028605126	-0,028664794	-0,029698296
41878	85,717773	-24,506836	-24,49682	-0,13112128	-0,027945159	-0,028062044	-0,029154021
41878	86,217773	-24,006836	-23,987633	-0,13039708	-0,027360696	-0,027458094	-0,028503362
41878	86,717773	-23,506836	-23,447039	-0,12747943	-0,02669061	-0,026840962	-0,027827907
41878	87,217773	-23,006836	-22,919325	-0,12650788	-0,026103782	-0,02626659	-0,027255133
41878	87,717773	-22,506836	-22,482513	-0,12396872	-0,025629068	-0,025725659	-0,02678117
41878	88,217773	-22,006836	-21,952406	-0,12279153	-0,024952002	-0,025154794	-0,026122095
41878	88,717773	-21,506836	-21,47718	-0,11980832	-0,02444642	-0,024561554	-0,025584353
41878	89,217773	-21,006836	-21,004179	-0,11844635	-0,023881478	-0,024086092	-0,025093248
41878	89,717773	-20,506836	-20,506289	-0,11577904	-0,023302166	-0,023559984	-0,024371345
41878	90,217773	-20,006836	-20,033308	-0,11238158	-0,022839937	-0,022975106	-0,023866294
41878	90,717773	-19,506836	-19,498352	-0,11176765	-0,022131879	-0,022394717	-0,023154542
41878	91,217773	-19,006836	-18,975023	-0,10857582	-0,021601873	-0,021822043	-0,022611985
41878	91,717773	-18,506836	-18,464121	-0,10672212	-0,020940274	-0,021147592	-0,02187551
41878	92,217773	-18,006836	-17,907619	-0,1042366	-0,020264443	-0,020580404	-0,021357711
41878	92,717773	-17,506836	-17,453527	-0,10268986	-0,019703228	-0,020101149	-0,020731252
41878	93,217773	-17,006836	-16,975498	-0,099352002	-0,019225309	-0,019471122	-0,020112857
41878	93,717773	-16,506836	-16,486998	-0,098013878	-0,018670764	-0,018921789	-0,019668212
41878	94,217773	-16,006836	-16,026352	-0,095322728	-0,018029923	-0,018460857	-0,019004365
41878	94,717773	-15,506836	-15,539565	-0,092586875	-0,017527297	-0,017850764	-0,018394364
41878	95,217773	-15,006836	-15,005006	-0,090944767	-0,01694667	-0,017309697	-0,017774332
41878	95,717773	-14,506836	-14,524203	-0,08751452	-0,016311508	-0,016704841	-0,017258842
41878	96,217773	-14,006836	-13,973898	-0,086697936	-0,015645461	-0,016077528	-0,016659368
41878	96,717773	-13,506836	-13,45445	-0,08456409	-0,014987872	-0,015450584	-0,015901044
41878	97,217773	-13,006836	-12,938599	-0,08200109	-0,014425045	-0,014977566	-0,015367351
41878	97,717773	-12,506836	-12,465921	-0,079759955	-0,013880437	-0,014308207	-0,014743658
41878	98,217773	-12,006836	-11,961669	-0,076159835	-0,013217209	-0,01365935	-0,014135298
41878	98,717773	-11,506836	-11,510726	-0,075653195	-0,012701887	-0,013251709	-0,013562924
41878	99,217773	-11,006836	-11,051558	-0,07148087	-0,012183585	-0,012664028	-0,013020271
41878	99,717773	-10,506836	-10,527206	-0,06826818	-0,011464414	-0,012081103	-0,01235373
41878	100,21777	-10,006836	-10,027197	-0,066637993	-0,010930981	-0,011522114	-0,011818493
41878	100,71777	-9,5068359	-9,62185	-0,065356493	-0,010458115	-0,011005582	-0,011298408
41878	101,21777	-9,0068359	-9,370821	-0,064182281	-0,010112474	-0,010628266	-0,010906068
41878	101,71777	-8,5068359	-8,3604784	-0,058689713	-0,0088643571	-0,0095128892	-0,0097949943
41878	102,21777	-8,0068359	-7,9091825	-0,055849552	-0,0083994186	-0,0089622261	-0,0092602093
41878	102,71777	-7,5068359	-7,4713883	-0,053319335	-0,0078260247	-0,008439308	-0,0086378176
41878	103,21777	-7,0068359	-6,9653616	-0,050008297	-0,0071985144	-0,0077977218	-0,0081285108
41878	103,71777	-6,5068359	-6,5153894	-0,047680736	-0,0066597573	-0,0072860499	-0,0076707145
41878	104,21777	-6,0068359	-6,0305929	-0,04401207	-0,0060684066	-0,0066677099	-0,007080378
41878	104,71777	-5,5068359	-5,5046659	-0,04131496	-0,0054052249	-0,0061088158	-0,0064879213
41878	105,21777	-5,0068359	-4,9880295	-0,03811121	-0,004716998	-0,005418214	-0,0059605702
41878	105,71777	-4,5068359	-4,4781098	-0,034210086	-0,0040636808	-0,0047988109	-0,0052000862
41878	106,21777	-4,0068359	-3,883805	-0,029352307	-0,00331912	-0,0040702159	-0,0046099261
41878	106,71777	-3,5068359	-3,411984	-0,026908517	-0,0028381459	-0,0035216771	-0,0039713299
41878	107,21777	-3,0068359	-2,9489696	-0,02258718	-0,0023106188	-0,0029521156	-0,0033841806
41878	107,71777	-2,5068359	-2,4298689	-0,018757582	-0,0016928054	-0,0023804829	-0,0026197974
41878	108,21777	-2,0068359	-1,9611679	-0,013977289	-0,0012473688	-0,0017571058	-0,0020779341
41878	108,71777	-1,5068359	-1,513388	-0,010216236	-0,00079066865	-0,001206412	-0,0013172827
41878	109,21777	-1,0068359	-1,0241196	-0,0048398972	-0,0003482569	-0,00045523979	-0,00041233673
41878	109,71777	-1,4882813	-1,3238918	-0,0071376562	-0,00057976507	-0,00095603429	-0,00091335556
41878	110,21777	-1,9882813	-1,4826934	-0,0071406364	-0,0007090047	-0,0010813856	-0,0010470132
41878	110,71777	-2,4882813	-2,3419261	-0,014084578	-0,0014342405	-0,0021185959	-0,0023575826
41878	111,21777	-2,9882813	-2,911387	-0,018519163	-0,0019722059	-0,0027040932	-0,0029261794
41878	111,71777	-3,4882813	-3,6445391	-0,02411902	-0,0027594771	-0,00362988	-0,0038241064
41878	112,21777	-3,9882813	-4,152091	-0,027477741	-0,0033133477	-0,0041639134	-0,0043942705
41878	112,71777	-4,4882813	-4,6669693	-0,030952692	-0,0039178114	-0,004772136	-0,005036565
41878	113,21777	-4,9882813	-5,1180458	-0,033840537	-0,0043916702	-0,0052664988	-0,0055713132
41878	113,71777	-5,4882813	-5,6189594	-0,036293268	-0,0050219614	-0,0058217524	-0,0060147843
41878	114,21777	-5,9882813	-6,1452408	-0,040447712	-0,005626427	-0,0064711943	-0,0066592013
41878	114,71777	-6,4882813	-6,5999422	-0,042393804	-0,0061159469	-0,0070167887	-0,0071261874
41878	115,21777	-6,9882813	-7,0773363	-0,046288967	-0,0067578116	-0,0074988422	-0,0076867044
41878	115,71777	-7,4882813	-7,5660639	-0,048211217	-0,007318846	-0,0080936719	-0,0081019588
41878	116,21777	-7,9882813	-8,0173035	-0,051468611	-0,0078013549	-0,0086489646	-0,0086490279
41878	116,71777	-8,4882813	-8,5164871	-0,054690242	-0,0084552728	-0,0091172699	-0,0092255417
41878	117,21777	-8,9882813	-8,9857407	-0,056931376	-0,0089627067	-0,0096956557	-0,0095719965
41878	117,71777	-9,4882813	-9,4995413	-0,059753656	-0,0096094776	-0,010334678	-0,010300396
41878	118,21777	-9,9882813	-10,050994	-0,062358379	-0,010239389	-0,010898916	-0,010852638
41878	118,71777	-10,488281	-10,531975	-0,064283609	-0,010708433	-0,011469044	-0,011509839
41878	119,21777	-10,988281	-11,051044	-0,066542625	-0,011308477	-0,012161762	-0,012008215
41878	119,71777	-11,488281	-11,600272	-0,067931414	-0,011997115	-0,012729269	-0,012675656
41878	120,21777	-11,988281	-12,04811	-0,071817636	-0,012486678	-0,013207538	-0,01332352
41878	120,71777	-12,488281	-12,508283	-0,0731498	-0,013020312	-0,013737363	-0,013701419
41878	121,21777	-12,988281	-12,999139	-0,076779723	-0,013600693	-0,014296821	-0,014378514
41878	121,71777	-13,488281	-13,495927	-0,079545379	-0,014178218	-0,014826085	-0,01491739
41878	122,21777	-13,988281	-13,954329	-0,080627203	-0,014689082	-0,015511316	-0,015552882
41878	122,71777	-14,488281	-14,485732	-0,083944201	-0,015292104	-0,01594777	-0,016115768
41878	123,21777	-14,988281	-15,012018	-0,086000562	-0,015928876	-0,016605761	-0,016759716
41878	123,71777	-15,488281	-15,522473	-0,086733699	-0,016583342	-0,017212862	-0,017480897
41878	124,21777	-15,988281	-16,049826	-0,090938807	-0,017179605	-0,017825786	-0,017993947
41878	124,71777	-16,488281	-16,561993	-0,092807412	-0,017710626	-0,018340277	-0,018562881
41878	125,21777	-16,988281	-17,020706	-0,095236301	-0,018262096	-0,018910151	-0,019152289
41878	125,71777	-17,488281	-17,535366	-0,097385049	-0,01894024	-0,019473705	-0,019694494
41878	126,21777	-17,988281	-17,994114	-0,099992752	-0,01941124	-0,019979779	-0,020221027
41878	126,71777	-18,488281	-18,45223	-0,1008004	-0,019965323	-0,020588625	-0,020856051
41878	127,21777	-18,988281	-18,982862	-0,10376275	-0,020570133	-0,021138638	-0,021538833
41878	127,71777	-19,488281	-19,48468	-0,10497272	-0,021118777	-0,021669477	-0,022074299
41878	128,21777	-19,988281	-19,984737	-0,10760128	-0,021743281	-0,022372738	-0,022767931
41878	128,71777	-20,488281	-20,541994	-0,10899007	-0,022434874	-0,022958141	-0,02329118
41878	129,21777	-20,988281	-21,051117	-0,11232495	-0,022991812	-0,023478517	-0,02393629
41878	129,71777	-21,488281	-21,550051	-0,11473894	-0,023493785	-0,02404521	-0,024467941
41878	130,21777	-21,988281	-22,01372	-0,11593699	-0,024153275	-0,024600882	-0,025093146
41878	130,71777	-22,488281	-22,501381	-0,11860132	-0,024754161	-0,025181279	-0,025647851
41878	131,21777	-22,988281	-22,952726	-0,12155175	-0,025209533	-0,025692143	-0,026180118
41878	131,71777	-23,488281	-23,437113	-0,12390316	-0,02586464	-0,026255678	-0,026892236
41878	132,21777	-23,988281	-23,976353	-0,12494624	-0,026433133	-0,026840895	-0,027403241
41878	132,71777	-24,488281	-24,45463	-0,12649298	-0,026986215	-0,027377814	-0,028025324
41878	133,21777	-24,988281	-24,932859	-0,1280874	-0,027620731	-0,027913988	-0,028495315
41878	133,71777	-25,488281	-25,471333	-0,13128817	-0,02824703	-0,028502967	-0,029171711
41878	134,21777	-25,988281	-26,001493	-0,13276637	-0,028788716	-0,029095355	-0,029831486
41878	134,71777	-26,488281	-26,543606	-0,13592541	-0,029479848	-0,029708739	-0,030475952
41878	135,21777	-26,988281	-27,024982	-0,13719499	-0,029951446	-0,03025998	-0,031070111
41878	135,71777	-27,488281	-27,488424	-0,14004707	-0,030538738	-0,030882556	-0,031606361
41878	136,21777	-27,988281	-27,989969	-0,14124513	-0,031120935	-0,031390496	-0,032200463
41878	136,71777	-28,488281	-28,420788	-0,14374256	-0,031690795	-0,031924088	-0,032696676
41878	137,21777	-28,988281	-28,947376	-0,1455456	-0,032271631	-0,032543011	-0,033316176
41878	137,71777	-29,488281	-29,489269	-0,14869869	-0,032942116	-0,033106647	-0,034091596
41878	138,21777	-29,988281	-29,978937	-0,1496762	-0,033463851	-0,033705592	-0,034466833
41878	138,71777	-30,488281	-30,548985	-0,15193224	-0,034118105	-0,034358568	-0,035308558
41878	139,21777	-30,988281	-31,083164	-0,15416145	-0,034796938	-0,034931511	-0,035880223
41878	139,71777	-31,488281	-31,551418	-0,15673041	-0,035347551	-0,035486341	-0,036467198
41878	140,21777	-31,988281	-32,047771	-0,15802979	-0,035985012	-0,03603255	-0,037032172
41878	140,71777	-32,488281	-32,554363	-0,16093552	-0,03656058	-0,036621571	-0,037636064
41878	141,21777	-32,988281	-32,949448	-0,16241372	-0,037062917	-0,037033748	-0,038071651
41878	141,71777	-33,488281	-33,4529	-0,16382933	-0,037608713	-0,037716176	-0,038781505
41878	142,21777	-33,988281	-33,986259	-0,1653403	-0,038255505	-0,03826014	-0,039355956
41878	142,71777	-34,488281	-34,460056	-0,16816258	-0,038858872	-0,038828421	-0,039817855
41878	143,21777	-34,988281	-35,003075	-0,17110109	-0,039474029	-0,039506398	-0,040613703
41878	143,71777	-35,488281	-35,54607	-0,17208457	-0,040097088	-0,040067323	-0,041176312
41878	144,21777	-35,988281	-36,058224	-0,17383695	-0,04078193	-0,040644895	-0,041791264
41878	144,71777	-36,488281	-36,567726	-0,17616749	-0,041313514	-0,041210134	-0,04238129
41878	145,21777	-36,988281	-37,070972	-0,17779768	-0,041970517	-0,041790418	-0,043073334
41878	145,71777	-37,488281	-37,513126	-0,18104315	-0,042502418	-0,042337213	-0,043535091
41878	146,21777	-37,988281	-37,998543	-0,18203259	-0,043054882	-0,042958535	-0,044129305
41878	146,71777	-38,488281	-38,501961	-0,18505454	-0,043632094	-0,043487038	-0,044772286
41878	147,21777	-38,988281	-38,978424	-0,18544197	-0,044244844	-0,044017285	-0,045203824
41878	147,71777	-38,516602	-38,524151	-0,18478334	-0,043733746	-0,0436038	-0,044882599
41878	148,21777	-38,016602	-37,994736	-0,1827687	-0,043205418	-0,042996306	-0,044193655
41878	148,71777	-37,516602	-37,534496	-0,18160939	-0,042765878	-0,042526297	-0,043730479
41878	149,21777	-37,016602	-37,000263	-0,17944872	-0,042112827	-0,041938014	-0,043118771
41878	149,71777	-36,516602	-36,523922	-0,17817616	-0,041601807	-0,041446231	-0,042647269
41878	150,21777	-36,016602	-36,010651	-0,17554164	-0,040982708	-0,040903881	-0,042184729
41878	150,71777	-35,516602	-35,490036	-0,17409921	-0,040373452	-0,040367719	-0,041419212
41878	151,21777	-35,016602	-34,976601	-0,17317235	-0,039803036	-0,039803766	-0,040892046
41878	151,71777	-34,516602	-34,447792	-0,17087162	-0,03924416	-0,039206296	-0,040230956
41878	152,21777	-34,016602	-33,939072	-0,1689136	-0,038636956	-0,038667694	-0,039776031
41878	152,71777	-33,516602	-33,474705	-0,16619861	-0,038199693	-0,038167886	-0,039144386
41878	153,21777	-33,016602	-33,003418	-0,16553998	-0,037606284	-0,037643358	-0,03869947
41878	153,71777	-32,516602	-32,5224	-0,16266108	-0,037056342	-0,037107147	-0,038103744
41878	154,21777	-32,016602	-32,050987	-0,16134381	-0,036579844	-0,03655735	-0,037553553
41878	154,71777	-31,516602	-31,527979	-0,15981495	-0,036017679	-0,036009237	-0,037033226
41878	155,21777	-31,016602	-31,020941	-0,15850663	-0,035422303	-0,035443477	-0,036418691
41878	155,71777	-30,516602	-30,455044	-0,15588403	-0,034708053	-0,034843199	-0,035784282
41878	156,21777	-30,016602	-29,962997	-0,15288889	-0,034252275	-0,034267806	-0,035216361
41878	156,71777	-29,516602	-29,448257	-0,15199482	-0,033637188	-0,033756603	-0,034580082
41878	157,21777	-29,016602	-28,92754	-0,14958978	-0,033051249	-0,033129305	-0,034037445
41878	157,71777	-28,516602	-28,468674	-0,1480788	-0,032589164	-0,032573894	-0,033476524
41878	158,21777	-28,016602	-28,017199	-0,14699101	-0,032004878	-0,032109693	-0,032904115
41878	158,71777	-27,516602	-27,520618	-0,14517009	-0,031431876	-0,031623833	-0,032380577
41878	159,21777	-27,016602	-27,080141	-0,14344752	-0,030962907	-0,031039784	-0,031913862
41878	159,71777	-26,516602	-26,504122	-0,14024973	-0,030289086	-0,030486565	-0,0311189
41878	160,21777	-26,016602	-25,989395	-0,13915896	-0,029791869	-0,029864367	-0,030645655
41878	160,71777	-25,516602	-25,489124	-0,13557374	-0,029177513	-0,029333569	-0,029953757
41878	161,21777	-25,016602	-24,937567	-0,13446212	-0,028526722	-0,028633419	-0,02939133
41878	161,71777	-24,516602	-24,453718	-0,1331389	-0,027983498	-0,028100949	-0,028700612
41878	162,21777	-24,016602	-23,946157	-0,12975335	-0,027340494	-0,027541298	-0,028177185
41878	162,71777	-23,516602	-23,441549	-0,12822151	-0,026800605	-0,02700929	-0,027651008
41878	163,21777	-23,016602	-23,030409	-0,12658834	-0,026271239	-0,026521452	-0,027116191
41878	163,71777	-22,516602	-22,507681	-0,12387931	-0,025702279	-0,025960062	-0,026552126
41878	164,21777	-22,016602	-22,045822	-0,12246072	-0,02519669	-0,025441453	-0,025998266
41878	164,71777	-21,516602	-21,548698	-0,12052059	-0,024625909	-0,02484772	-0,025372384
41878	165,21777	-21,016602	-21,000881	-0,11852384	-0,023963466	-0,02426867	-0,024669755
41878	165,71777	-20,516602	-20,499662	-0,11602342	-0,023384022	-0,023740891	-0,024215072
41878	166,21777	-20,016602	-19,962778	-0,11385381	-0,022732206	-0,023104094	-0,023483174
41878	166,71777	-19,516602	-19,435665	-0,11133552	-0,022152254	-0,022482395	-0,022895606
41878	167,21777	-19,016602	-18,973581	-0,1098156	-0,021660652	-0,021928161	-0,022348473
41878	167,71777	-18,516602	-18,463869	-0,10802448	-0,020986889	-0,021362906	-0,021735685
41878	168,21777	-18,016602	-18,010143	-0,105986	-0,020492911	-0,020907499	-0,02123482
41878	168,71777	-17,516602	-17,541538	-0,10226965	-0,019909861	-0,020301886	-0,020586975
41878	169,21777	-17,016602	-17,030132	-0,10015666	-0,019302763	-0,019778635	-0,020003414
41878	169,71777	-16,516602	-16,540392	-0,096806884	-0,018731136	-0,01910354	-0,019435922
41878	170,21777	-16,016602	-16,032055	-0,09611547	-0,018160971	-0,018570857	-0,01884177
41878	170,71777	-15,516602	-15,468471	-0,094407797	-0,017461095	-0,018010398	-0,018180061
41878	171,21777	-15,016602	-14,978676	-0,092956424	-0,016958583	-0,01731132	-0,017562248
41878	171,71777	-14,516602	-14,474287	-0,089514256	-0,016339758	-0,016726639	-0,016889954
41878	172,21777	-14,016602	-13,941845	-0,086694956	-0,015599258	-0,016129203	-0,016287025
41878	172,71777	-13,516602	-13,482091	-0,083911419	-0,015116034	-0,015725605	-0,0157788
41878	173,21777	-13,016602	-13,053912	-0,083079934	-0,014662978	-0,01514102	-0,015186719
41878	173,71777	-12,516602	-12,538132	-0,079098344	-0,013944043	-0,014473774	-0,01455924
41878	174,21777	-12,016602	-12,049733	-0,078418851	-0,013404214	-0,013957524	-0,013987966
41878	174,71777	-11,516602	-11,563112	-0,074720383	-0,012808571	-0,013431258	-0,013371696
41878	175,21777	-11,016602	-10,99843	-0,072365999	-0,012147397	-0,012749634	-0,012751
41878	175,71777	-10,516602	-10,488957	-0,069358945	-0,011566715	-0,012145974	-0,01205196
41878	176,21777	-10,016602	-10,023545	-0,067818165	-0,010986253	-0,011617668	-0,01149822
41878	176,71777	-9,5166016	-9,5802288	-0,064527988	-0,010393034	-0,01109515	-0,010932183
41878	177,21777	-9,0166016	-9,3491926	-0,064313412	-0,010178313	-0,01081208	-0,010727981
41878	177,71777	-8,5166016	-8,4313087	-0,058287382	-0,0090431152	-0,009686403	-0,0095613021
41878	178,21777	-8,0166016	-7,9452481	-0,056216121	-0,0083748661	-0,009177316	-0,0090895947
41878	178,71777	-7,5166016	-7,534502	-0,05325079	-0,0079621337	-0,008658452	-0,008584829
41878	179,21777	-7,0166016	-7,019464	-0,050410628	-0,0072469972	-0,0080179535	-0,0079303477
41878	179,71777	-6,5166016	-6,5721011	-0,047454238	-0,0067509841	-0,0074793966	-0,0074554747
41878	180,21777	-6,0166016	-6,0357189	-0,044718385	-0,0061173737	-0,0068605845	-0,0068851737
41878	180,71777	-5,5166016	-5,4838023	-0,041988492	-0,0053610243	-0,0062220842	-0,0062648407
41878	181,21777	-5,0166016	-5,0012803	-0,037959218	-0,0047235787	-0,0056250468	-0,0056035048
41878	181,71777	-4,5166016	-4,3990836	-0,034141541	-0,0040306505	-0,0048956648	-0,0049833371
41878	182,21777	-4,0166016	-3,9152875	-0,030487776	-0,0034104474	-0,0043057846	-0,0044727097
41878	182,71777	-3,5166016	-3,470583	-0,02655983	-0,0029140562	-0,0037432127	-0,0037392261
41878	183,21777	-3,0166016	-2,988791	-0,022870302	-0,0023322869	-0,0031616446	-0,0032070454
41878	183,71777	-2,5166016	-2,5443919	-0,018978119	-0,0019079596	-0,0025614044	-0,0025216492
41878	184,21777	-2,0166016	-2,0049269	-0,015211105	-0,0012455955	-0,0019466951	-0,0018245537
41878	184,71777	-1,5166016	-1,5431215	-0,0093966722	-0,00077680126	-0,0012913737	-0,00098164333
41878	185,21777	-1,0166016	-0,99768674	-0,0042080879	-0,00035224855	-0,0006699767	-0,00021293922
41878	185,71777	-1	-0,92402285	-0,0028431416	-0,00026226975	-0,00059983414	3,7093814e-05
41878	186,21777	-1	-0,98062491	-0,003901124	-0,00026258267	-0,00060566608	-3,1627114e-05
41878	186,71777	-1	-0,96413863	-0,0033974648	-0,00020287558	-0,0004896149	-0,0001036684
41878	187,21777	-1	-0,99221241	-0,0030487776	-0,00019571744	-0,000529401	5,6237959e-06
41878	187,71777	-1	-1,0118018	-0,0026613474	-0,00026661903	-0,00052332785	-0,00010105357
41878	188,21777	-1	-0,97174942	-0,0041216612	-0,00017752685	-0,00052080117	1,6850008e-05
41878	188,71777	-1	-1,0082946	-0,0024437904	-0,00019209832	-0,0004581837	-2,7627246e-05
41878	189,21777	-1	-1,0192394	-0,00230968	-0,00023895316	-0,00055153109	4,2257481e-05
41878	189,71777	-1	-0,9856075	-0,0027686357	-0,00015028939	-0,0004308382	-1,3387423e-05
41878	190,21777	-1	-0,98277813	-0,0030994415	-0,00021204352	-0,00044207834	2,7525924e-05
41878	190,71777	-1	-0,99694359	-0,0030189753	-0,00017756782	-0,00043197256	3,8068916e-05
41878	191,21777	-1	-0,97602975	-0,003400445	-0,00015175529	-0,00041929819	2,566589e-05
41878	191,71777	-1	-1,0014958	-0,0019669533	-0,00018550828	-0,00046695396	7,6550554e-05
41878	192,21777	-1	-0,98202938	-0,0038057566	-0,00010368414	-0,00038312003	-1,8851335e-06
41878	192,71777	-1	-0,98917449	-0,00256598	-0,00016226247	-0,00046317	7,1269758e-05
41878	193,21777	-1	-1,0207351	-0,0032901764	-0,00016928837	-0,00045090262	1,3018391e-05
41878	193,71777	-1	-1,0155141	-0,003015995	-6,8126246e-05	-0,00036418438	3,9335897e-05
41878	194,21777	-1	-1,0336041	-0,0029921532	-0,00020801835	-0,00043881033	6,7680754e-05
41878	194,71777	-1	-0,99033302	-0,0034153461	-1,5450642e-05	-0,00040026475	7,368753e-05
41878	195,21777	-1	-0,97976255	-0,0030934811	-8,5251406e-05	-0,00041605812	8,3047198e-05
41878	195,71777	-1	-0,99172258	-0,002720952	-6,9851056e-05	-0,0003438117	6,6064262e-05
41878	196,21777	-1	-0,95830113	-0,00192523	-3,6014244e-05	-0,00033702794	0,00014230992
41878	196,71777	-1	-1,0142196	-0,0033944845	-8,6393207e-05	-0,00035510212	0,00011488532
41878	197,21777	-1	-0,97014195	-0,001975894	-3,5528094e-05	-0,00029515568	0,00017708079
41878	197,71777	-1	-1,022771	-0,0032573938	-9,9543482e-05	-0,0003579082	4,7635876e-05
41878	198,21777	-1	-0,9784922	-0,0032246113	-6,4006075e-05	-0,0003733607	4,6260138e-05
41878	198,71777	-1	-1,0003988	-0,0021725893	-6,8346038e-05	-0,000395827	0,00014087376
41878	199,21777	-1	-0,99918991	-0,0021368265	-0,00012155809	-0,00038699713	4,1662565e-06
41878	199,71777	-1	-0,98705477	-0,0024080276	-9,547919e-06	-0,000321595	0,00010947811
41878	200,21777	-1	-1,0074787	-0,0030726194	-4,5808032e-05	-0,00033215806	0,00010181301
41878	200,71777	-1	-0,96781552	-0,0024139881	-1,7367303e-05	-0,00028746761	0,00014637393
41878	201,21777	-1	-0,99588746	-0,0025689602	-7,4582174e-05	-0,00034831464	0,00014448044
41878	201,71777	-1	-0,97340906	-0,0023365021	-4,3101609e-05	-0,00030177459	0,00011400875
41878	202,21777	-1	-0,97184443	-0,002387166	3,4179538e-06	-0,00031023286	8,5200045e-05
41878	202,71777	-1	-1,0041558	-0,0017702579	-5,267933e-05	-0,00027673505	2,9271625e-06
41878	203,21777	-1	-1,0146685	-0,0026643276	-3,6971644e-05	-0,00032039732	0,00011469197
41878	203,71777	-1	-0,9867214	-0,0032693148	-4,1726977e-05	-0,00023277383	4,3326469e-05
41878	204,21777	-1	-1,0039173	-0,0021278858	-3,4261495e-05	-0,00031279493	0,00014408444
41878	204,71777	-1	-1,0024197	-0,0023037195	5,3532422e-06	-0,00030094013	0,00015173467
41878	205,21777	-1	-0,97257829	-0,0024020672	-4,4642016e-05	-0,00036088284	0,00015273114
41878	205,71777	-1	-0,98305941	-0,0013738871	-6,9439411e-06	-0,00031031109	0,00017133707
41878	206,21777	-1	-0,98409879	-0,0015884638	6,1925501e-05	-0,00030774623	0,00020703842
41878	206,71777	-1	-0,99405646	-0,0016748905	-3,4498051e-05	-0,00029531214	0,00013954636
41878	207,21777	-1	-1,0297093	-0,0022292137	-0,00012095086	-0,00030401815	0,00012366773
41878	207,71777	-1	-0,99437308	-0,0026285648	-9,4417483e-06	-0,00028089341	0,00020788338
41878	208,21777	-1	-1,0155011	-0,0016957521	-1,4908612e-05	-0,00032444112	0,0002117057
41878	208,71777	-1	-1,0360274	-0,0011175871	-1,9744039e-06	-0,00028675795	0,00019907865
41878	209,21777	-1	-0,98965693	-0,0014424324	5,3958967e-05	-0,0003653476	9,5308002e-05
41878	209,71777	-1	-1,0107812	-0,0023514032	-7,9561025e-05	-0,00027143955	0,00026115513
41878	210,21777	-1	-0,96895921	-0,0020772219	5,7350844e-06	-0,00024121534	0,00024528953
41878	210,71777	-1	-0,97328609	-0,0015467405	3,4563243e-05	-0,00020602066	0,0001887095
41878	211,21777	-1	-1,0070782	-0,0018268824	-3,1549484e-05	-0,00024945289	0,00022946575
41878	211,71777	-1	-1,0008961	-0,001591444	-3,8407743e-05	-0,00028306711	0,00013917082
41878	212,21777	-1	-1,0401756	-0,0017285347	-1,6264617e-05	-0,00028067175	0,00018379123
41878	212,71777	-1	-0,99371558	-0,0028699636	-1,0959804e-05	-0,00028710533	0,00020088292
41878	213,21777	-1	-1,0381397	-0,0022470951	-5,6903809e-06	-0,00027509965	0,00018555552
41878	213,71777	-1	-0,99982882	-0,0018745661	2,6226044e-06	-0,00022076443	7,526033e-05
41878	214,21777	-1	-1,0106395	-0,0017911196	5,2062795e-05	-0,00020494405	0,00012756907
41878	214,71777	-1	-0,9765141	-0,0028133392	7,2767958e-05	-0,00017795991	0,00023641322
41878	215,21777	-1	-1,0006726	-0,0021606684	4,4874847e-05	-0,00019457657	0,00014314188
41878	215,71777	-1,4755859	-1,3602767	-0,0062972307	-0,00024379045	-0,00070905592	-0,00027358232
41878	216,21777	-1,9755859	-1,4183987	-0,0052064657	-0,00026451983	-0,00079193618	-0,00042616567
41878	216,71777	-2,4755859	-2,3977385	-0,012633204	-0,0011500809	-0,0019405447	-0,0016435529
41878	217,21777	-2,9755859	-3,0167959	-0,017622113	-0,001835987	-0,0026092483	-0,002466239
41878	217,71777	-3,4755859	-3,6640837	-0,022011995	-0,0024593249	-0,0033605415	-0,0032649704
41878	218,21777	-3,9755859	-4,178349	-0,025388598	-0,00305067	-0,0039777029	-0,00385815
41878	218,71777	-4,4755859	-4,6778431	-0,030380487	-0,0035924297	-0,0045814924	-0,0044638473
41878	219,21777	-4,9755859	-5,1052494	-0,032886863	-0,0041204169	-0,0051189288	-0,0049001509
41878	219,71777	-5,4755859	-5,536109	-0,036916137	-0,0046364367	-0,0055908039	-0,0053483797
41878	220,21777	-5,9755859	-6,0516205	-0,038260221	-0,0052850004	-0,00610088	-0,0058522103
41878	220,71777	-6,4755859	-6,4964948	-0,041866302	-0,005767066	-0,0067192074	-0,006385298
41878	221,21777	-6,9755859	-7,0331955	-0,044459105	-0,0063766101	-0,0072481758	-0,0069360989
41878	221,71777	-7,4755859	-7,5131226	-0,04811883	-0,006983676	-0,0078657139	-0,0075071552
41878	222,21777	-7,9755859	-8,0565166	-0,051137805	-0,0076451255	-0,0084405988	-0,0081708366
41878	222,71777	-8,4755859	-8,5800581	-0,053828955	-0,0082233567	-0,0090658171	-0,0084908893
41878	223,21777	-8,9755859	-9,0434847	-0,056141615	-0,0088034486	-0,0096187424	-0,0091938386
41878	223,71777	-9,4755859	-9,5393047	-0,057685375	-0,0094438568	-0,010187801	-0,0097347014
41878	224,21777	-9,9755859	-9,9668379	-0,061103702	-0,0098899649	-0,010684117	-0,010190824
41878	224,71777	-10,475586	-10,472978	-0,063893199	-0,010536119	-0,011283034	-0,010820609
41878	225,21777	-10,975586	-10,98589	-0,066494942	-0,01107	-0,011876201	-0,011367084
41878	225,71777	-11,475586	-11,445696	-0,06840229	-0,011591164	-0,01242624	-0,011962914
41878	226,21777	-11,975586	-11,977782	-0,071045756	-0,012224822	-0,013013562	-0,012571995
41878	226,71777	-12,475586	-12,49562	-0,073581934	-0,012816187	-0,01366256	-0,013340998
41878	227,21777	-12,975586	-13,032021	-0,076624751	-0,013411405	-0,014268154	-0,013836454
41878	227,71777	-13,475586	-13,581773	-0,07918179	-0,014118511	-0,014795486	-0,014494631
41878	228,21777	-13,975586	-14,007806	-0,081804395	-0,014611294	-0,015317247	-0,015082325
41878	228,71777	-14,475586	-14,537529	-0,082063675	-0,015289849	-0,015962759	-0,015699273
41878	229,21777	-14,975586	-14,960122	-0,084814429	-0,015708055	-0,016372263	-0,016101636
41878	229,71777	-15,475586	-15,444631	-0,087890029	-0,016271105	-0,017022593	-0,016753608
41878	230,21777	-15,975586	-16,005978	-0,089788437	-0,016930871	-0,017634243	-0,01749818
41878	230,71777	-16,475586	-16,464621	-0,091955066	-0,017414661	-0,018182293	-0,017880581
41878	231,21777	-16,975586	-17,030302	-0,093701482	-0,01814536	-0,018840907	-0,018652588
41878	231,71777	-17,475586	-17,519869	-0,09662807	-0,018681569	-0,019395167	-0,019085683
41878	232,21777	-17,975586	-18,026455	-0,09906292	-0,019291308	-0,019999865	-0,019826058
41878	232,71777	-18,475586	-18,561007	-0,10068417	-0,01996794	-0,020559952	-0,020477952
41878	233,21777	-18,975586	-19,056938	-0,1033932	-0,020488804	-0,021213617	-0,021128535
41878	233,71777	-19,475586	-19,531652	-0,10621846	-0,021111289	-0,021695692	-0,021599699
41878	234,21777	-19,975586	-19,965275	-0,10710955	-0,021591878	-0,022219792	-0,022153746
41878	234,71777	-20,475586	-20,485727	-0,11000037	-0,022213412	-0,022745928	-0,022783957
41878	235,21777	-20,975586	-20,931034	-0,11170506	-0,022665307	-0,023285709	-0,023330435
41878	235,71777	-21,475586	-21,442982	-0,11248887	-0,023316998	-0,02394316	-0,023952283
41878	236,21777	-21,975586	-21,969757	-0,11667609	-0,023975842	-0,024448622	-0,024436953
41878	236,71777	-22,475586	-22,496742	-0,11841357	-0,024578504	-0,025101673	-0,025172628
41878	237,21777	-22,975586	-23,043385	-0,11982918	-0,025231048	-0,025680402	-0,025733199
41878	237,71777	-23,475586	-23,517288	-0,12201965	-0,025798375	-0,026266478	-0,026286803
41878	238,21777	-23,975586	-24,012182	-0,12435913	-0,026402296	-0,026886284	-0,027020097
41878	238,71777	-24,475586	-24,496586	-0,12570322	-0,026884038	-0,027384063	-0,027526196
41878	239,21777	-24,975586	-24,95653	-0,12814701	-0,027489074	-0,027919862	-0,028161375
41878	239,71777	-25,475586	-25,4564	-0,13024509	-0,028172158	-0,028463349	-0,028673777
41878	240,21777	-25,975586	-25,901764	-0,13334751	-0,028625777	-0,02905285	-0,029261267
41878	240,71777	-26,475586	-26,466946	-0,13537109	-0,029341642	-0,029615214	-0,029879915
41878	241,21777	-26,975586	-26,962086	-0,13756752	-0,029838866	-0,030225087	-0,030510655
41878	241,71777	-27,475586	-27,510563	-0,13884902	-0,030498978	-0,030881356	-0,031171795
41878	242,21777	-27,975586	-28,031099	-0,14147162	-0,031126624	-0,031412262	-0,031796519
41878	242,71777	-28,475586	-28,524878	-0,14365911	-0,031741418	-0,031969737	-0,0324062
41878	243,21777	-28,975586	-29,05254	-0,14503896	-0,032364648	-0,032532658	-0,03293439
41878	243,71777	-29,475586	-29,486994	-0,14835596	-0,03287641	-0,033109985	-0,033536673
41878	244,21777	-29,975586	-29,965853	-0,14917254	-0,033421494	-0,033637639	-0,033983119
41878	244,71777	-30,475586	-30,419559	-0,15149713	-0,033963881	-0,034183703	-0,034633167
41878	245,21777	-30,975586	-30,983013	-0,15478432	-0,034674075	-0,034759477	-0,035331696
41878	245,71777	-31,475586	-31,452461	-0,15628934	-0,035202093	-0,035328493	-0,035868786
41878	246,21777	-31,975586	-31,98728	-0,15784204	-0,035838041	-0,035891041	-0,036512673
41878	246,71777	-32,475586	-32,499344	-0,1588136	-0,036425509	-0,036523819	-0,037053015
41878	247,21777	-32,975586	-33,063423	-0,16206205	-0,037107904	-0,037199892	-0,037803203
41878	247,71777	-33,475586	-33,556923	-0,16445816	-0,037639618	-0,037670597	-0,038292672
41878	248,21777	-33,975586	-34,057964	-0,16658008	-0,038285173	-0,038334031	-0,039017361
41878	248,71777	-34,475586	-34,500389	-0,16796589	-0,038779531	-0,038841847	-0,039449319
41878	249,21777	-34,975586	-34,951241	-0,16958714	-0,039301731	-0,039348491	-0,040057857
41878	249,71777	-35,475586	-35,444798	-0,17139018	-0,039944939	-0,039949328	-0,040627223
41878	250,21777	-35,975586	-35,95319	-0,17407238	-0,040569231	-0,040478177	-0,041204505
41878	250,71777	-36,475586	-36,469872	-0,17602146	-0,041240957	-0,041056231	-0,041896828
41878	251,21777	-36,975586	-37,020622	-0,17827749	-0,041832373	-0,041718274	-0,042470224
41878	251,71777	-37,475586	-37,52655	-0,17970502	-0,042440303	-0,042240739	-0,043143731
41878	252,21777	-37,975586	-38,040909	-0,1814574	-0,043056473	-0,042834572	-0,043746941
41878	252,71777	-38,475586	-38,57164	-0,18300414	-0,043681856	-0,043432057	-0,044279732
41878	253,21777	-38,975586	-39,010452	-0,18557012	-0,044183575	-0,043990351	-0,044944905
41878	253,71777	-39	-39,009647	-0,18689334	-0,04425773	-0,043998852	-0,044877194
41878	254,21777	-39	-39,002583	-0,18660724	-0,044271305	-0,043980263	-0,045064062
41878	254,71777	-39	-39,016682	-0,18568635	-0,044354331	-0,044005364	-0,044907548
41878	255,21777	-39	-38,987328	-0,18664896	-0,044380743	-0,044088528	-0,045118697
41878	255,71777	-39	-39,030048	-0,18684864	-0,044320829	-0,044062931	-0,044968564
41878	256,21777	-39	-39,003201	-0,18691719	-0,044286791	-0,044075876	-0,045064256
41878	256,71777	-39	-39,039612	-0,18654466	-0,044456586	-0,044185027	-0,045021996
41878	257,21777	-39	-39,02359	-0,18684566	-0,044411268	-0,044167355	-0,045125056
41878	257,71777	-39	-39,016708	-0,18756092	-0,044381499	-0,04414808	-0,04511549
41878	258,21777	-39	-39,000946	-0,1868248	-0,044408225	-0,044183969	-0,045061044
41878	258,71777	-39	-38,975887	-0,1874119	-0,044423729	-0,04423064	-0,045120515
41878	259,21777	-39	-38,977676	-0,18642545	-0,044349395	-0,04418163	-0,045025349
41878	259,71777	-39	-38,985298	-0,18742979	-0,04433322	-0,044164147	-0,045042619
41878	260,21777	-39	-38,949364	-0,18646717	-0,044430099	-0,044186659	-0,045095973
41878	260,71777	-39	-38,957077	-0,18712878	-0,04452005	-0,044194624	-0,045066636
41878	261,21777	-39	-38,976719	-0,18782914	-0,044493992	-0,044219516	-0,045200557
41878	261,71777	-39	-39,000332	-0,18768013	-0,044527322	-0,044187076	-0,045148265
41878	262,21777	-39	-39,024513	-0,18687844	-0,044524208	-0,044289067	-0,045199979
41878	262,71777	-39	-39,014511	-0,18795729	-0,044554748	-0,044208325	-0,045189563
41878	263,21777	-39	-39,027069	-0,18872917	-0,044590615	-0,044234969	-0,045181192
41878	263,71777	-39	-38,983856	-0,18774569	-0,044485539	-0,044272982	-0,045187127
41878	264,21777	-39	-39,019676	-0,18714666	-0,044581097	-0,044245027	-0,045172855
41878	264,71777	-39	-38,953411	-0,18793941	-0,044582743	-0,044261098	-0,045217905
41878	265,21777	-39	-39,013542	-0,18885136	-0,044557586	-0,044307083	-0,04524646
41878	265,71777	-39	-39,010128	-0,18808246	-0,044592977	-0,044313982	-0,045297705
41878	266,21777	-39	-39,048702	-0,18702447	-0,044646204	-0,044339754	-0,0452406
41878	266,71777	-39	-39,00613	-0,18745959	-0,044564236	-0,044280544	-0,045242798
41878	267,21777	-39	-39,06073	-0,18611252	-0,044628441	-0,044380598	-0,045283597
41878	267,71777	-39	-39,006168	-0,1881063	-0,044604391	-0,044306375	-0,045317553
41878	268,21777	-39	-38,996613	-0,18745959	-0,044638753	-0,044406854	-0,045288898
41878	268,71777	-39	-38,984325	-0,18838048	-0,044558443	-0,044288956	-0,045180395
41878	269,21777	-39	-38,987091	-0,187549	-0,044593818	-0,04432505	-0,045224261
41878	269,71777	-39	-38,98119	-0,1880765	-0,044600569	-0,044306479	-0,04519809
41878	270,21777	-39	-38,998344	-0,18819273	-0,044617493	-0,044323709	-0,045269545
41878	270,71777	-39	-39,005901	-0,18676221	-0,044622805	-0,044344246	-0,045323547
41878	271,21777	-39	-39,037449	-0,18746853	-0,044676177	-0,044409543	-0,045364592
41878	271,71777	-39	-39,059746	-0,18804669	-0,044682477	-0,044423528	-0,045463946
41878	272,21777	-39	-39,031727	-0,18720329	-0,04465878	-0,044358388	-0,0452771
41878	272,71777	-39	-39,054249	-0,18765032	-0,044742443	-0,044436745	-0,045403853
41878	273,21777	-39	-38,962025	-0,18868446	-0,044624094	-0,044313923	-0,045248974
41878	273,71777	-39	-39,009518	-0,18853545	-0,044666663	-0,044423372	-0,045308895
41878	274,21777	-39	-38,968796	-0,18730462	-0,044651859	-0,044433169	-0,04526291
41878	274,71777	-39	-39,006012	-0,18750131	-0,044747327	-0,044459306	-0,045354743
41878	275,21777	-39	-38,995525	-0,18779039	-0,044652857	-0,044393208	-0,045445208
41878	275,71777	-39	-39,019299	-0,18805861	-0,044738229	-0,044412255	-0,045322746
41878	276,21777	-39	-39,008411	-0,18673241	-0,044664368	-0,044445213	-0,045385916
41878	276,71777	-39	-39,032459	-0,18760562	-0,044806249	-0,04445022	-0,045320231
41878	277,21777	-39	-39,028305	-0,18770397	-0,044737376	-0,044451319	-0,045387495
41878	277,71777	-39	-39,022572	-0,1871556	-0,044740014	-0,044448242	-0,045394674
41878	278,21777	-39	-38,998791	-0,18850267	-0,044723418	-0,044414017	-0,045338653
41878	278,71777	-39	-38,984489	-0,18772781	-0,044644691	-0,044420838	-0,045408182
41878	279,21777	-39	-38,983814	-0,18765032	-0,044703029	-0,044383686	-0,045342147
41878	279,71777	-39	-38,979546	-0,18776357	-0,044766732	-0,044422284	-0,045454856
41878	280,21777	-39	-39,020348	-0,18751621	-0,044859275	-0,044423111	-0,04524231
41878	280,71777	-39	-39,024059	-0,1872927	-0,044783216	-0,044475548	-0,045372982
41878	281,21777	-39	-39,030018	-0,18799007	-0,044813015	-0,044456523	-0,045360573
41878	281,71777	-39	-39,022758	-0,18884242	-0,044751801	-0,044540279	-0,045407154
41878	282,21777	-39	-39,013363	-0,18873811	-0,044712342	-0,044538472	-0,045406964
41878	282,71777	-39	-39,002636	-0,18789172	-0,044752292	-0,044439878	-0,045393541
41878	283,21777	-39	-38,999374	-0,18722117	-0,044713855	-0,04446581	-0,045358937
41878	283,71777	-36,661133	-36,631157	-0,18042624	-0,042095732	-0,041937027	-0,042659592
41878	284,21777	-34,161133	-34,09259	-0,17085969	-0,039261587	-0,039138649	-0,039812271
41878	284,71777	-31,661133	-31,575397	-0,16034842	-0,036354549	-0,036445051	-0,036939196
41878	285,21777	-29,161133	-29,110863	-0,15160441	-0,033662088	-0,033657439	-0,034120772
41878	285,71777	-26,661133	-26,655769	-0,14303029	-0,030887935	-0,030908599	-0,031357273
41878	286,21777	-24,161133	-24,18177	-0,13209283	-0,028074462	-0,028173614	-0,02847218
41878	286,71777	-21,661133	-21,685406	-0,12250245	-0,025188535	-0,025390774	-0,025529366
41878	287,21777	-19,161133	-19,178589	-0,11209846	-0,02230675	-0,022498053	-0,022542143
41878	287,71777	-16,661133	-16,611107	-0,099477172	-0,019257117	-0,019611508	-0,019521983
41878	288,21777	-14,161133	-14,129547	-0,087639689	-0,016303118	-0,0167212	-0,016488252
41878	288,71777	-11,661133	-11,588091	-0,075951219	-0,013228479	-0,013833008	-0,013508459
41878	289,21777	-9,1611328	-9,1445255	-0,063678622	-0,010376443	-0,010908657	-0,010499394
41878	289,71777	-6,6611328	-7,4340291	-0,054699183	-0,0082161771	-0,0089229289	-0,0084905168
41878	290,21777	-4,1611328	-4,3642259	-0,034183264	-0,0043623038	-0,0051733805	-0,0049772607
41878	290,71777	-1,6611328	-1,6488489	-0,013712049	-0,0012742337	-0,0018230509	-0,0014934664
41878	291,21777	-1	-0,59368837	8,9406967e-05	-0,00040924363	-0,00033211615	0,00040293523
41878	291,71777	-1	-0,66472775	-0,00077188015	-0,00026577897	-0,00035297498	0,00040453963
41878	292,21777	-1	-0,76511133	-0,0018358231	-0,00039072521	-0,0005474966	0,00028027047
41878	292,71777	-1	-0,81893241	-0,002387166	-0,00026513636	-0,0006526988	0,00021391432
41878	293,21777	-1	-0,84430349	-0,0026166439	-0,0003977865	-0,00050536636	0,00016156097
41878	293,71777	-1	-0,83194673	-0,0016391277	-0,00021990761	-0,00045668334	0,00017816278
41878	294,21777	-1	-0,86736864	-0,0021994114	-0,00013971329	-0,00047806464	0,00026752538
41878	294,71777	-1	-0,85230917	-0,0023305416	-0,00012512878	-0,00047063176	0,00021224206
41878	295,21777	0	-0,082187355	3,7614703	0,00014198199	0,00059937499	0,0016698212

Datenerfassung						Zeit:	295,33984	s	27.08.2014 13:42:34
Ch 1 Kraft	Ch 1 Weg	1944 A	1944 B	1281068
kN	mm	mm	mm	mm
0,016383827	4,8446417	0,00032069162	0,00065521244	0,001809152
-40,128345	-0,19091666	-0,045453496	-0,045051221	-0,046892826
