Datum : 	27.8.2014
Durchmesser :	48,7
Datum	Laufzeit	Ch 1 Kraft Sollwert	Ch 1 Kraft	Ch 1 Weg	1944 A	1944 B	1281068
d	s	kN	kN	mm	mm	mm	mm
41878	132,15234	-1,4980469	-1,4335401	-0,0019609928	-0,00027827173	-0,00068166573	-0,00035031186
41878	132,65234	-1,9980469	-1,4194231	-0,0025570393	-0,00032831356	-0,00064666662	-0,00036983658
41878	133,15234	-2,4980469	-2,4657381	-0,011003017	-0,0010329634	-0,0023053091	-0,0012669433
41878	133,65234	-2,9980469	-3,1188149	-0,015303493	-0,0016744398	-0,0031542368	-0,0016594902
41878	134,15234	-3,4980469	-3,7294123	-0,021180511	-0,0021040142	-0,0039962963	-0,002343663
41878	134,65234	-3,9980469	-4,2045841	-0,022619963	-0,0025473237	-0,0046682158	-0,0027958676
41878	135,15234	-4,4980469	-4,690062	-0,025188923	-0,0029292628	-0,005281812	-0,0033685658
41878	135,65234	-4,9980469	-5,1430817	-0,02861619	-0,0033448674	-0,0058941576	-0,0037301667
41878	136,15234	-5,4980469	-5,5957136	-0,031864643	-0,0036295615	-0,0065414621	-0,0042437371
41878	136,65234	-5,9980469	-6,0643144	-0,033786893	-0,0040407293	-0,0070553133	-0,0047259107
41878	137,15234	-6,4980469	-6,5396056	-0,038477778	-0,0044058524	-0,0077549596	-0,0052217627
41878	137,65234	-6,9980469	-7,0052614	-0,041568279	-0,0048970543	-0,0083607184	-0,0057281191
41878	138,15234	-7,4980469	-7,5097504	-0,044223666	-0,0052663684	-0,0090173017	-0,0062293205
41878	138,65234	-7,9980469	-8,0179167	-0,047537684	-0,0057202019	-0,0097407056	-0,0068240296
41878	139,15234	-8,4980469	-8,5415363	-0,05004704	-0,006140817	-0,010317357	-0,0073245745
41878	139,65234	-8,9980469	-9,0509281	-0,052720308	-0,0066248626	-0,010955249	-0,0078916205
41878	140,15234	-9,4980469	-9,5667	-0,055864453	-0,0070958212	-0,011552637	-0,0084828138
41878	140,65234	-9,9980469	-10,048736	-0,05838871	-0,0075829364	-0,01219907	-0,0089631202
41878	141,15234	-10,498047	-10,529576	-0,061053038	-0,0079746507	-0,012822993	-0,0095516043
41878	141,65234	-10,998047	-10,996234	-0,06313324	-0,0084272586	-0,013345027	-0,010086284
41878	142,15234	-11,498047	-11,481456	-0,065532327	-0,0089152455	-0,014000198	-0,010593143
41878	142,65234	-11,998047	-11,972179	-0,068798661	-0,0093985312	-0,014580173	-0,011045043
41878	143,15234	-12,498047	-12,475466	-0,071027875	-0,0098385178	-0,015167808	-0,011593667
41878	143,65234	-12,998047	-12,998589	-0,074341893	-0,010342814	-0,015799841	-0,012223248
41878	144,15234	-13,498047	-13,530573	-0,075852871	-0,010871656	-0,016399622	-0,012878138
41878	144,65234	-13,998047	-14,056424	-0,078618526	-0,011487681	-0,016978389	-0,013387616
41878	145,15234	-14,498047	-14,559317	-0,080904365	-0,0120323	-0,017632948	-0,013992376
41878	145,65234	-14,998047	-15,021446	-0,083065033	-0,012514509	-0,018232087	-0,014441145
41878	146,15234	-15,498047	-15,496844	-0,085932016	-0,012884881	-0,018716101	-0,015018885
41878	146,65234	-15,998047	-15,964843	-0,08789897	-0,013415031	-0,019331507	-0,015520238
41878	147,15234	-16,498047	-16,442547	-0,090047717	-0,013874598	-0,01985926	-0,01604465
41878	147,65234	-16,998047	-16,958185	-0,092166662	-0,014487341	-0,02051623	-0,016699456
41878	148,15234	-17,498047	-17,456657	-0,095388293	-0,014997382	-0,021023452	-0,017320592
41878	148,65234	-17,998047	-17,99251	-0,096839666	-0,015526243	-0,021622954	-0,01783631
41878	149,15234	-18,498047	-18,516468	-0,098499656	-0,016142193	-0,022286439	-0,018497158
41878	149,65234	-18,998047	-19,057493	-0,10212362	-0,016665038	-0,022844952	-0,019025065
41878	150,15234	-19,498047	-19,559458	-0,10356307	-0,017223712	-0,023445636	-0,019654274
41878	150,65234	-19,998047	-20,018463	-0,10630488	-0,017696798	-0,023982873	-0,020170711
41878	151,15234	-20,498047	-20,514553	-0,10848045	-0,018171068	-0,024582982	-0,020731386
41878	151,65234	-20,998047	-20,978718	-0,1098901	-0,018736437	-0,025124751	-0,021167293
41878	152,15234	-21,498047	-21,469158	-0,11335611	-0,019321304	-0,025776325	-0,021761637
41878	152,65234	-21,998047	-21,96874	-0,11509955	-0,019823607	-0,026265364	-0,022410572
41878	153,15234	-22,498047	-22,494389	-0,11619627	-0,020358726	-0,026903657	-0,022859447
41878	153,65234	-22,998047	-23,02631	-0,11930466	-0,020852093	-0,027498681	-0,023638494
41878	154,15234	-23,498047	-23,543833	-0,1203984	-0,02143145	-0,02813906	-0,024192061
41878	154,65234	-23,998047	-24,056549	-0,12343526	-0,022025738	-0,028742973	-0,024757262
41878	155,15234	-24,498047	-24,568565	-0,12651384	-0,022653431	-0,029266519	-0,025306582
41878	155,65234	-24,998047	-25,040213	-0,12795627	-0,023095902	-0,029874442	-0,025881659
41878	156,15234	-25,498047	-25,512447	-0,13012886	-0,023580812	-0,030384226	-0,02648785
41878	156,65234	-25,998047	-25,989391	-0,13126731	-0,024147153	-0,030914295	-0,027002066
41878	157,15234	-26,498047	-26,482712	-0,1345247	-0,024705645	-0,031508598	-0,027583472
41878	157,65234	-26,998047	-26,976444	-0,13565123	-0,0252054	-0,032102577	-0,028082717
41878	158,15234	-27,498047	-27,50349	-0,1386553	-0,025806399	-0,032736789	-0,028776914
41878	158,65234	-27,998047	-28,023239	-0,14109015	-0,026316017	-0,033355769	-0,02936013
41878	159,15234	-28,498047	-28,54166	-0,14363229	-0,026947247	-0,033960566	-0,02990406
41878	159,65234	-28,998047	-29,054379	-0,14578402	-0,027553597	-0,034524139	-0,030511398
41878	160,15234	-29,498047	-29,524565	-0,1473695	-0,027983544	-0,035154555	-0,03113988
41878	160,65234	-29,998047	-29,990509	-0,14900565	-0,028525842	-0,035714608	-0,031652868
41878	161,15234	-30,498047	-30,467583	-0,15120804	-0,029112393	-0,036180444	-0,032210104
41878	161,65234	-30,998047	-30,966137	-0,15304089	-0,0296207	-0,036874458	-0,03279721
41878	162,15234	-31,498047	-31,480553	-0,1547873	-0,030260896	-0,037340716	-0,033345468
41878	162,65234	-31,998047	-31,989866	-0,15798211	-0,030804597	-0,037987273	-0,033986095
41878	163,15234	-32,498047	-32,526295	-0,15951693	-0,031385511	-0,038624819	-0,034525301
41878	163,65234	-32,998047	-33,076153	-0,16160607	-0,03202875	-0,039254043	-0,035177343
41878	164,15234	-33,498047	-33,584663	-0,16297698	-0,032662548	-0,039877459	-0,03587468
41878	164,65234	-33,998047	-34,050365	-0,16613305	-0,033127494	-0,040420167	-0,036276922
41878	165,15234	-34,498047	-34,521957	-0,16819835	-0,033597723	-0,040898707	-0,03698995
41878	165,65234	-34,998047	-35,000439	-0,16879141	-0,034219466	-0,041541301	-0,037486505
41878	166,15234	-35,498047	-35,472118	-0,17127395	-0,034711886	-0,042028669	-0,038067043
41878	166,65234	-35,998047	-35,945042	-0,1734376	-0,035216216	-0,042641934	-0,038727619
41878	167,15234	-36,498047	-36,454815	-0,17597973	-0,035892393	-0,043242935	-0,039233744
41878	167,65234	-36,998047	-36,988255	-0,17797649	-0,03642448	-0,043846764	-0,039812077
41878	168,15234	-37,498047	-37,516983	-0,18068552	-0,037066866	-0,044449702	-0,040462103
41878	168,65234	-37,998047	-38,055733	-0,1827091	-0,037639908	-0,045038134	-0,041166805
41878	169,15234	-38,498047	-38,575363	-0,18442869	-0,038204681	-0,04572073	-0,041667737
41878	169,65234	-38,998047	-39,072475	-0,18598139	-0,038846534	-0,046260688	-0,042383332
41878	170,15234	-39,498047	-39,555172	-0,18999577	-0,039399177	-0,046878133	-0,042909369
41878	170,65234	-39,998047	-40,006485	-0,19056499	-0,039939132	-0,04739495	-0,043391917
41878	171,15234	-39,506836	-39,469894	-0,18959045	-0,039410748	-0,04694216	-0,04292414
41878	171,65234	-39,006836	-38,897446	-0,18599629	-0,038822651	-0,046328776	-0,042393014
41878	172,15234	-38,506836	-38,446297	-0,18527508	-0,038391892	-0,045949657	-0,041888762
41878	172,65234	-38,006836	-37,949448	-0,18354654	-0,037890419	-0,045381527	-0,041535906
41878	173,15234	-37,506836	-37,510197	-0,18263757	-0,037468009	-0,044950671	-0,041056182
41878	173,65234	-37,006836	-37,007935	-0,1817584	-0,036903337	-0,044397429	-0,040505622
41878	174,15234	-36,506836	-36,490833	-0,17780066	-0,036403939	-0,043745801	-0,040014032
41878	174,65234	-36,006836	-35,962669	-0,17678142	-0,035799183	-0,043260504	-0,039411265
41878	175,15234	-35,506836	-35,437523	-0,17530024	-0,03530965	-0,042794779	-0,038884968
41878	175,65234	-35,006836	-34,913986	-0,17371774	-0,034686312	-0,042160515	-0,038284842
41878	176,15234	-34,506836	-34,42762	-0,17089844	-0,034169242	-0,04165829	-0,037840813
41878	176,65234	-34,006836	-33,941231	-0,17069876	-0,033691708	-0,041140612	-0,037306897
41878	177,15234	-33,506836	-33,483093	-0,16859174	-0,033257067	-0,040614497	-0,036805131
41878	177,65234	-33,006836	-33,028011	-0,16605258	-0,03273889	-0,040088795	-0,036290023
41878	178,15234	-32,506836	-32,574997	-0,16472638	-0,032316655	-0,039679624	-0,035820104
41878	178,65234	-32,006836	-32,059929	-0,16256571	-0,031793065	-0,039047234	-0,035342831
41878	179,15234	-31,506836	-31,532116	-0,16092956	-0,03120888	-0,038474783	-0,034764256
41878	179,65234	-31,006836	-30,99964	-0,1591146	-0,030599363	-0,037922896	-0,034165829
41878	180,15234	-30,506836	-30,466114	-0,15783012	-0,030135997	-0,03731481	-0,033672139
41878	180,65234	-30,006836	-29,958689	-0,15520155	-0,029475983	-0,036819514	-0,033073321
41878	181,15234	-29,506836	-29,446833	-0,15498996	-0,028982235	-0,036277045	-0,032499798
41878	181,65234	-29,006836	-28,943815	-0,15186369	-0,028460996	-0,035783581	-0,031988043
41878	182,15234	-28,506836	-28,475639	-0,15023351	-0,027909689	-0,035207	-0,031533577
41878	182,65234	-28,006836	-28,014839	-0,14942586	-0,027371163	-0,034718547	-0,031109363
41878	183,15234	-27,506836	-27,551451	-0,14705658	-0,026946293	-0,034111306	-0,030500334
41878	183,65234	-27,006836	-27,07155	-0,14518499	-0,026470715	-0,033546235	-0,030017134
41878	184,15234	-26,506836	-26,520575	-0,14382303	-0,025913201	-0,033002514	-0,029367886
41878	184,65234	-26,006836	-26,003298	-0,14171004	-0,025405569	-0,032433849	-0,028865971
41878	185,15234	-25,506836	-25,460026	-0,13935864	-0,024763621	-0,031901933	-0,02828474
41878	185,65234	-25,006836	-24,957445	-0,13604164	-0,024203271	-0,031263907	-0,027829461
41878	186,15234	-24,506836	-24,450415	-0,13482273	-0,023651205	-0,030747179	-0,027226549
41878	186,65234	-24,006836	-23,97867	-0,13308525	-0,023212377	-0,030159689	-0,026711162
41878	187,15234	-23,506836	-23,484787	-0,13091862	-0,022684868	-0,029648414	-0,026169028
41878	187,65234	-23,006836	-23,029284	-0,12904406	-0,022166599	-0,029094206	-0,025756389
41878	188,15234	-22,506836	-22,544306	-0,12681484	-0,021680787	-0,028548304	-0,025183976
41878	188,65234	-22,006836	-22,044916	-0,12516379	-0,021115024	-0,02798746	-0,02454596
41878	189,15234	-21,506836	-21,517475	-0,12384355	-0,020650849	-0,027417751	-0,024017464
41878	189,65234	-21,006836	-21,001211	-0,12090206	-0,020095792	-0,026817787	-0,023516763
41878	190,15234	-20,506836	-20,447001	-0,11890233	-0,019561522	-0,026158368	-0,022936653
41878	190,65234	-20,006836	-19,951517	-0,11711717	-0,019001555	-0,025629992	-0,022408385
41878	191,15234	-19,506836	-19,443567	-0,11483729	-0,018467505	-0,025078148	-0,021751706
41878	191,65234	-19,006836	-18,967081	-0,1129657	-0,017925341	-0,024521634	-0,021255575
41878	192,15234	-18,506836	-18,503544	-0,11085272	-0,017365508	-0,023990298	-0,020795885
41878	192,65234	-18,006836	-18,040123	-0,10911226	-0,016953036	-0,023438126	-0,020245291
41878	193,15234	-17,506836	-17,563272	-0,10673404	-0,016473275	-0,022929108	-0,019647632
41878	193,65234	-17,006836	-17,052095	-0,10526776	-0,015876371	-0,022220034	-0,019145913
41878	194,15234	-16,506836	-16,508492	-0,10113716	-0,01536401	-0,021659773	-0,01865159
41878	194,65234	-16,006836	-15,948706	-0,099530816	-0,014723476	-0,021044366	-0,017981883
41878	195,15234	-15,506836	-15,460999	-0,097256899	-0,014167409	-0,020413028	-0,017418087
41878	195,65234	-15,006836	-14,937715	-0,096398592	-0,013691679	-0,019879548	-0,016802028
41878	196,15234	-14,506836	-14,473658	-0,093087554	-0,013187096	-0,019244518	-0,016268119
41878	196,65234	-14,006836	-13,988667	-0,092294812	-0,012647085	-0,018658908	-0,015779536
41878	197,15234	-13,506836	-13,516313	-0,088635087	-0,012133319	-0,018152626	-0,015287369
41878	197,65234	-13,006836	-13,021942	-0,086653233	-0,011677209	-0,017553462	-0,01477407
41878	198,15234	-12,506836	-12,513962	-0,08366406	-0,011061162	-0,016943198	-0,014143343
41878	198,65234	-12,006836	-12,004632	-0,081586838	-0,0105181	-0,016350804	-0,013620072
41878	199,15234	-11,506836	-11,488827	-0,079336762	-0,0099872202	-0,015659535	-0,01301683
41878	199,65234	-11,006836	-10,97835	-0,077211857	-0,0094748549	-0,015095215	-0,012444329
41878	200,15234	-10,506836	-10,492129	-0,074630976	-0,0089969151	-0,014495499	-0,011930234
41878	200,65234	-10,006836	-10,031858	-0,072881579	-0,0084911659	-0,01387446	-0,011463757
41878	201,15234	-9,5068359	-9,7170658	-0,070232153	-0,008256305	-0,013533983	-0,011010389
41878	201,65234	-9,0068359	-9,202239	-0,066566467	-0,0076941922	-0,012816869	-0,010505467
41878	202,15234	-8,5068359	-8,4547644	-0,063878298	-0,0069577098	-0,011851538	-0,0097094672
41878	202,65234	-8,0068359	-7,9869909	-0,061061978	-0,0066158809	-0,011217639	-0,0089790514
41878	203,15234	-7,5068359	-7,4911323	-0,058248639	-0,0060572475	-0,010556117	-0,0085803624
41878	203,65234	-7,0068359	-6,9924445	-0,055041909	-0,0056023039	-0,0099092182	-0,0080097644
41878	204,15234	-6,5068359	-6,49371	-0,052040815	-0,0051430538	-0,0092416517	-0,0075426344
41878	204,65234	-6,0068359	-5,9859419	-0,049474835	-0,0046741888	-0,0085067581	-0,0068295654
41878	205,15234	-5,5068359	-5,4413619	-0,045785308	-0,0041551851	-0,0078240503	-0,0062554497
41878	205,65234	-5,0068359	-4,9205723	-0,043052435	-0,003678862	-0,0071240733	-0,005697119
41878	206,15234	-4,5068359	-4,4324102	-0,040233135	-0,0033108927	-0,0064054905	-0,0051768227
41878	206,65234	-4,0068359	-3,9397814	-0,036290288	-0,0027498528	-0,005654681	-0,0046940902
41878	207,15234	-3,5068359	-3,483288	-0,032573938	-0,0024402216	-0,0050048348	-0,0041052382
41878	207,65234	-3,0068359	-3,0002911	-0,029698014	-0,0019988008	-0,004209443	-0,0036968999
41878	208,15234	-2,5068359	-2,4724007	-0,025865436	-0,0015314706	-0,0035005547	-0,0030953046
41878	208,65234	-2,0068359	-1,9497797	-0,02143383	-0,001203984	-0,0026300659	-0,0026397966
41878	209,15234	-1,5068359	-1,4439914	-0,016158819	-0,00083287433	-0,0016771141	-0,002026476
41878	209,65234	-1,0068359	-0,95591319	-0,011277199	-0,00067919493	-0,00073373783	-0,0017378302
41878	210,15234	-1,4882813	-1,3240054	-0,013288856	-0,0007766746	-0,0013346188	-0,0018507242
41878	210,65234	-1,9882813	-1,4164616	-0,015509129	-0,00080757216	-0,0015197422	-0,0019806493
41878	211,15234	-2,4882813	-2,4031699	-0,021511316	-0,0014878958	-0,0030461634	-0,0028184205
41878	211,65234	-2,9882813	-3,0125341	-0,026884675	-0,0019990802	-0,0037828814	-0,0033872873
41878	212,15234	-3,4882813	-3,6494639	-0,030452013	-0,0024232045	-0,0047715805	-0,0040427633
41878	212,65234	-3,9882813	-4,1517968	-0,033330917	-0,0028897598	-0,0054024518	-0,004536421
41878	213,15234	-4,4882813	-4,6072493	-0,03734529	-0,0033027381	-0,0060062171	-0,0049716383
41878	213,65234	-4,9882813	-5,0537305	-0,039485097	-0,0036449842	-0,0065772915	-0,0054295743
41878	214,15234	-5,4882813	-5,5237861	-0,043711066	-0,0040110238	-0,0071700416	-0,005907882
41878	214,65234	-5,9882813	-6,003974	-0,045379996	-0,0045378134	-0,0077068964	-0,0063779633
41878	215,15234	-6,4882813	-6,4635072	-0,047239661	-0,0049373657	-0,008376414	-0,0069333343
41878	215,65234	-6,9882813	-7,013442	-0,050714612	-0,0053708851	-0,0090693794	-0,0074227965
41878	216,15234	-7,4882813	-7,5200701	-0,053921342	-0,0058187321	-0,0097433003	-0,0080265393
41878	216,65234	-7,9882813	-8,0443535	-0,0564605	-0,0063563399	-0,010352263	-0,0086398069
41878	217,15234	-8,4882813	-8,5728998	-0,05928576	-0,0068701394	-0,01109571	-0,0091240173
41878	217,65234	-8,9882813	-9,0622101	-0,061681867	-0,0073247254	-0,011583647	-0,0096204905
41878	218,15234	-9,4882813	-9,5440874	-0,063884258	-0,0077474006	-0,012239533	-0,010154898
41878	218,65234	-9,9882813	-10,020492	-0,066643953	-0,0081658661	-0,012715878	-0,010662851
41878	219,15234	-10,488281	-10,506357	-0,069698691	-0,0087156296	-0,01336872	-0,011209509
41878	219,65234	-10,988281	-10,988971	-0,073185563	-0,0091323294	-0,01395083	-0,011737141
41878	220,15234	-11,488281	-11,523736	-0,074645877	-0,0096479654	-0,014562981	-0,012353471
41878	220,65234	-11,988281	-12,014878	-0,076469779	-0,010168795	-0,01518565	-0,012901475
41878	221,15234	-12,488281	-12,539221	-0,079825521	-0,01075149	-0,015706044	-0,013467635
41878	221,65234	-12,988281	-13,067785	-0,081729889	-0,011307508	-0,016402526	-0,013998671
41878	222,15234	-13,488281	-13,571147	-0,08353889	-0,011845447	-0,016985836	-0,014553758
41878	222,65234	-13,988281	-14,078575	-0,086188316	-0,012383256	-0,017492266	-0,015072699
41878	223,15234	-14,488281	-14,5501	-0,087460876	-0,012814723	-0,018079393	-0,015583263
41878	223,65234	-14,988281	-15,013568	-0,090652704	-0,013389397	-0,018622736	-0,016049769
41878	224,15234	-15,488281	-15,483639	-0,092685223	-0,013849951	-0,019138388	-0,016678583
41878	224,65234	-15,988281	-15,962866	-0,093436241	-0,014315318	-0,019646507	-0,01722135
41878	225,15234	-16,488281	-16,484678	-0,097259879	-0,014948931	-0,020327611	-0,017721567
41878	225,65234	-16,988281	-17,008947	-0,099387765	-0,015486833	-0,020836782	-0,018420756
41878	226,15234	-17,488281	-17,553623	-0,099489093	-0,016008142	-0,021429565	-0,01883528
41878	226,65234	-17,988281	-18,056572	-0,10365546	-0,016600233	-0,022084469	-0,019472044
41878	227,15234	-18,488281	-18,566519	-0,1052171	-0,017112169	-0,022617094	-0,020022001
41878	227,65234	-18,988281	-19,069813	-0,10844469	-0,017663486	-0,023248913	-0,020574391
41878	228,15234	-19,488281	-19,524597	-0,10963678	-0,018161092	-0,023795761	-0,021100674
41878	228,65234	-19,988281	-19,994099	-0,11173785	-0,018661942	-0,024251165	-0,021616325
41878	229,15234	-20,488281	-20,462633	-0,11370182	-0,019130897	-0,024776194	-0,022099644
41878	229,65234	-20,988281	-20,965195	-0,11594296	-0,019727513	-0,025279541	-0,022658374
41878	230,15234	-21,488281	-21,473112	-0,11714399	-0,020238627	-0,025912609	-0,023233049
41878	230,65234	-21,988281	-22,002424	-0,12030005	-0,020741384	-0,026556648	-0,023742992
41878	231,15234	-22,488281	-22,534332	-0,12143254	-0,021301854	-0,027130302	-0,02440954
41878	231,65234	-22,988281	-23,040607	-0,12465715	-0,021885276	-0,027754448	-0,024941012
41878	232,15234	-23,488281	-23,555187	-0,12435615	-0,022410516	-0,028325375	-0,025581714
41878	232,65234	-23,988281	-24,040291	-0,12762845	-0,022977091	-0,028885311	-0,026056681
41878	233,15234	-24,488281	-24,483318	-0,12915432	-0,02347365	-0,029390121	-0,026521333
41878	233,65234	-24,988281	-24,968172	-0,13193488	-0,023995578	-0,029980339	-0,027057815
41878	234,15234	-25,488281	-25,465124	-0,13411045	-0,024484448	-0,030453211	-0,027630154
41878	234,65234	-25,988281	-25,965822	-0,13712049	-0,025031943	-0,031016719	-0,028132841
41878	235,15234	-26,488281	-26,489933	-0,13837218	-0,02558074	-0,031625677	-0,028848555
41878	235,65234	-26,988281	-27,019825	-0,14103651	-0,026104381	-0,032141231	-0,029287271
41878	236,15234	-27,488281	-27,533384	-0,14202893	-0,026711568	-0,032794379	-0,029966466
41878	236,65234	-27,988281	-28,078154	-0,14559031	-0,02721555	-0,033337627	-0,030518282
41878	237,15234	-28,488281	-28,561943	-0,14701784	-0,027820261	-0,033944268	-0,030964132
41878	237,65234	-28,988281	-29,024529	-0,14852881	-0,028345529	-0,034467231	-0,031591292
41878	238,15234	-29,488281	-29,49789	-0,14977157	-0,028852386	-0,034992907	-0,032151606
41878	238,65234	-29,988281	-29,969351	-0,15217662	-0,029450556	-0,035554435	-0,032748651
41878	239,15234	-30,488281	-30,466118	-0,15452504	-0,029969556	-0,036103278	-0,033120308
41878	239,65234	-30,988281	-30,976839	-0,15675724	-0,030491527	-0,036659986	-0,033814088
41878	240,15234	-31,488281	-31,490089	-0,15851855	-0,031037636	-0,037208945	-0,034306161
41878	240,65234	-31,988281	-32,025387	-0,16019642	-0,031605709	-0,037847757	-0,035067957
41878	241,15234	-32,488281	-32,546535	-0,16228557	-0,032190554	-0,038392905	-0,035523053
41878	241,65234	-32,988281	-33,073566	-0,16509593	-0,032756459	-0,038941197	-0,036140919
41878	242,15234	-33,488281	-33,539406	-0,16573966	-0,033267513	-0,039563775	-0,036704831
41878	242,65234	-33,988281	-34,010555	-0,16845763	-0,033840448	-0,040118769	-0,037126582
41878	243,15234	-34,488281	-34,485191	-0,1696229	-0,034313671	-0,040622614	-0,037705883
41878	243,65234	-34,988281	-34,972622	-0,17137527	-0,034801871	-0,041167703	-0,038229186
41878	244,15234	-35,488281	-35,469501	-0,17434061	-0,035485432	-0,04172188	-0,038810305
41878	244,65234	-35,988281	-35,957653	-0,17642379	-0,035935111	-0,042221852	-0,039339382
41878	245,15234	-36,488281	-36,51862	-0,17847717	-0,036522679	-0,042907387	-0,039946292
41878	245,65234	-36,988281	-37,029964	-0,17885566	-0,037099726	-0,043455672	-0,040559307
41878	246,15234	-37,488281	-37,54504	-0,18299818	-0,037624955	-0,04397507	-0,04108474
41878	246,65234	-37,988281	-38,070599	-0,18355548	-0,038215153	-0,044577911	-0,04174212
41878	247,15234	-38,488281	-38,531826	-0,18537343	-0,038738653	-0,045112181	-0,042260591
41878	247,65234	-38,988281	-38,987232	-0,18701851	-0,039211802	-0,045627695	-0,042794101
41878	248,15234	-38,516602	-38,482109	-0,18524528	-0,038724203	-0,045150355	-0,042227101
41878	248,65234	-38,016602	-37,897552	-0,18362701	-0,038168743	-0,044558212	-0,041670829
41878	249,15234	-37,516602	-37,410854	-0,1824826	-0,037643135	-0,044063747	-0,04128617
41878	249,65234	-37,016602	-36,958385	-0,18171668	-0,037239857	-0,043636378	-0,040668465
41878	250,15234	-36,516602	-36,499233	-0,17858744	-0,036742553	-0,043117769	-0,040336326
41878	250,65234	-36,016602	-36,026051	-0,1781553	-0,036219217	-0,042591188	-0,039819814
41878	251,15234	-35,516602	-35,528751	-0,17645359	-0,035685286	-0,042114902	-0,039324608
41878	251,65234	-35,016602	-35,013714	-0,17331541	-0,035171889	-0,041554131	-0,038706955
41878	252,15234	-34,516602	-34,476646	-0,17234385	-0,03467457	-0,040974896	-0,038124587
41878	252,65234	-34,016602	-33,953335	-0,1701504	-0,034095526	-0,040374842	-0,037648503
41878	253,15234	-33,516602	-33,419022	-0,16896129	-0,033503912	-0,039817784	-0,037081771
41878	253,65234	-33,016602	-32,915295	-0,16776025	-0,033110652	-0,039297085	-0,036535773
41878	254,15234	-32,516602	-32,460262	-0,16522408	-0,03253632	-0,038742792	-0,036074009
41878	254,65234	-32,016602	-32,016682	-0,1632303	-0,032136504	-0,038293697	-0,035588589
41878	255,15234	-31,516602	-31,516495	-0,16243458	-0,031469934	-0,03783913	-0,035001919
41878	255,65234	-31,016602	-31,03443	-0,1591742	-0,031016696	-0,037298974	-0,034459911
41878	256,15234	-30,516602	-30,507668	-0,15797615	-0,030429831	-0,036722492	-0,033929061
41878	256,65234	-30,016602	-30,007252	-0,15643537	-0,029917654	-0,036101516	-0,033424303
41878	257,15234	-29,516602	-29,479874	-0,15417039	-0,029354833	-0,035569906	-0,032877296
41878	257,65234	-29,016602	-28,945118	-0,15275776	-0,028748229	-0,035028767	-0,032309074
41878	258,15234	-28,516602	-28,433039	-0,15000403	-0,028261594	-0,034487322	-0,031770177
41878	258,65234	-28,016602	-27,968622	-0,14977753	-0,027760211	-0,033906728	-0,031255648
41878	259,15234	-27,516602	-27,492121	-0,14736652	-0,02725675	-0,033379659	-0,0307776
41878	259,65234	-27,016602	-27,016584	-0,14491379	-0,026735006	-0,032940768	-0,030226424
41878	260,15234	-26,516602	-26,527561	-0,14310479	-0,02625042	-0,032319613	-0,029672354
41878	260,65234	-26,016602	-26,034975	-0,14242828	-0,025765315	-0,031798124	-0,029266484
41878	261,15234	-25,516602	-25,508583	-0,14029741	-0,02512252	-0,031201007	-0,028587144
41878	261,65234	-25,016602	-24,984747	-0,13816655	-0,024601683	-0,030687429	-0,028057199
41878	262,15234	-24,516602	-24,444855	-0,13641715	-0,024024051	-0,03000067	-0,027490385
41878	262,65234	-24,016602	-23,956366	-0,13422966	-0,023551222	-0,029466718	-0,026925109
41878	263,15234	-23,516602	-23,48151	-0,1314044	-0,022936057	-0,028927526	-0,026316587
41878	263,65234	-23,016602	-22,985624	-0,13052821	-0,02245345	-0,028438343	-0,025826205
41878	264,15234	-22,516602	-22,544926	-0,12833178	-0,022049908	-0,027962651	-0,025457729
41878	264,65234	-22,016602	-22,072342	-0,12620687	-0,021483377	-0,027417239	-0,024832591
41878	265,15234	-21,516602	-21,568163	-0,12423098	-0,021024901	-0,02677222	-0,02427458
41878	265,65234	-21,016602	-21,035246	-0,12144744	-0,020440735	-0,026198158	-0,023739316
41878	266,15234	-20,516602	-20,507627	-0,11961162	-0,019916598	-0,025705349	-0,023159772
41878	266,65234	-20,016602	-19,993599	-0,11790991	-0,019309569	-0,024979146	-0,022608511
41878	267,15234	-19,516602	-19,468988	-0,11657774	-0,018727798	-0,024487292	-0,022036862
41878	267,65234	-19,016602	-18,97509	-0,11410117	-0,01824794	-0,02389	-0,021601833
41878	268,15234	-18,516602	-18,507227	-0,11135638	-0,017759219	-0,023320651	-0,020912018
41878	268,65234	-18,016602	-18,042316	-0,10923445	-0,017182581	-0,022800118	-0,020422369
41878	269,15234	-17,516602	-17,555826	-0,10698736	-0,016733851	-0,022232331	-0,01985677
41878	269,65234	-17,016602	-17,065226	-0,10555685	-0,016186073	-0,0216497	-0,019408822
41878	270,15234	-16,516602	-16,547579	-0,10262728	-0,015659459	-0,02100613	-0,018751252
41878	270,65234	-16,016602	-16,035908	-0,10133088	-0,015108205	-0,020494688	-0,018182855
41878	271,15234	-15,516602	-15,5115	-0,099053979	-0,014527909	-0,019850401	-0,017779768
41878	271,65234	-15,016602	-14,988629	-0,096279383	-0,013955846	-0,019295303	-0,016964886
41878	272,15234	-14,516602	-14,472528	-0,094339252	-0,013445448	-0,018660275	-0,016491011
41878	272,65234	-14,016602	-13,986209	-0,091204047	-0,012881182	-0,018071072	-0,015872605
41878	273,15234	-13,516602	-13,515436	-0,090360641	-0,012393799	-0,017576328	-0,015446956
41878	273,65234	-13,016602	-13,053888	-0,087252259	-0,01185352	-0,017062142	-0,014856619
41878	274,15234	-12,516602	-12,567678	-0,084722042	-0,011353765	-0,016390791	-0,014241264
41878	274,65234	-12,016602	-12,066072	-0,081720948	-0,010828346	-0,015825711	-0,013690447
41878	275,15234	-11,516602	-11,546921	-0,082048774	-0,010311715	-0,015216911	-0,01316087
41878	275,65234	-11,016602	-11,022514	-0,077912211	-0,009713836	-0,014657069	-0,012623339
41878	276,15234	-10,516602	-10,529472	-0,075632334	-0,0091893934	-0,013938293	-0,012013146
41878	276,65234	-10,016602	-10,038222	-0,073608756	-0,0087172687	-0,013416512	-0,011560875
41878	277,15234	-9,5166016	-9,6955662	-0,071492791	-0,0083624907	-0,013006456	-0,011129371
41878	277,65234	-9,0166016	-9,3170443	-0,068944693	-0,0080554821	-0,012526406	-0,010702753
41878	278,15234	-8,5166016	-8,4503031	-0,064483285	-0,0071502998	-0,011364248	-0,0098766563
41878	278,65234	-8,0166016	-8,0263309	-0,06211102	-0,006711714	-0,010784445	-0,0092523741
41878	279,15234	-7,5166016	-7,5335178	-0,057801604	-0,0062872693	-0,01011908	-0,0087693827
41878	279,65234	-7,0166016	-7,0563202	-0,056654215	-0,0057973303	-0,0094914054	-0,0081276782
41878	280,15234	-6,5166016	-6,5427012	-0,05453229	-0,0053847097	-0,008813899	-0,0075809704
41878	280,65234	-6,0166016	-6,0193949	-0,050607324	-0,0048650652	-0,0081685605	-0,0070154946
41878	281,15234	-5,5166016	-5,5012984	-0,045505166	-0,0043755583	-0,0074464353	-0,0065139467
41878	281,65234	-5,0166016	-4,9687734	-0,043991208	-0,0038221553	-0,0067481943	-0,0059107868
41878	282,15234	-4,5166016	-4,4507179	-0,040477514	-0,0033823587	-0,0059684259	-0,0053299488
41878	282,65234	-4,0166016	-3,9800665	-0,035867095	-0,0029530898	-0,0053144498	-0,0048708394
41878	283,15234	-3,5166016	-3,5153496	-0,032743812	-0,002476301	-0,0045996346	-0,0042372728
41878	283,65234	-3,0166016	-3,0239263	-0,030228496	-0,0020643361	-0,003987174	-0,0037397975
41878	284,15234	-2,5166016	-2,5404618	-0,027036667	-0,0016797632	-0,0032072095	-0,0031805625
41878	284,65234	-2,0166016	-2,0141807	-0,022500753	-0,0013048351	-0,0024299603	-0,0027361261
41878	285,15234	-1,5166016	-1,5153661	-0,017362833	-0,00096092746	-0,0014998333	-0,0021146918
41878	285,65234	-1,0166016	-1,0010786	-0,013265014	-0,00068367273	-0,00049980171	-0,0018561967
41878	286,15234	-1	-0,94287282	-0,010851026	-0,0006178841	-0,00034426711	-0,0017562918
41878	286,65234	-1	-0,98333883	-0,01077652	-0,00063655898	-0,00031860964	-0,0016368208
41878	287,15234	-1	-0,99968165	-0,01104176	-0,0006650798	-0,00037066592	-0,0018079374
41878	287,65234	-1	-1,0296441	-0,01064539	-0,00063594803	-0,0004059379	-0,001710549
41878	288,15234	-1	-1,0255687	-0,010433793	-0,00063098595	-0,0003265487	-0,0017528739
41878	288,65234	-1	-1,0291655	-0,010412931	-0,00064951181	-0,00039273687	-0,0016780868
41878	289,15234	-1	-1,0337085	-0,010934472	-0,00057925284	-0,00032892777	-0,0017425548
41878	289,65234	-1	-0,99522805	-0,010502338	-0,00057243928	-0,00036184024	-0,0016723098
41878	290,15234	-1	-0,97611916	-0,010919571	-0,00049418211	-0,00024004932	-0,001622377
41878	290,65234	-1	-0,97003579	-0,011444092	-0,00047837198	-0,0002350416	-0,001661974
41878	291,15234	-1	-0,97165072	-0,010499358	-0,00046823174	-0,00024663052	-0,0015589492
41878	291,65234	-1	-0,97265279	-0,011861324	-0,00044946	-0,00031157304	-0,0016987724
41878	292,15234	-1	-0,99054724	-0,010728836	-0,00043876842	-0,0002736114	-0,0015929881
41878	292,65234	-1	-0,9881798	-0,010642409	-0,00049006194	-0,00023753103	-0,0016924366
41878	293,15234	-1	-0,99464321	-0,011107326	-0,00049614161	-0,00022432953	-0,0015875194
41878	293,65234	-1	-0,9990055	-0,010693073	-0,0004888624	-0,00027420791	-0,0016070595
41878	294,15234	-1	-0,9977538	-0,011181831	-0,00048289448	-0,00024762843	-0,001636168
41878	294,65234	-1	-0,98466128	-0,010934472	-0,00042980537	-0,00025021983	-0,0015540477
41878	295,15234	-1	-0,98314697	-0,01065135	-0,0004805401	-0,00020381762	-0,0016602203
41878	295,65234	-1	-1,0070149	-0,010284781	-0,00045530125	-0,00021784473	-0,0015625702
41878	296,15234	-1	-1,0064523	-0,011956692	-0,00045101717	-0,0003059688	-0,0016654897
41878	296,65234	-1	-1,0066833	-0,0092864037	-0,00040977821	-0,00016651861	-0,0015720008
41878	297,15234	-1	-1,0099485	-0,010150671	-0,00040159374	-0,00014842767	-0,0015984541
41878	297,65234	-1	-0,99437124	-0,010311604	-0,00042545423	-0,00020061852	-0,0015786001
41878	298,15234	-1	-1,0082089	-0,010606647	-0,00035169721	-0,00016726227	-0,0015861392
41878	298,65234	-1	-0,99562478	-0,0094413757	-0,00032624975	-0,00023285206	-0,0016299151
41878	299,15234	-1	-0,96278822	-0,0097483397	-0,00034983084	-0,00010693632	-0,0015067421
41878	299,65234	-1	-0,95611995	-0,0099658966	-0,00025949255	-0,00010527112	-0,0015680529
41878	300,15234	-1	-0,94612873	-0,01052916	-0,00035397336	-0,00010401756	-0,0015240191
41878	300,65234	-1	-0,97520834	-0,010508299	-0,00039261207	-9,0466347e-05	-0,0015873937
41878	301,15234	-1	-0,97928572	-0,010168552	-0,00034065917	-0,00017607259	-0,0015179934
41878	301,65234	-1	-0,9938013	-0,010666251	-0,00030930713	-0,00019243546	-0,0015301183
41878	302,15234	-1	-1,0157861	-0,010216236	-0,00037459284	-0,00014709402	-0,0015651686
41878	302,65234	-1	-1,0199826	-0,010564923	-0,00037705526	-0,0001004776	-0,0015522521
41878	303,15234	-1	-1,0327008	-0,011575222	-0,00034349412	-0,00012150034	-0,0016154824
41878	303,65234	-1	-1,0086335	-0,01039803	-0,00041863695	-7,0736278e-05	-0,0015839869
41878	304,15234	-1	-1,0027773	-0,010189414	-0,00041933358	-0,00012470968	-0,0015836703
41878	304,65234	-1	-0,98854864	-0,011238456	-0,00030766428	-5,6879129e-05	-0,0014891457
41878	305,15234	-1	-0,99217147	-0,0098854303	-0,00038406253	-6,6281762e-05	-0,0015932685
41878	305,65234	-1	-0,99070001	-0,010937452	-0,00033993274	-6,4254273e-05	-0,0015617786
41878	306,15234	-1	-1,0009985	-0,010201335	-0,00034371018	-8,9080073e-05	-0,0015606377
41878	306,65234	-1	-1,0045823	-0,01038909	-0,00027975813	-0,00011907797	-0,0016147597
41878	307,15234	-1	-1,0176916	-0,010514259	-0,0003098622	-0,00014258502	-0,0015213704
41878	307,65234	-1	-1,0123849	-0,009739399	-0,00025271997	-0,00011419272	-0,0015742881
41878	308,15234	-1	-1,0037031	-0,0097483397	-0,00033000857	-6,6366047e-05	-0,0015810393
41878	308,65234	-1	-0,99356103	-0,011178851	-0,00038186461	-3,3902936e-05	-0,0015230803
41878	309,15234	-1	-0,99583155	-0,009983778	-0,00023619458	-4,6569388e-05	-0,0015354268
41878	309,65234	-1	-0,98279119	-0,0094294548	-0,00021439046	-2,3315195e-05	-0,0014930554
41878	310,15234	-1	-0,96637571	-0,0094950199	-0,00026594847	-6,628409e-05	-0,0015767021
41878	310,65234	-1	-0,96998739	-0,0092804432	-0,00022883341	4,4619665e-05	-0,0014872439
41878	311,15234	-1	-0,9611994	-0,010329485	-0,00021440163	4,0618703e-05	-0,0015420802
41878	311,65234	-1	-0,98018163	-0,0093489885	-0,00023106113	-0,00010384014	-0,0014329525
41878	312,15234	-1	-0,98856539	-0,010356307	-0,00024437904	-4,81233e-05	-0,0015380904
41878	312,65234	-1	-1,0020994	-0,0099509954	-0,00026009232	-9,6591655e-05	-0,0015892312
41878	313,15234	-1	-0,99817848	-0,010126829	-0,00020506606	-4,0634535e-05	-0,0014874693
41878	313,65234	-1	-0,98431855	-0,0099748373	-0,0002467148	2,6775524e-07	-0,0015313495
41878	314,15234	-1	-0,98373741	-0,0098735094	-0,00025283545	1,71992e-05	-0,0014438368
41878	314,65234	-1	-0,98765457	-0,010576844	-0,00026085973	1,5622936e-05	-0,0014810283
41878	315,15234	-1	-0,98541194	-0,0099629164	-0,0001642853	9,4525982e-05	-0,0014605969
41878	315,65234	-1	-0,98850954	-0,010153651	-0,00026842207	-4,8383139e-05	-0,001494009
41878	316,15234	-1,4755859	-1,4291294	-0,012868643	-0,00046413392	-0,0007059467	-0,0017847363
41878	316,65234	-1,9755859	-1,4508777	-0,014281273	-0,00049765036	-0,00077754259	-0,0018914146
41878	317,15234	-2,4755859	-2,4788566	-0,021910667	-0,0012091286	-0,0023120984	-0,0028005084
41878	317,65234	-2,9755859	-3,0916054	-0,025829673	-0,0017708689	-0,0032474464	-0,0032839356
41878	318,15234	-3,4755859	-3,6766789	-0,0287503	-0,0021991245	-0,0040635434	-0,0039476762
41878	318,65234	-3,9755859	-4,1299872	-0,033181906	-0,0025693066	-0,0045530004	-0,0043275123
41878	319,15234	-4,4755859	-4,5731869	-0,03632009	-0,0030237287	-0,005164579	-0,0048223017
41878	319,65234	-4,9755859	-5,0429573	-0,039678812	-0,0033750162	-0,0057943403	-0,0053107711
41878	320,15234	-5,4755859	-5,5382957	-0,041535497	-0,0037565343	-0,0064893244	-0,0058704223
41878	320,65234	-5,9755859	-6,0279036	-0,044763088	-0,0042585731	-0,0070931911	-0,0063876091
41878	321,15234	-6,4755859	-6,5513477	-0,047323108	-0,0048029311	-0,0077665397	-0,0070206085
41878	321,65234	-6,9755859	-7,0552173	-0,050580502	-0,0052621849	-0,0083749313	-0,0074789347
41878	322,15234	-7,4755859	-7,5874281	-0,053587556	-0,0057218298	-0,0090790624	-0,0079201721
41878	322,65234	-7,9755859	-8,0733643	-0,055956841	-0,0062007532	-0,0096410457	-0,0085057113
41878	323,15234	-8,4755859	-8,5606451	-0,060075521	-0,0066531412	-0,010178308	-0,0090427762
41878	323,65234	-8,9755859	-9,0360136	-0,061354041	-0,0071760342	-0,01081609	-0,0095770387
41878	324,15234	-9,4755859	-9,4926138	-0,065079331	-0,0075979829	-0,011480077	-0,010061215
41878	324,65234	-9,9755859	-9,9961071	-0,066190958	-0,0080908947	-0,012059154	-0,010592791
41878	325,15234	-10,475586	-10,489033	-0,070026517	-0,0085992329	-0,012624294	-0,01113887
41878	325,65234	-10,975586	-11,00358	-0,072556734	-0,0090481788	-0,013297182	-0,011770296
41878	326,15234	-11,475586	-11,498801	-0,074517727	-0,0095231459	-0,013850477	-0,012340692
41878	326,65234	-11,975586	-12,043231	-0,076958537	-0,010130033	-0,014477149	-0,012792767
41878	327,15234	-12,475586	-12,551928	-0,07943511	-0,010666784	-0,015055409	-0,013400712
41878	327,65234	-12,975586	-13,021263	-0,081628561	-0,01117865	-0,015579181	-0,013943843
41878	328,15234	-13,475586	-13,510799	-0,084459782	-0,011694726	-0,01615987	-0,014449061
41878	328,65234	-13,975586	-13,984642	-0,086674094	-0,012205772	-0,016628187	-0,014947128
41878	329,15234	-14,475586	-14,472318	-0,088685751	-0,012711987	-0,017304856	-0,015576669
41878	329,65234	-14,975586	-14,970889	-0,09034574	-0,013233472	-0,017840208	-0,016184095
41878	330,15234	-15,475586	-15,48033	-0,092425942	-0,013810813	-0,018401273	-0,01658538
41878	330,65234	-15,975586	-16,012825	-0,094622374	-0,01428882	-0,018946638	-0,017299358
41878	331,15234	-16,475586	-16,527718	-0,097432733	-0,014966652	-0,019693121	-0,017776851
41878	331,65234	-16,975586	-17,085283	-0,099280477	-0,015451301	-0,02019494	-0,01834837
41878	332,15234	-17,475586	-17,585569	-0,10111034	-0,016085289	-0,020778561	-0,018948849
41878	332,65234	-17,975586	-18,04007	-0,10407567	-0,016551435	-0,021312071	-0,019398041
41878	333,15234	-18,475586	-18,501663	-0,10561347	-0,017037585	-0,021892523	-0,019945554
41878	333,65234	-18,975586	-18,96759	-0,10712147	-0,017522149	-0,022476716	-0,020429775
41878	334,15234	-19,475586	-19,437487	-0,11022091	-0,018012378	-0,022958804	-0,020982329
41878	334,65234	-19,975586	-19,944195	-0,11152625	-0,018566001	-0,023540702	-0,021514773
41878	335,15234	-20,475586	-20,458927	-0,11331439	-0,019143578	-0,024092587	-0,022157408
41878	335,65234	-20,975586	-20,990383	-0,11741519	-0,019761879	-0,024744317	-0,022714734
41878	336,15234	-21,475586	-21,523504	-0,11824369	-0,020297613	-0,025293048	-0,023319673
41878	336,65234	-21,975586	-22,057823	-0,12034476	-0,020798497	-0,025854496	-0,023842372
41878	337,15234	-22,475586	-22,538136	-0,12253523	-0,021344844	-0,026433038	-0,024434149
41878	337,65234	-22,975586	-22,992029	-0,12534559	-0,021869421	-0,026934197	-0,025042251
41878	338,15234	-23,475586	-23,518154	-0,12589693	-0,022433762	-0,027575215	-0,025463361
41878	338,65234	-23,975586	-23,973501	-0,12795031	-0,022917382	-0,028078148	-0,026015781
41878	339,15234	-24,475586	-24,434488	-0,13021827	-0,023365606	-0,028536674	-0,026522059
41878	339,65234	-24,975586	-24,948	-0,13239682	-0,023917291	-0,029201536	-0,027126998
41878	340,15234	-25,475586	-25,459553	-0,13542175	-0,024524085	-0,02977282	-0,027730919
41878	340,65234	-25,975586	-25,984072	-0,13749301	-0,025065921	-0,030411696	-0,028283507
41878	341,15234	-26,475586	-26,523302	-0,13940036	-0,025677079	-0,030961514	-0,028945856
41878	341,65234	-26,975586	-27,031113	-0,14180839	-0,02623374	-0,031500746	-0,029342797
41878	342,15234	-27,475586	-27,543163	-0,14424622	-0,026743582	-0,032085359	-0,029986352
41878	342,65234	-27,975586	-27,983543	-0,1450479	-0,027259501	-0,032584704	-0,030440938
41878	343,15234	-28,475586	-28,469709	-0,14669299	-0,027725063	-0,033055	-0,030998457
41878	343,65234	-28,975586	-28,96533	-0,14954209	-0,02832178	-0,033705719	-0,03159488
41878	344,15234	-29,475586	-29,473169	-0,15108883	-0,028834701	-0,034253001	-0,03204162
41878	344,65234	-29,975586	-29,998787	-0,1542002	-0,029408198	-0,034861911	-0,032780431
41878	345,15234	-30,475586	-30,497507	-0,15521646	-0,030017016	-0,035437811	-0,033375829
41878	345,65234	-30,975586	-31,034798	-0,1573205	-0,030553278	-0,036002509	-0,033903833
41878	346,15234	-31,475586	-31,535072	-0,15928447	-0,031077718	-0,036655422	-0,034506738
41878	346,65234	-31,975586	-32,029659	-0,16125739	-0,031680435	-0,037105512	-0,035021752
41878	347,15234	-32,475586	-32,468525	-0,16234517	-0,03215801	-0,037672713	-0,035605617
41878	347,65234	-32,975586	-32,961189	-0,164783	-0,032733776	-0,038192078	-0,036012691
41878	348,15234	-33,475586	-33,436932	-0,1662761	-0,033163603	-0,038740657	-0,036631335
41878	348,65234	-33,975586	-33,932961	-0,16940832	-0,033670682	-0,039365809	-0,037144594
41878	349,15234	-34,475586	-34,449917	-0,16957819	-0,034277916	-0,039835222	-0,037780147
41878	349,65234	-34,975586	-34,980259	-0,17216504	-0,034837402	-0,040458258	-0,038299032
41878	350,15234	-35,475586	-35,487137	-0,17383695	-0,035528727	-0,041084874	-0,038888317
41878	350,65234	-35,975586	-36,0401	-0,17659366	-0,036028504	-0,041653872	-0,039493561
41878	351,15234	-36,475586	-36,539639	-0,17793775	-0,036601961	-0,042169068	-0,040196057
41878	351,65234	-36,975586	-37,015072	-0,18010139	-0,037144948	-0,04271527	-0,040651701
41878	352,15234	-37,475586	-37,486019	-0,18194914	-0,037690315	-0,043296091	-0,041113086
41878	352,65234	-37,975586	-37,956482	-0,18377304	-0,038215764	-0,043802723	-0,041717965
41878	353,15234	-38,475586	-38,482487	-0,18644631	-0,038730901	-0,044489365	-0,042227685
41878	353,65234	-38,975586	-38,951851	-0,18771887	-0,039172117	-0,044926096	-0,042741619
41878	354,15234	-39	-39,001957	-0,18823147	-0,039303489	-0,04501839	-0,04283382
41878	354,65234	-39	-39,015816	-0,1881659	-0,039336659	-0,04503436	-0,04296343
41878	355,15234	-39	-39,005135	-0,18747747	-0,039370947	-0,045121089	-0,042963386
41878	355,65234	-39	-39,017284	-0,18849075	-0,039332941	-0,045072787	-0,042964093
41878	356,15234	-39	-38,989178	-0,18771589	-0,039406963	-0,045061216	-0,042981904
41878	356,65234	-39	-38,998505	-0,18940568	-0,03942617	-0,045145683	-0,04299007
41878	357,15234	-39	-38,971188	-0,1884371	-0,039387066	-0,045045275	-0,043013372
41878	357,65234	-39	-38,967529	-0,18795431	-0,039403185	-0,045087926	-0,042924792
41878	358,15234	-39	-38,976768	-0,18864572	-0,039429836	-0,045127064	-0,042977698
41878	358,65234	-39	-38,999638	-0,1883626	-0,039517213	-0,04513029	-0,043045629
41878	359,15234	-39	-39,020035	-0,18846691	-0,039492279	-0,045171518	-0,043101132
41878	359,65234	-39	-39,019108	-0,1886189	-0,039466672	-0,045134719	-0,043031249
41878	360,15234	-39	-39,058887	-0,18853247	-0,039545693	-0,045252889	-0,043094076
41878	360,65234	-39	-39,027981	-0,18982589	-0,039552614	-0,04524722	-0,043113604
41878	361,15234	-39	-39,002975	-0,18928349	-0,039485373	-0,045187958	-0,043102499
41878	361,65234	-39	-38,967571	-0,1894325	-0,03951554	-0,045134172	-0,04306246
41878	362,15234	-39	-38,969391	-0,18889904	-0,03939271	-0,045239113	-0,042968504
41878	362,65234	-39	-38,949566	-0,18849671	-0,039461315	-0,045197178	-0,043086141
41878	363,15234	-39	-38,961613	-0,18931925	-0,039445192	-0,045166638	-0,043099388
41878	363,65234	-39	-38,99004	-0,18910468	-0,039555967	-0,045232732	-0,043074537
41878	364,15234	-39	-39,008312	-0,19026697	-0,039600737	-0,045229495	-0,043150783
41878	364,65234	-39	-39,023529	-0,18957257	-0,039571196	-0,045289546	-0,043132283
41878	365,15234	-39	-39,025055	-0,18932521	-0,03963783	-0,045274053	-0,043215513
41878	365,65234	-39	-38,990273	-0,1888603	-0,039510787	-0,045227792	-0,043109354
41878	366,15234	-39	-38,979107	-0,18913746	-0,039583437	-0,045193747	-0,043111671
41878	366,65234	-39	-38,972607	-0,18949807	-0,039586913	-0,045230288	-0,043147113
41878	367,15234	-39	-38,962284	-0,18876791	-0,039490528	-0,045212515	-0,043107849
41878	367,65234	-39	-38,982445	-0,18846393	-0,039542116	-0,045208879	-0,043200269
41878	368,15234	-39	-38,982327	-0,18883646	-0,039603814	-0,045244992	-0,043154757
41878	368,65234	-39	-39,010445	-0,18904805	-0,039532185	-0,045333542	-0,043246664
41878	369,15234	-39	-39,01643	-0,19019246	-0,039655462	-0,045236114	-0,043104857
41878	369,65234	-39	-39,014378	-0,18995106	-0,039579988	-0,045332395	-0,043271266
41878	370,15234	-39	-38,99305	-0,18846989	-0,039563499	-0,045248233	-0,043271616
41878	370,65234	-39	-38,953323	-0,19011497	-0,039518215	-0,045287225	-0,043145236
41878	371,15234	-39	-38,956665	-0,1894325	-0,039452739	-0,045249019	-0,043230809
41878	371,65234	-39	-38,95953	-0,18916428	-0,039502762	-0,045210756	-0,043198522
41878	372,15234	-39	-38,958164	-0,1888901	-0,039556284	-0,045258518	-0,04323351
41878	372,65234	-39	-38,982513	-0,19015372	-0,039585106	-0,045286242	-0,043212466
41878	373,15234	-39	-39,013695	-0,18957555	-0,039631139	-0,045293175	-0,043264553
41878	373,65234	-39	-39,017883	-0,18995106	-0,039725337	-0,045368575	-0,043413099
41878	374,15234	-39	-39,013081	-0,19056797	-0,039612398	-0,045331627	-0,043195061
41878	374,65234	-39	-39,010883	-0,18984079	-0,039611258	-0,045342442	-0,043285709
41878	375,15234	-39	-38,984791	-0,19008517	-0,039645348	-0,045294143	-0,04329548
41878	375,65234	-39	-38,966446	-0,19050539	-0,03961619	-0,045258898	-0,04324533
41878	376,15234	-39	-38,972588	-0,18968284	-0,039580718	-0,045346037	-0,043198399
41878	376,65234	-39	-38,97522	-0,18971264	-0,039633147	-0,045400962	-0,043327831
41878	377,15234	-39	-38,983311	-0,19020736	-0,039633438	-0,045329727	-0,043433461
41878	377,65234	-39	-39,01749	-0,19017756	-0,039730724	-0,04542543	-0,043248769
41878	378,15234	-39	-39,002354	-0,18953979	-0,039750889	-0,04530191	-0,043354113
41878	378,65234	-39	-39,028088	-0,19068718	-0,039736491	-0,045429967	-0,04331053
41878	379,15234	-39	-39,029308	-0,1903832	-0,039673071	-0,045387294	-0,043341324
41878	379,65234	-39	-38,997421	-0,18984079	-0,039735503	-0,045353219	-0,043247964
41878	380,15234	-39	-39,030952	-0,1891166	-0,039756805	-0,045295753	-0,043329094
41878	380,65234	-39	-39,003605	-0,1901567	-0,039696388	-0,045343727	-0,043379519
41878	381,15234	-39	-38,98243	-0,18991828	-0,039693482	-0,045311198	-0,04319863
41878	381,65234	-39	-38,989506	-0,1894176	-0,03967873	-0,045302391	-0,043319125
41878	382,15234	-39	-38,97348	-0,19005239	-0,039679922	-0,045372915	-0,043288074
41878	382,65234	-39	-38,998104	-0,18971562	-0,039715253	-0,045386214	-0,043307964
41878	383,15234	-39	-39,025566	-0,1899302	-0,039746128	-0,045344308	-0,043368489
41878	383,65234	-39	-39,035156	-0,19090474	-0,039788645	-0,045396268	-0,043415181
41878	384,15234	-36,661133	-36,638657	-0,18166602	-0,037282433	-0,042965908	-0,040853221
41878	384,65234	-34,161133	-34,120556	-0,17356873	-0,034626506	-0,040268835	-0,038260296
41878	385,15234	-31,661133	-31,602518	-0,16464889	-0,032014288	-0,03760764	-0,0355772
41878	385,65234	-29,161133	-29,083965	-0,15500784	-0,029380739	-0,034826804	-0,032783221
41878	386,15234	-26,661133	-26,560947	-0,14577508	-0,026619311	-0,032129057	-0,030137349
41878	386,65234	-24,161133	-24,077988	-0,13805926	-0,023951579	-0,029290874	-0,027490735
41878	387,15234	-21,661133	-21,579233	-0,12626648	-0,021332465	-0,0265292	-0,024706949
41878	387,65234	-19,161133	-19,109018	-0,11768043	-0,018660296	-0,023747928	-0,022082277
41878	388,15234	-16,661133	-16,638144	-0,10494292	-0,016088169	-0,020916626	-0,019280609
41878	388,65234	-14,161133	-14,10993	-0,095230341	-0,013361201	-0,018054731	-0,016623739
41878	389,15234	-11,661133	-11,590427	-0,082656741	-0,010642204	-0,015026581	-0,013719092
41878	389,65234	-9,1611328	-9,1491241	-0,069016218	-0,0079933219	-0,012011615	-0,010844397
41878	390,15234	-6,6611328	-7,2933807	-0,058877468	-0,0061392114	-0,0096982801	-0,0088639082
41878	390,65234	-4,1611328	-4,3440013	-0,041922927	-0,0033861585	-0,0056890305	-0,0055497065
41878	391,15234	-1,6611328	-1,6280562	-0,021228194	-0,0010246336	-0,0016799662	-0,0027736602
41878	391,65234	-1	-0,62629765	-0,009766221	-0,00048709288	0,00043280004	-0,0016761208
41878	392,15234	-1	-0,7353723	-0,01078546	-0,00041080266	0,00031413836	-0,001718672
41878	392,65234	-1	-0,84943324	-0,012156367	-0,00043700263	0,00010354212	-0,0017905459
41878	393,15234	-1	-0,90206599	-0,011917949	-0,00039680675	6,6541601e-05	-0,0018202811
41878	393,65234	-1	-0,90837479	-0,011020899	-0,00042524189	2,0182226e-05	-0,001691361
41878	394,15234	-1	-0,9136591	-0,010940433	-0,00038732961	5,0082803e-05	-0,0018017441
41878	394,65234	-1	-0,93777293	-0,01065135	-0,00035178661	0,00013869023	-0,0016837884
41878	395,15234	-1	-0,93905443	-0,011068583	-0,00029537454	0,00012105051	-0,0017798226
41878	395,65234	-1	-0,95462984	-0,011357665	-0,0003676191	0,00010355096	-0,0017984929
41878	396,15234	-1	-0,96350539	-0,011491776	-0,00028185546	5,2198302e-05	-0,0016694767
41878	396,65234	-1	-0,99901485	-0,011247396	-0,00027968735	6,8428461e-05	-0,0017840173
41878	397,15234	-1	-1,0377895	-0,011047721	-0,0003240332	-0,00010847626	-0,0017187847
41878	397,65234	-1	-1,0522883	-0,01218915	-0,0003259629	-6,8442896e-06	-0,0018653451
41878	398,15234	-1	-1,0486562	-0,011172891	-0,00035783648	1,0432675e-05	-0,0017785588
41878	398,65234	-1	-1,0437499	-0,011089444	-0,000235416	-4,5801979e-05	-0,0017428007
41878	399,15234	-1	-1,0406692	-0,011786819	-0,00025917217	-3,6774669e-05	-0,0017210813
41878	399,65234	-1	-1,0265261	-0,012201071	-0,00017337501	-1,0740943e-05	-0,0016530519
41878	400,15234	-1	-1,0212101	-0,011697412	-0,00024330616	0,00010980666	-0,0017229198
41878	400,65234	-1	-1,0075234	-0,012856722	-0,00024545565	0,00017393148	-0,0016867528
41878	401,15234	-1	-1,0212977	-0,012508035	-0,00016584247	4,7379173e-05	-0,0016922746
41878	401,65234	-1	-1,0350887	-0,012731552	-0,0002008453	6,2438194e-05	-0,0017397013
41878	402,15234	-1	-1,0492858	-0,011900067	-0,00021841377	9,7595155e-05	-0,0017017731
41878	402,65234	-1	-1,0683891	-0,012794137	-0,00021953508	7,9852995e-05	-0,0016869958
41878	403,15234	-1	-1,0730307	-0,011923909	-0,00027298555	0,00011144439	-0,0016520014
41878	403,65234	-1	-1,0418426	-0,012874603	-0,00016068295	0,00014416873	-0,0016505374
41878	404,15234	-1	-1,0183324	-0,011965632	-0,00019206852	8,1233215e-05	-0,0017081564
41878	404,65234	-1	-1,0239612	-0,011497736	-0,0001591742	0,00012896908	-0,0017304542
41878	405,15234	-1	-1,0191947	-0,011515617	-0,00012904406	9,0891495e-05	-0,001618742
41878	405,65234	-1	-1,0230448	-0,011971593	-0,00013731048	0,00013059936	-0,0016782284
41878	406,15234	-1	-0,99944139	-0,011619925	-0,00013461336	0,00020142319	-0,001557122
41878	406,65234	-1	-0,9969883	-0,011071563	-0,00011604279	0,00012065284	-0,0016116695
41878	407,15234	-1	-0,99225712	-0,01091063	-8,2105398e-05	0,00017669518	-0,0015841164
41878	407,65234	-1	-0,98584592	-0,011909008	-0,00011695176	0,00023182947	-0,0015714047
41878	408,15234	-1	-0,97375178	-0,010639429	-0,00010577589	0,00035428908	-0,0015107095
41878	408,65234	-1	-0,95116347	-0,010219216	-0,00012690946	0,00033557788	-0,0015379563
41878	409,15234	-1	-0,95122308	-0,010335445	-7,6945871e-05	0,00039784145	-0,001578819
41878	409,65234	-1	-0,94692969	-0,010994077	-6,4507127e-05	0,00026503671	-0,0014660787
41878	410,15234	0	-0,082680956	3,7998648	9,9956989e-05	0,0023201881	-0,0009112102

Datenerfassung						Zeit:	410,27344	s	27.08.2014 14:05:10
Ch 1 Kraft	Ch 1 Weg	1944 A	1944 B	1281068
kN	mm	mm	mm	mm
-0,0071395189	5,0014467	0,027255852	2,7887061	7,7396631e-05
-40,123829	-0,1922369	-0,074993588	-2,9391382	-0,078626066
