Datum : 	15.05.2014
Durchmesser :	141,2
Datum	Laufzeit	Ch 1 Kraft Sollwert	Ch 1 Kraft	Ch 1 Weg	1944 A	1944 B	1281068
d	s	kN	kN	mm	mm	mm	mm
41774	26,016602	-1	-1,0070075	-0,031679124	0,065784685	0,077390678	-0,0052825948
41774	26,516602	-1	-1,0000076	-0,031260401	0,065837257	0,077442385	-0,0052393936
41774	27,016602	-1	-0,98453277	-0,030751154	0,06579759	0,077356555	-0,005250576
41774	27,516602	-1	-0,98674369	-0,030974671	0,065853998	0,077416241	-0,0053194324
41774	28,016602	-1	-1,1291709	-0,032496452	0,065737367	0,077382438	-0,0055090543
41774	28,516602	-1	-1,0562353	-0,032174587	0,065770522	0,077348784	-0,0052903993
41774	29,016602	-1	-0,99813378	-0,031318143	0,065857537	0,077413954	-0,0051936004
41774	29,516602	-1	-0,96914357	-0,031442568	0,065932944	0,077462666	-0,0052759442
41774	30,016602	-1	-1,003718	-0,031346455	0,065866418	0,077433273	-0,0053339619
41774	30,516602	-1	-0,99112463	-0,031104684	0,065860309	0,077490672	-0,0052233413
41774	31,016602	-1	-0,99702364	-0,031279027	0,065866068	0,077410489	-0,005171054
41774	31,516602	-1	-1,027463	-0,031640381	0,065759927	0,077426411	-0,0051709721
41774	32,016602	-1	-1,0251012	-0,031493977	0,065853842	0,077432223	-0,0052577434
41774	32,516602	-1	-0,96674824	-0,030666962	0,065796942	0,077412046	-0,0051809968
41774	33,016602	-1	-0,98486429	-0,03102906	0,065826602	0,077474251	-0,0053441469
41774	33,516602	-1	-0,99543667	-0,031045824	0,065905668	0,077420592	-0,0051613916
41774	34,016602	-1	-1,005182	-0,031398609	0,065838531	0,077424079	-0,0051627383
41774	34,516602	-1	-0,97766334	-0,031124055	0,065867364	0,077477463	-0,0052316096
41774	35,016602	-1	-0,98121727	-0,031187385	0,065885678	0,077453993	-0,0052569639
41774	35,516602	-1	-0,98953211	-0,031103566	0,06587147	0,077434495	-0,0052816523
41774	36,016602	-1,8702148	-1,7822795	-0,0088527799	-0,00097050518	-0,00072345138	-0,00080319587
41774	36,516602	-2,8202147	-2,5895312	-0,018414482	-0,0018253252	-0,0014367178	-0,0017514322
41774	37,016602	-3,7702148	-3,0781906	-0,023660436	-0,0024442375	-0,0018056035	-0,0023342287
41774	37,516602	-4,7202148	-4,8293157	-0,040182471	-0,0045610741	-0,0034832656	-0,0044333581
41774	38,016602	-5,6702147	-5,6277437	-0,047337636	-0,0056565478	-0,00437437	-0,0053640706
41774	38,516602	-6,6202149	-6,5897164	-0,055275112	-0,0069741607	-0,0053150207	-0,006164006
41774	39,016602	-7,5702147	-7,5808411	-0,062464923	-0,0082630068	-0,0062793046	-0,0072290478
41774	39,516602	-8,520215	-8,5984907	-0,070018694	-0,0096458346	-0,0073427558	-0,0082217818
41774	40,016602	-9,4702148	-9,6235352	-0,07693693	-0,011042245	-0,0083462521	-0,0091707194
41774	40,516602	-10,420215	-10,526376	-0,082905591	-0,012280315	-0,0093108565	-0,0099448925
41774	41,016602	-11,370214	-11,518076	-0,089548528	-0,013678417	-0,010288067	-0,010852243
41774	41,516602	-12,320214	-12,413514	-0,094674155	-0,01478871	-0,011305839	-0,011696012
41774	42,016602	-13,270215	-13,315656	-0,09989664	-0,015992075	-0,012077518	-0,012551964
41774	42,516602	-14,220215	-14,273482	-0,1055263	-0,017218418	-0,013078101	-0,013293202
41774	43,016602	-15,170215	-15,175336	-0,11056773	-0,018392369	-0,014000028	-0,014112041
41774	43,516602	-16,120214	-16,110758	-0,11576265	-0,019623	-0,01496359	-0,014960145
41774	44,016602	-17,070215	-16,98247	-0,1202099	-0,020686727	-0,015852131	-0,015656017
41774	44,516602	-18,020214	-18,046309	-0,12561902	-0,021915331	-0,01693783	-0,016603041
41774	45,016602	-18,970215	-18,917942	-0,12985803	-0,022976954	-0,017924339	-0,017298061
41774	45,516602	-19,920214	-19,985285	-0,13476349	-0,024282016	-0,019038692	-0,018197689
41774	46,016602	-20,870214	-20,838058	-0,13915449	-0,02525359	-0,019846737	-0,01893713
41774	46,516602	-21,820215	-21,710308	-0,1434885	-0,026349463	-0,020808175	-0,019732609
41774	47,016602	-22,770214	-22,72127	-0,14822781	-0,02745175	-0,021874867	-0,020664103
41774	47,516602	-23,720215	-23,698101	-0,15244484	-0,028493561	-0,022888601	-0,021382801
41774	48,016602	-24,670214	-24,594765	-0,15675463	-0,029568188	-0,023759164	-0,022293109
41774	48,516602	-25,620214	-25,589573	-0,16097166	-0,03073227	-0,024795666	-0,023034949
41774	49,016602	-26,570215	-26,534897	-0,16551912	-0,031809144	-0,025819458	-0,023755118
41774	49,516602	-27,520214	-27,43276	-0,16924739	-0,032731913	-0,026763409	-0,02470826
41774	50,016602	-28,470215	-28,435867	-0,17366186	-0,033855643	-0,027834274	-0,025555387
41774	50,516602	-29,420214	-29,35429	-0,17777607	-0,034920737	-0,028771929	-0,026439797
41774	51,016602	-30,370214	-30,290522	-0,1820121	-0,03598626	-0,02980696	-0,027111799
41774	51,516602	-31,320215	-31,324577	-0,18591024	-0,037192024	-0,030844066	-0,0280535
41774	52,016602	-32,270214	-32,185551	-0,19009225	-0,038206782	-0,031771317	-0,028859198
41774	52,516602	-33,220215	-33,091084	-0,19399859	-0,039305825	-0,032832794	-0,029750995
41774	53,016602	-34,170216	-34,096748	-0,19810535	-0,040473346	-0,033951119	-0,030471805
41774	53,516602	-35,120213	-35,103374	-0,2022393	-0,041682478	-0,03501327	-0,031458624
41774	54,016602	-36,070213	-35,956711	-0,20599663	-0,042800847	-0,036077246	-0,032310866
41774	54,516602	-37,020214	-37,120243	-0,21075197	-0,044192549	-0,037387315	-0,033474896
41774	55,016602	-37,970215	-37,964073	-0,2148509	-0,045302078	-0,038413327	-0,034216039
41774	55,516602	-38,920216	-38,786289	-0,21844357	-0,046412997	-0,039574534	-0,035033993
41774	56,016602	-39,870213	-39,80521	-0,22263788	-0,047729179	-0,040837962	-0,03622476
41774	56,516602	-40,820213	-40,668415	-0,22683702	-0,048817962	-0,041860867	-0,037147328
41774	57,016602	-41,770214	-41,609219	-0,23108982	-0,050111279	-0,043174703	-0,038099259
41774	57,516602	-42,720215	-42,645519	-0,23526922	-0,051439762	-0,044500094	-0,039169338
41774	58,016602	-43,670216	-43,566952	-0,23972467	-0,052673046	-0,045716416	-0,040306307
41774	58,516602	-44,620213	-44,54213	-0,24377368	-0,053916447	-0,047087625	-0,041292842
41774	59,016602	-45,570213	-45,454914	-0,24782531	-0,055237263	-0,048366379	-0,04241132
41774	59,516602	-46,520214	-46,540302	-0,25280899	-0,056557678	-0,049719382	-0,043482941
41774	60,016602	-47,470215	-47,400932	-0,25626904	-0,057705097	-0,051031005	-0,044486921
41774	60,516602	-47,325001	-47,254665	-0,25712883	-0,058011055	-0,051410429	-0,044785567
41774	61,016602	-46,825001	-46,726887	-0,25591031	-0,057756849	-0,051107824	-0,044473369
41774	61,516602	-46,325001	-46,304852	-0,25532132	-0,057525232	-0,050882775	-0,044244796
41774	62,016602	-45,825001	-45,75613	-0,2540704	-0,057052922	-0,050510444	-0,04391503
41774	62,516602	-45,325001	-45,289021	-0,2526831	-0,056778453	-0,050207909	-0,043582376
41774	63,016602	-44,825001	-44,725452	-0,25101379	-0,056383342	-0,049804583	-0,043271471
41774	63,516602	-44,325001	-44,099785	-0,24969839	-0,055919066	-0,049195115	-0,042873237
41774	64,016602	-43,825001	-43,790234	-0,24893694	-0,055648815	-0,049015831	-0,042784471
41774	64,516602	-43,325001	-43,154369	-0,24706833	-0,055162355	-0,048480753	-0,042132635
41774	65,016602	-42,825001	-42,629688	-0,24528503	-0,054702051	-0,048092354	-0,041819632
41774	65,516602	-42,325001	-42,240685	-0,24413951	-0,054400787	-0,047758806	-0,041586377
41774	66,016602	-41,825001	-41,613277	-0,24280027	-0,053924832	-0,047207113	-0,041096609
41774	66,516602	-41,325001	-41,251514	-0,24131909	-0,053492084	-0,046880841	-0,040803906
41774	67,016602	-40,825001	-40,665482	-0,23961253	-0,053047933	-0,046421096	-0,040375195
41774	67,516602	-40,325001	-40,205318	-0,23837946	-0,052697599	-0,046019685	-0,040086582
41774	68,016602	-39,825001	-39,637897	-0,23620911	-0,05214747	-0,045475505	-0,039677106
41774	68,516602	-39,325001	-39,160248	-0,23520999	-0,051746547	-0,045134902	-0,03932659
41774	69,016602	-38,825001	-38,73888	-0,23346581	-0,051452253	-0,04475683	-0,039011329
41774	69,516602	-38,325001	-38,308075	-0,23225956	-0,051055707	-0,044411343	-0,038686305
41774	70,016602	-37,825001	-37,649319	-0,23022965	-0,050361112	-0,043839049	-0,038175389
41774	70,516602	-37,325001	-37,238987	-0,22940747	-0,050005406	-0,043527022	-0,03796538
41774	71,016602	-36,825001	-36,745808	-0,22763498	-0,049677618	-0,043086432	-0,037539348
41774	71,516602	-36,325001	-36,238697	-0,22563078	-0,049154613	-0,042578571	-0,037161581
41774	72,016602	-35,825001	-35,60997	-0,22386201	-0,048580192	-0,042100865	-0,036603656
41774	72,516602	-35,325001	-35,202358	-0,22227876	-0,048189454	-0,041729607	-0,03634974
41774	73,016602	-34,825001	-34,761597	-0,22082292	-0,047855202	-0,041281737	-0,036029842
41774	73,516602	-34,325001	-34,141491	-0,21897629	-0,047175266	-0,040776018	-0,035508782
41774	74,016602	-33,825001	-33,784477	-0,21802336	-0,046938211	-0,040444344	-0,035239741
41774	74,516602	-33,325001	-33,229031	-0,21599904	-0,046342999	-0,039909352	-0,034901936
41774	75,016602	-32,825001	-32,672935	-0,21416955	-0,045792971	-0,039390884	-0,034425758
41774	75,516602	-32,325001	-32,136131	-0,2122473	-0,045374606	-0,038954549	-0,034055024
41774	76,016602	-31,825001	-31,740637	-0,21054521	-0,044931985	-0,038577877	-0,033701099
41774	76,516602	-31,325001	-31,177319	-0,20900667	-0,044376887	-0,038068652	-0,033246715
41774	77,016602	-30,825001	-30,567055	-0,20677447	-0,043826591	-0,037442721	-0,032800023
41774	77,516602	-30,325001	-30,186031	-0,20527318	-0,043430377	-0,037173267	-0,032503381
41774	78,016602	-29,825001	-29,754129	-0,20405315	-0,042945318	-0,036731709	-0,032200631
41774	78,516602	-29,325001	-29,229643	-0,20191632	-0,042495541	-0,03618731	-0,031766247
41774	79,016602	-28,825001	-28,806881	-0,20039268	-0,042103503	-0,035805959	-0,031390283
41774	79,516602	-28,325001	-28,225456	-0,19854084	-0,041509684	-0,03537222	-0,031051092
41774	80,016602	-27,825001	-27,74703	-0,19662455	-0,041024998	-0,034946594	-0,030633479
41774	80,516602	-27,325001	-27,322079	-0,19523464	-0,040536255	-0,034456681	-0,030281618
41774	81,016602	-26,825001	-26,775545	-0,19251443	-0,040043253	-0,033923443	-0,029792085
41774	81,516602	-26,325001	-26,212183	-0,19075796	-0,039440919	-0,033451825	-0,029461496
41774	82,016602	-25,825001	-25,700554	-0,18875226	-0,038959414	-0,033021539	-0,029077057
41774	82,516602	-25,325001	-25,194996	-0,18633157	-0,038408488	-0,032490671	-0,028570283
41774	83,016602	-24,825001	-24,67621	-0,18434227	-0,037854075	-0,031939652	-0,028205786
41774	83,516602	-24,325001	-24,210487	-0,18279292	-0,037373178	-0,031514633	-0,027896818
41774	84,016602	-23,825001	-23,740095	-0,18080734	-0,036851663	-0,031138364	-0,027396891
41774	84,516602	-23,325001	-23,161432	-0,17831624	-0,036284577	-0,030608002	-0,026947889
41774	85,016602	-22,825001	-22,695221	-0,17668158	-0,035713349	-0,030183367	-0,026616883
41774	85,516602	-22,325001	-22,22579	-0,17454214	-0,035264958	-0,029720444	-0,026264481
41774	86,016602	-21,825001	-21,714119	-0,17236248	-0,034663118	-0,029155381	-0,0258159
41774	86,516602	-21,325001	-21,192858	-0,17026067	-0,034095552	-0,028705865	-0,025495082
41774	87,016602	-20,825001	-20,745001	-0,16823784	-0,033540923	-0,028287381	-0,024985157
41774	87,516602	-20,325001	-20,237423	-0,16583353	-0,033014648	-0,027812153	-0,024582792
41774	88,016602	-19,825001	-19,723864	-0,16356409	-0,032452621	-0,02725701	-0,0241405
41774	88,516602	-19,325001	-19,339691	-0,16180128	-0,031965476	-0,026832521	-0,023908716
41774	89,016602	-18,825001	-18,778473	-0,15906654	-0,031354479	-0,026240207	-0,023259405
41774	89,516602	-18,325001	-18,219427	-0,15678853	-0,030638922	-0,025794446	-0,022818509
41774	90,016602	-17,825001	-17,659626	-0,15498176	-0,030056152	-0,025251932	-0,022414841
41774	90,516602	-17,325001	-17,174906	-0,15159212	-0,029434521	-0,02477508	-0,02204382
41774	91,016602	-16,825001	-16,78437	-0,14987476	-0,028916143	-0,02417545	-0,021617815
41774	91,516602	-16,325001	-16,218193	-0,14698319	-0,028280772	-0,023727916	-0,021150611
41774	92,016602	-15,825001	-15,77767	-0,14485791	-0,027697444	-0,023320258	-0,020748582
41774	92,516602	-15,325001	-15,199021	-0,14200769	-0,027008098	-0,022662677	-0,020205587
41774	93,016602	-14,825001	-14,797338	-0,13991147	-0,026473969	-0,022187613	-0,019923806
41774	93,516602	-14,325001	-14,257864	-0,13740622	-0,025776766	-0,021647058	-0,019361135
41774	94,016602	-13,825001	-13,782116	-0,13477877	-0,025170684	-0,02114404	-0,018903002
41774	94,516602	-13,325001	-13,137676	-0,13088733	-0,024380051	-0,02056513	-0,018295545
41774	95,016602	-12,825001	-12,684476	-0,12891032	-0,023725372	-0,020040132	-0,017986018
41774	95,516602	-12,325001	-12,361342	-0,12677424	-0,023295239	-0,019637823	-0,017540772
41774	96,016602	-11,825001	-11,764876	-0,12325309	-0,022489797	-0,018905245	-0,0169724
41774	96,516602	-11,325001	-11,267974	-0,12068115	-0,021752428	-0,018375047	-0,016597535
41774	97,016602	-10,825001	-10,784016	-0,11796951	-0,021100905	-0,017941564	-0,016072489
41774	97,516602	-10,325001	-10,259768	-0,11407211	-0,020396199	-0,017338991	-0,015627522
41774	98,016602	-9,8250008	-9,8896761	-0,11233203	-0,019833058	-0,017065227	-0,015142274
41774	98,516602	-9,3250008	-9,3337069	-0,10862239	-0,019034214	-0,016364239	-0,014610997
41774	99,016602	-8,8250008	-8,7105064	-0,10450929	-0,01812093	-0,015717305	-0,014029889
41774	99,516602	-8,3250008	-8,1932068	-0,10084398	-0,017371286	-0,015163146	-0,013462643
41774	100,0166	-7,8250008	-7,8194189	-0,098078325	-0,01679232	-0,014695212	-0,012991353
41774	100,5166	-7,3250008	-7,2654953	-0,094272569	-0,015895575	-0,014070608	-0,012378921
41774	101,0166	-6,8250008	-6,8339453	-0,090639666	-0,0152466	-0,013630606	-0,011883908
41774	101,5166	-6,3250008	-6,3150005	-0,087051466	-0,01438915	-0,012964167	-0,011384784
41774	102,0166	-5,8250008	-5,908927	-0,083128363	-0,013822682	-0,012470834	-0,010874509
41774	102,5166	-5,3250008	-5,3905287	-0,078708678	-0,012985654	-0,011847682	-0,010109802
41774	103,0166	-4,8250008	-5,1016769	-0,076379627	-0,012471206	-0,011466853	-0,0097260633
41774	103,5166	-4,3250008	-4,2046866	-0,068015233	-0,01105459	-0,010479555	-0,0086129615
41774	104,0166	-3,8250008	-3,7262197	-0,063021481	-0,010194398	-0,009796463	-0,0078851404
41774	104,5166	-3,3250008	-3,3280702	-0,058800355	-0,0094407052	-0,0092442036	-0,0071967682
41774	105,0166	-2,8250008	-2,8474479	-0,053083897	-0,0086612403	-0,0085151717	-0,0064560371
41774	105,5166	-2,3250008	-2,3321099	-0,047247857	-0,0076830164	-0,0078107193	-0,0056018317
41774	106,0166	-1,8250008	-1,8340666	-0,040605292	-0,0068999976	-0,0071088001	-0,0047922228
41774	106,5166	-1,3250008	-1,3237036	-0,033266842	-0,0059785917	-0,0063022971	-0,0039443485
41774	107,0166	-1,324707	-1,0473262	-0,027332082	-0,0053841546	-0,0056895986	-0,0031838194
41774	107,5166	-2,2747071	-2,0042956	-0,036922842	-0,0062124506	-0,0065295473	-0,0042056534
41774	108,0166	-3,2247069	-2,9043722	-0,046308339	-0,0071378797	-0,007383205	-0,0052907309
41774	108,5166	-4,1747069	-3,4248903	-0,051347911	-0,007880114	-0,0078329369	-0,0058317306
41774	109,0166	-5,1247067	-5,0644579	-0,065337121	-0,009876579	-0,0094297826	-0,0077284882
41774	109,5166	-6,074707	-6,0197525	-0,073330477	-0,011117868	-0,010438159	-0,0087519335
41774	110,0166	-7,0247068	-7,0142646	-0,080546737	-0,012435175	-0,011342213	-0,0098484969
41774	110,5166	-7,9747071	-8,0389843	-0,087693334	-0,013780184	-0,012492642	-0,010884305
41774	111,0166	-8,9247065	-8,9815426	-0,093670562	-0,015012212	-0,013403401	-0,01178884
41774	111,5166	-9,8747072	-9,9547577	-0,099558383	-0,016319074	-0,014377564	-0,012746288
41774	112,0166	-10,824707	-10,82585	-0,10566674	-0,017551325	-0,015281752	-0,013537693
41774	112,5166	-11,774707	-11,673026	-0,11070706	-0,01859859	-0,016197354	-0,014321865
41774	113,0166	-12,724707	-12,700231	-0,1164224	-0,019912884	-0,017249271	-0,015299222
41774	113,5166	-13,674706	-13,660325	-0,121383	-0,021146972	-0,018201061	-0,016291585
41774	114,0166	-14,624707	-14,621456	-0,12670942	-0,022381276	-0,019207485	-0,017046381
41774	114,5166	-15,574707	-15,551184	-0,13186112	-0,02353549	-0,020279408	-0,017878551
41774	115,0166	-16,524706	-16,465578	-0,13631023	-0,024610996	-0,021265961	-0,01877946
41774	115,5166	-17,474707	-17,43988	-0,14112629	-0,025841318	-0,022236608	-0,019658182
41774	116,0166	-18,424707	-18,314796	-0,14531724	-0,026803114	-0,023267671	-0,020492218
41774	116,5166	-19,374706	-19,21744	-0,14975853	-0,027903058	-0,024271831	-0,021242883
41774	117,0166	-20,324707	-20,275652	-0,15438572	-0,029149938	-0,025291696	-0,022085883
41774	117,5166	-21,274706	-21,190403	-0,15839413	-0,030248638	-0,026267618	-0,022987813
41774	118,0166	-22,224707	-22,242363	-0,1635503	-0,031424131	-0,027367681	-0,024045248
41774	118,5166	-23,174707	-23,124836	-0,16741753	-0,032366168	-0,028336182	-0,024816591
41774	119,0166	-24,124706	-24,103537	-0,1713749	-0,033542164	-0,02938519	-0,025564022
41774	119,5166	-25,074707	-24,973425	-0,17539598	-0,034543518	-0,030250773	-0,02630572
41774	120,0166	-26,024706	-25,933933	-0,1793243	-0,035526	-0,031303599	-0,02730852
41774	120,5166	-26,974707	-27,064869	-0,18371381	-0,036761027	-0,032407735	-0,028246731
41774	121,0166	-27,924707	-27,864405	-0,18735267	-0,037584089	-0,033288218	-0,028979987
41774	121,5166	-28,874706	-28,739214	-0,19093268	-0,038578633	-0,034134857	-0,029727537
41774	122,0166	-29,824707	-29,804211	-0,19526631	-0,039668966	-0,03529359	-0,030679867
41774	122,5166	-30,774706	-30,709476	-0,19907728	-0,040635936	-0,036171861	-0,031482164
41774	123,0166	-31,724707	-31,689114	-0,20308346	-0,041637428	-0,037288535	-0,032375984
41774	123,5166	-32,674706	-32,546104	-0,20617768	-0,042585537	-0,038151298	-0,033102226
41774	124,0166	-33,624706	-33,523037	-0,20989291	-0,043620758	-0,039168559	-0,033855699
41774	124,5166	-34,574707	-34,596092	-0,21371841	-0,044690438	-0,04022231	-0,034888968
41774	125,0166	-35,524708	-35,535538	-0,21751598	-0,045682229	-0,041200116	-0,035724502
41774	125,5166	-36,474705	-36,435982	-0,22093505	-0,046645146	-0,042109858	-0,03646617
41774	126,0166	-37,424706	-37,37862	-0,22433996	-0,047637478	-0,043058183	-0,037277352
41774	126,5166	-38,374706	-38,346821	-0,22787228	-0,048606128	-0,044110533	-0,038087089
41774	127,0166	-39,324707	-39,278355	-0,23135617	-0,049558856	-0,045047194	-0,038916677
41774	127,5166	-40,274708	-40,209446	-0,23452155	-0,050398193	-0,04596699	-0,039797567
41774	128,0166	-41,224705	-41,156292	-0,23816973	-0,051396966	-0,046926498	-0,040640201
41774	128,5166	-42,174706	-42,168983	-0,24138838	-0,052509453	-0,048013188	-0,041380636
41774	129,0166	-43,124706	-43,078297	-0,24509728	-0,053386979	-0,048892211	-0,042193934
41774	129,5166	-44,074707	-44,143139	-0,24865009	-0,0544772	-0,04996239	-0,043113384
41774	130,0166	-45,024708	-45,003925	-0,25205201	-0,055366144	-0,050917439	-0,043913413
41774	130,5166	-45,974705	-45,811344	-0,25493726	-0,05614873	-0,051809363	-0,044548415
41774	131,0166	-46,585743	-46,558228	-0,25822446	-0,057037711	-0,052729931	-0,045356937
41774	131,5166	-46,085743	-46,028797	-0,25662369	-0,056710482	-0,052402895	-0,045022339
41774	132,0166	-45,585743	-45,568523	-0,25586188	-0,056447227	-0,052104633	-0,044758465
41774	132,5166	-45,085743	-45,066574	-0,25422239	-0,056061834	-0,051721077	-0,044462476
41774	133,0166	-44,585743	-44,516685	-0,25286937	-0,05555854	-0,051339671	-0,04407905
41774	133,5166	-44,085743	-44,056095	-0,25159979	-0,055234402	-0,050965097	-0,043725476
41774	134,0166	-43,585743	-43,546902	-0,25021583	-0,054894537	-0,05058049	-0,043410994
41774	134,5166	-43,085743	-42,948013	-0,24839006	-0,054424666	-0,0500958	-0,042960849
41774	135,0166	-42,585743	-42,397247	-0,24719685	-0,053937502	-0,049489047	-0,042527076
41774	135,5166	-42,085743	-42,094925	-0,24618767	-0,053713329	-0,049352653	-0,042406864
41774	136,0166	-41,585743	-41,448776	-0,24432428	-0,053149432	-0,04877552	-0,041826896
41774	136,5166	-41,085743	-41,122383	-0,24304539	-0,052896436	-0,048469268	-0,041667096
41774	137,0166	-40,585743	-40,502281	-0,24152808	-0,052396379	-0,04794779	-0,041181721
41774	137,5166	-40,085743	-39,997078	-0,24012588	-0,051952839	-0,047547154	-0,040860131
41774	138,0166	-39,585743	-39,461357	-0,23820288	-0,051545817	-0,047111224	-0,04048596
41774	138,5166	-39,085743	-38,916771	-0,23705997	-0,051063996	-0,04664107	-0,040028013
41774	139,0166	-38,585743	-38,543022	-0,23514256	-0,050736923	-0,046252172	-0,039876908
41774	139,5166	-38,085743	-38,034107	-0,23417957	-0,050263271	-0,045868263	-0,0393214
41774	140,0166	-37,585743	-37,415108	-0,23164786	-0,049732648	-0,045318566	-0,038889959
41774	140,5166	-37,085743	-37,011623	-0,23073032	-0,049408715	-0,044890556	-0,038533822
41774	141,0166	-36,585743	-36,437088	-0,22905767	-0,04884655	-0,044463996	-0,038204867
41774	141,5166	-36,085743	-36,048851	-0,22730157	-0,048577525	-0,04412476	-0,037908413
41774	142,0166	-35,585743	-35,384029	-0,22527874	-0,047960937	-0,043509245	-0,037327599
41774	142,5166	-35,085743	-34,903137	-0,22403374	-0,047529496	-0,043119136	-0,037091471
41774	143,0166	-34,585743	-34,492413	-0,2224762	-0,04714863	-0,042761054	-0,036779057
41774	143,5166	-34,085743	-33,98315	-0,22065081	-0,046642866	-0,042250969	-0,036339849
41774	144,0166	-33,585743	-33,497707	-0,21943189	-0,046260867	-0,041821655	-0,036042016
41774	144,5166	-33,085743	-33,033154	-0,21784864	-0,045767572	-0,041348923	-0,035622388
41774	145,0166	-32,585743	-32,491913	-0,21570735	-0,045285765	-0,040906698	-0,035224039
41774	145,5166	-32,085743	-31,922268	-0,21384023	-0,044739641	-0,04043394	-0,034720052
41774	146,0166	-31,585743	-31,402826	-0,21226034	-0,044252377	-0,039949019	-0,034451369
41774	146,5166	-31,085743	-31,04434	-0,21075346	-0,043959871	-0,039600749	-0,034102093
41774	147,0166	-30,585743	-30,490267	-0,20923764	-0,043396764	-0,039111443	-0,033592381
41774	147,5166	-30,085743	-29,918447	-0,20698681	-0,042927377	-0,038581397	-0,033108845
41774	148,0166	-29,585743	-29,386917	-0,20533353	-0,042368028	-0,038106192	-0,032751996
41774	148,5166	-29,085743	-28,968588	-0,20365044	-0,041978322	-0,037673946	-0,032426167
41774	149,0166	-28,585743	-28,573812	-0,20195283	-0,041640881	-0,037348386	-0,032206368
41774	149,5166	-28,085743	-28,059425	-0,20054951	-0,041055482	-0,03676318	-0,03164142
41774	150,0166	-27,585743	-27,387863	-0,19788854	-0,040402669	-0,036183838	-0,031094283
41774	150,5166	-27,085743	-26,907919	-0,19612983	-0,039931364	-0,035749219	-0,03076455
41774	151,0166	-26,585743	-26,579548	-0,19436181	-0,039562639	-0,035414357	-0,030534901
41774	151,5166	-26,085743	-25,893253	-0,19222088	-0,038868178	-0,034778535	-0,029964477
41774	152,0166	-25,585743	-25,480125	-0,19049086	-0,038448792	-0,034331471	-0,029554624
41774	152,5166	-25,085743	-24,919962	-0,18834062	-0,037830282	-0,033833072	-0,029156532
41774	153,0166	-24,585743	-24,551039	-0,18708743	-0,037465293	-0,033549778	-0,028886411
41774	153,5166	-24,085743	-24,041025	-0,18407591	-0,036944997	-0,03299018	-0,028515417
41774	154,0166	-23,585743	-23,577049	-0,1831118	-0,036468606	-0,032527983	-0,028014667
41774	154,5166	-23,085743	-22,951302	-0,18035918	-0,035860013	-0,032008156	-0,027532227
41774	155,0166	-22,585743	-22,476543	-0,17825738	-0,035321865	-0,031454917	-0,027155384
41774	155,5166	-22,085743	-21,85759	-0,17586909	-0,034686182	-0,03087702	-0,026636381
41774	156,0166	-21,585743	-21,42692	-0,1740206	-0,034116678	-0,030460399	-0,02623469
41774	156,5166	-21,085743	-20,96413	-0,1721222	-0,033600885	-0,030012861	-0,025861617
41774	157,0166	-20,585743	-20,477558	-0,16964152	-0,033021867	-0,029502012	-0,025492717
41774	157,5166	-20,085743	-19,98325	-0,16734451	-0,032492626	-0,028961584	-0,025052667
41774	158,0166	-19,585743	-19,483305	-0,16550831	-0,031940676	-0,028464839	-0,024627216
41774	158,5166	-19,085743	-18,941856	-0,16276874	-0,031359393	-0,027895518	-0,024146684
41774	159,0166	-18,585743	-18,570354	-0,16083457	-0,030942213	-0,027550079	-0,02379762
41774	159,5166	-18,085743	-17,997524	-0,1583755	-0,030262284	-0,026884168	-0,023344029
41774	160,0166	-17,585743	-17,486357	-0,15617535	-0,029725719	-0,026375927	-0,022893194
41774	160,5166	-17,085743	-16,973166	-0,15343726	-0,029068753	-0,025874875	-0,022475556
41774	161,0166	-16,585743	-16,491951	-0,15154034	-0,028465748	-0,025302939	-0,021852594
41774	161,5166	-16,085743	-15,948509	-0,14827028	-0,027829036	-0,024712369	-0,021503437
41774	162,0166	-15,585743	-15,353183	-0,14590919	-0,027121808	-0,024161406	-0,021004964
41774	162,5166	-15,085743	-14,943688	-0,14338344	-0,02656984	-0,023739748	-0,020633593
41774	163,0166	-14,585743	-14,408159	-0,14124773	-0,025885642	-0,023104653	-0,02019592
41774	163,5166	-14,085743	-13,947917	-0,13928898	-0,025327183	-0,022611409	-0,019622453
41774	164,0166	-13,585743	-13,497523	-0,13627596	-0,024714634	-0,022124663	-0,019216981
41774	164,5166	-13,085743	-13,042871	-0,13366714	-0,02407217	-0,021615334	-0,0187346
41774	165,0166	-12,585743	-12,467883	-0,13052076	-0,023358583	-0,021001585	-0,018260714
41774	165,5166	-12,085743	-12,075856	-0,12815222	-0,022816099	-0,0205127	-0,01785022
41774	166,0166	-11,585743	-11,457011	-0,12444854	-0,022075091	-0,019874275	-0,017250527
41774	166,5166	-11,085743	-10,994579	-0,12230463	-0,021406569	-0,019279964	-0,016745631
41774	167,0166	-10,585743	-10,488135	-0,1185488	-0,020707887	-0,018750072	-0,016250018
41774	167,5166	-10,085743	-10,001758	-0,11562966	-0,020008463	-0,018180393	-0,01580216
41774	168,0166	-9,585743	-9,5360804	-0,11286251	-0,019303773	-0,017658353	-0,015380635
41774	168,5166	-9,085743	-9,0227709	-0,10957532	-0,018540714	-0,017087281	-0,014689307
41774	169,0166	-8,585743	-8,4542313	-0,1061134	-0,01779316	-0,016452745	-0,014150118
41774	169,5166	-8,085743	-7,9836993	-0,10262839	-0,017028749	-0,015916929	-0,013714579
41774	170,0166	-7,585743	-7,5252056	-0,098728761	-0,016311109	-0,015362009	-0,013125111
41774	170,5166	-7,085743	-6,942276	-0,094666705	-0,01540523	-0,01468429	-0,012572979
41774	171,0166	-6,585743	-6,5424442	-0,091678277	-0,014732964	-0,014145099	-0,011895102
41774	171,5166	-6,085743	-6,0912838	-0,087526068	-0,014020205	-0,013546638	-0,011374149
41774	172,0166	-5,585743	-5,5921001	-0,083966553	-0,013284169	-0,012943737	-0,010783757
41774	172,5166	-5,085743	-5,3925219	-0,081378967	-0,012804545	-0,012612253	-0,010512237
41774	173,0166	-4,585743	-4,4262094	-0,073733553	-0,011524834	-0,011600219	-0,0092345839
41774	173,5166	-4,085743	-3,9171054	-0,068030506	-0,010491237	-0,010881551	-0,008386285
41774	174,0166	-3,585743	-3,4910889	-0,06345138	-0,0097840056	-0,010278769	-0,0077654058
41774	174,5166	-3,085743	-2,9948299	-0,058146939	-0,0089109167	-0,0095493644	-0,007061447
41774	175,0166	-2,585743	-2,5187228	-0,052658096	-0,0081643388	-0,0088959336	-0,0062418701
41774	175,5166	-2,085743	-2,0230281	-0,046610087	-0,0073518232	-0,0081821755	-0,005338165
41774	176,0166	-1,585743	-1,619326	-0,040235743	-0,0066324249	-0,007518664	-0,0047378261
41774	176,5166	-1,085743	-1,0571927	-0,031906366	-0,0058309212	-0,0064952523	-0,0037028231
41774	177,0166	-1	-0,79332292	-0,026052073	-0,0051809624	-0,0059370548	-0,0030732127
41774	177,5166	-1	-0,91204977	-0,027226284	-0,0052460954	-0,0059560239	-0,003130517
41774	178,0166	-1	-0,90739876	-0,026452541	-0,0051694289	-0,0059467629	-0,0029987637
41774	178,5166	-1	-0,89044124	-0,025999919	-0,005106844	-0,0058353022	-0,0030598836
41774	179,0166	-1	-0,85200739	-0,02559945	-0,0048855841	-0,0058098584	-0,0029461104
41774	179,5166	-1	-0,9361524	-0,02685152	-0,0050001666	-0,005838424	-0,0029709786
41774	180,0166	-1	-0,90842879	-0,026281923	-0,0048467964	-0,0057263896	-0,0028808685
41774	180,5166	-1	-0,88899583	-0,026029348	-0,0048248991	-0,0057555139	-0,0028874073
41774	181,0166	-1	-0,9381119	-0,026702508	-0,0048604831	-0,0058640838	-0,002936149
41774	181,5166	-1	-0,9418968	-0,026622415	-0,0048813522	-0,0057393312	-0,0029617967
41774	182,0166	-1	-0,99133885	-0,026710704	-0,0048689023	-0,0058157295	-0,0029925713
41774	182,5166	-1	-0,9856112	-0,027167797	-0,0048126206	-0,0057297498	-0,0028579598
41774	183,0166	-1	-0,92123449	-0,025853142	-0,0046912879	-0,0056624562	-0,0028325757
41774	183,5166	-1	-0,8912757	-0,025488809	-0,0046992451	-0,0056415126	-0,0027831579
41774	184,0166	-1	-0,8583777	-0,024954602	-0,0046230927	-0,0055947751	-0,0027795108
41774	184,5166	-1	-0,92712045	-0,025911257	-0,0047535002	-0,005617708	-0,00284437
41774	185,0166	-1	-0,94107914	-0,026134774	-0,0047513321	-0,0056891069	-0,0027079685
41774	185,5166	-1	-0,90687162	-0,025129691	-0,004664503	-0,0056433305	-0,0027446048
41774	186,0166	-1	-0,99214727	-0,026570633	-0,0047811717	-0,0057093576	-0,0027667508
41774	186,5166	-1	-0,99440104	-0,026227161	-0,0047561079	-0,0057308227	-0,0028890055
41774	187,0166	-1	-0,92809832	-0,025711581	-0,0046199933	-0,0055709705	-0,0027327994
41774	187,5166	-1	-0,93449652	-0,025318936	-0,0046800897	-0,0055772513	-0,0026673768
41774	188,0166	-1	-0,97941792	-0,026117638	-0,0047033206	-0,0056335777	-0,0027342215
41774	188,5166	-1	-0,96255541	-0,025717169	-0,0046815351	-0,0056114644	-0,002708734
41774	189,0166	-1	-0,99175984	-0,025996938	-0,0047501698	-0,0055976063	-0,0028289016
41774	189,5166	-1	-0,96804464	-0,025672838	-0,0045198724	-0,0055946782	-0,0026739761
41774	190,0166	-1	-0,9503085	-0,025617704	-0,0046257228	-0,0055207461	-0,0026655663
41774	190,5166	-1	-0,95615351	-0,025590882	-0,0046309084	-0,0055021644	-0,0027286941
41774	191,0166	-1	-0,98302591	-0,025626644	-0,0045746714	-0,0055868775	-0,0028059166
41774	191,5166	-1	-0,94801372	-0,025571883	-0,0046025813	-0,0055843368	-0,002636984
41774	192,0166	-1	-1,0141283	-0,026042014	-0,0046180263	-0,0055835918	-0,0026353439
41774	192,5166	-1	-0,94355273	-0,025098026	-0,0045702904	-0,0055318624	-0,0027005821
41774	193,0166	-1	-0,97605586	-0,025181472	-0,0045957491	-0,0056194291	-0,0027342029
41774	193,5166	-1	-0,95714629	-0,025001541	-0,0045983046	-0,0054564476	-0,0025635175
41774	194,0166	-1	-0,996409	-0,025347248	-0,0046258494	-0,0055685416	-0,0027006613
41774	194,5166	-1	-1,0588393	-0,026158243	-0,0046576634	-0,0055707768	-0,0027445927
41774	195,0166	-1	-1,0341909	-0,025614724	-0,0046479851	-0,0056087151	-0,0027004071
41774	195,5166	-1	-1,0179262	-0,02505444	-0,0046220049	-0,005589731	-0,0027944073
41774	196,0166	-1	-1,0080374	-0,025144964	-0,0046131462	-0,0055491254	-0,0026026443
41774	196,5166	-1	-0,98191202	-0,02502501	-0,0046142042	-0,0054222047	-0,0026958035
41774	197,0166	-1	-1,0662936	-0,026070327	-0,0046817288	-0,0055380687	-0,0027421014
41774	197,5166	-1	-0,92841315	-0,024034455	-0,0045177415	-0,0054967701	-0,0025973152
41774	198,0166	-1	-0,95347315	-0,024706125	-0,0045242235	-0,0054949373	-0,0025316775
41774	198,5166	-1	-0,97043252	-0,024690479	-0,0045538619	-0,0055051073	-0,0025732433
41774	199,0166	-1	-0,98591113	-0,024906173	-0,0045912117	-0,0055032447	-0,0026142206
41774	199,5166	-1	-0,93607605	-0,024424121	-0,0045223087	-0,0054401085	-0,0025257571
41774	200,0166	-1	-1,0538492	-0,026106834	-0,0045112148	-0,005547896	-0,0026700599
41774	200,5166	-1	-0,94297343	-0,024863705	-0,0044642463	-0,0054745823	-0,0025132298
41774	201,0166	-1	-0,97284281	-0,025101006	-0,0045224205	-0,0054250658	-0,0025938107
41774	201,5166	-1	-1,043411	-0,025740266	-0,0045330971	-0,0055277497	-0,0027082479
41774	202,0166	-1	-0,97381139	-0,024732947	-0,0045050904	-0,0054473653	-0,00258552
41774	202,5166	-1	-1,0167453	-0,025398657	-0,0044680685	-0,0054742396	-0,0025777891
41774	203,0166	-1	-0,9630155	-0,024894625	-0,0044713244	-0,0053856149	-0,0025469093
41774	203,5166	-1	-0,95189923	-0,024515018	-0,0044328496	-0,0054291636	-0,0025488744
41774	204,0166	-1	-0,90810841	-0,02396442	-0,0043729842	-0,0053848401	-0,0024581049
41774	204,5166	-1	-0,94397181	-0,024100021	-0,0044092387	-0,005403854	-0,0024311738
41774	205,0166	-1	-0,99266696	-0,024668127	-0,0044069812	-0,0054686889	-0,0025340896
41774	205,5166	-1	-0,96127021	-0,024840236	-0,0044028759	-0,0053704157	-0,0025268346
41774	206,0166	-1	-1,021253	-0,025014579	-0,0044693425	-0,0054690391	-0,002638137
41774	206,5166	-1	-0,94329005	-0,024429336	-0,0043944716	-0,0053467676	-0,0025748145
41774	207,0166	-1,7737305	-1,5921165	-0,03182292	-0,0050018206	-0,0059721619	-0,0032456331
41774	207,5166	-2,7237306	-2,5497954	-0,04200004	-0,0059190914	-0,0069076046	-0,0043964349
41774	208,0166	-3,6737304	-2,9742923	-0,046626478	-0,0065090507	-0,0072708875	-0,0049412139
41774	208,5166	-4,6237307	-4,6031623	-0,060581788	-0,0084207878	-0,0090214014	-0,0068683224
41774	209,0166	-5,5737305	-5,5294428	-0,069281086	-0,0096972063	-0,01003617	-0,0079828249
41774	209,5166	-6,5237303	-6,4676294	-0,076629594	-0,010998607	-0,0110633	-0,0088802716
41774	210,0166	-7,4737306	-7,4118924	-0,08348152	-0,012318522	-0,012031883	-0,0099115232
41774	210,5166	-8,4237309	-8,4584112	-0,090907142	-0,013723567	-0,013178244	-0,011183954
41774	211,0166	-9,3737307	-9,4506893	-0,098118559	-0,015031479	-0,014361344	-0,01219076
41774	211,5166	-10,32373	-10,375019	-0,10405146	-0,016250014	-0,015282519	-0,01319459
41774	212,0166	-11,27373	-11,278538	-0,10949671	-0,017555665	-0,016366787	-0,014035407
41774	212,5166	-12,22373	-12,172286	-0,11495203	-0,018699523	-0,017292015	-0,014886585
41774	213,0166	-13,17373	-13,179111	-0,12094975	-0,020063154	-0,01839707	-0,015849363
41774	213,5166	-14,123731	-14,034101	-0,12584217	-0,021136496	-0,019316025	-0,01675956
41774	214,0166	-15,07373	-15,053039	-0,13083182	-0,022421304	-0,020539299	-0,017778683
41774	214,5166	-16,023731	-15,894334	-0,13527125	-0,023454759	-0,021387875	-0,018433213
41774	215,0166	-16,97373	-16,907904	-0,14042407	-0,024761889	-0,022608168	-0,019458275
41774	215,5166	-17,923731	-17,868048	-0,14529489	-0,025972512	-0,023711249	-0,020381678
41774	216,0166	-18,87373	-18,812784	-0,1500342	-0,027091742	-0,024793804	-0,021365233
41774	216,5166	-19,82373	-19,719631	-0,15411824	-0,02814623	-0,025797665	-0,022145871
41774	217,0166	-20,773729	-20,711351	-0,15860684	-0,02936314	-0,026886843	-0,023040451
41774	217,5166	-21,72373	-21,626554	-0,16292632	-0,030403972	-0,027942158	-0,023896351
41774	218,0166	-22,673731	-22,528578	-0,16722754	-0,031435113	-0,0289113	-0,024742529
41774	218,5166	-23,62373	-23,515755	-0,17129816	-0,032533657	-0,029957291	-0,025642477
41774	219,0166	-24,57373	-24,553581	-0,17588958	-0,033696275	-0,031075638	-0,026593067
41774	219,5166	-25,523729	-25,479515	-0,17986149	-0,034776833	-0,032057859	-0,027396698
41774	220,0166	-26,47373	-26,482578	-0,18359981	-0,035792358	-0,033183604	-0,028427694
41774	220,5166	-27,423731	-27,420698	-0,1877293	-0,036788318	-0,034168899	-0,029291533
41774	221,0166	-28,37373	-28,309782	-0,19189045	-0,037829306	-0,035156526	-0,030061185
41774	221,5166	-29,32373	-29,323811	-0,19596294	-0,038813706	-0,036164448	-0,030904353
41774	222,0166	-30,273729	-30,340513	-0,19970872	-0,039856933	-0,037315965	-0,031908631
41774	222,5166	-31,22373	-31,065218	-0,20306185	-0,040715173	-0,038125817	-0,03263678
41774	223,0166	-32,173729	-32,061436	-0,20608567	-0,041703634	-0,039115567	-0,033454049
41774	223,5166	-33,12373	-33,050335	-0,21010563	-0,042681977	-0,040107928	-0,034250151
41774	224,0166	-34,07373	-34,00663	-0,21408759	-0,043787908	-0,041051757	-0,035086993
41774	224,5166	-35,023731	-34,992443	-0,21762103	-0,044723116	-0,042152029	-0,03601085
41774	225,0166	-35,973728	-35,897224	-0,2214022	-0,045647755	-0,043134216	-0,036831792
41774	225,5166	-36,923729	-36,868904	-0,22505894	-0,046708267	-0,044040237	-0,037584521
41774	226,0166	-37,87373	-37,839363	-0,22778809	-0,047661323	-0,045115419	-0,038537066
41774	226,5166	-38,82373	-38,721352	-0,23165904	-0,048534106	-0,045996688	-0,039220538
41774	227,0166	-39,773731	-39,670601	-0,23497455	-0,049460396	-0,046942342	-0,040102564
41774	227,5166	-40,723728	-40,574963	-0,23828484	-0,050428204	-0,047898125	-0,040994413
41774	228,0166	-41,673729	-41,585018	-0,2420865	-0,051360197	-0,048882175	-0,041716747
41774	228,5166	-42,62373	-42,510712	-0,244895	-0,052258678	-0,049858801	-0,042532321
41774	229,0166	-43,57373	-43,436424	-0,24842806	-0,053191386	-0,050826427	-0,043405179
41774	229,5166	-44,523731	-44,450153	-0,2519626	-0,054093853	-0,0518835	-0,044232465
41774	230,0166	-45,473728	-45,391479	-0,25513208	-0,05499709	-0,052831374	-0,045082528
41774	230,5166	-46,423729	-46,365963	-0,25868192	-0,056005709	-0,05392088	-0,045767121
41774	231,0166	-46,700001	-46,590454	-0,25979692	-0,056443043	-0,054261677	-0,046108704
41774	231,5166	-46,700001	-46,66132	-0,26022419	-0,056624301	-0,054550812	-0,046302017
41774	232,0166	-46,700001	-46,592655	-0,26025808	-0,056565162	-0,054484658	-0,046376564
41774	232,5166	-46,700001	-46,626152	-0,26097372	-0,056637052	-0,054624379	-0,046410304
41774	233,0166	-46,700001	-46,714878	-0,26121622	-0,056780707	-0,054740187	-0,046546109
41774	233,5166	-46,700001	-46,605404	-0,26106352	-0,056742087	-0,054751601	-0,04647712
41774	234,0166	-46,700001	-46,653801	-0,26124716	-0,056888435	-0,054845564	-0,04651143
41774	234,5166	-46,700001	-46,691521	-0,26155299	-0,057033293	-0,054910805	-0,046657979
41774	235,0166	-46,700001	-46,655281	-0,26160443	-0,05697453	-0,054874599	-0,046533417
41774	235,5166	-46,700001	-46,68779	-0,26159734	-0,056971215	-0,054956727	-0,046589389
41774	236,0166	-46,700001	-46,55357	-0,26158804	-0,056871489	-0,054911487	-0,046584271
41774	236,5166	-46,700001	-46,561623	-0,26152396	-0,056895982	-0,05493857	-0,04671466
41774	237,0166	-46,700001	-46,60503	-0,26189053	-0,056997184	-0,055025645	-0,046725921
41774	237,5166	-46,700001	-46,585518	-0,26164836	-0,056962043	-0,055036616	-0,04665586
41774	238,0166	-46,700001	-46,571758	-0,26204252	-0,057055891	-0,055147275	-0,046758682
41774	238,5166	-46,700001	-46,690472	-0,26227421	-0,057153646	-0,05526026	-0,046824094
41774	239,0166	-46,700001	-46,690838	-0,26215053	-0,057138611	-0,055170596	-0,046808422
41774	239,5166	-46,700001	-46,606239	-0,2622906	-0,057132628	-0,055187572	-0,046813019
41774	240,0166	-46,700001	-46,606709	-0,26206225	-0,057106189	-0,055198319	-0,046799202
41774	240,5166	-46,700001	-46,537373	-0,26241356	-0,057085052	-0,055219546	-0,046746407
41774	241,0166	-46,700001	-46,604385	-0,26255623	-0,057164364	-0,055256691	-0,04685441
41774	241,5166	-46,700001	-46,577835	-0,26235208	-0,057174042	-0,055279162	-0,046749864
41774	242,0166	-46,700001	-46,569214	-0,26231593	-0,057198115	-0,05530563	-0,046798065
41774	242,5166	-46,700001	-46,609772	-0,26251972	-0,05724185	-0,055342764	-0,046850692
41774	243,0166	-46,700001	-46,596558	-0,26255697	-0,057263039	-0,055359557	-0,047033686
41774	243,5166	-46,700001	-46,593307	-0,26229694	-0,057273775	-0,055435803	-0,04684782
41774	244,0166	-46,700001	-46,564251	-0,26256442	-0,057298653	-0,055415664	-0,046757445
41774	244,5166	-46,700001	-46,632847	-0,26263261	-0,057381436	-0,055521015	-0,046954274
41774	245,0166	-46,700001	-46,556232	-0,26232564	-0,057367414	-0,05540612	-0,046995107
41774	245,5166	-46,700001	-46,542072	-0,26291683	-0,057321053	-0,055418186	-0,046866283
41774	246,0166	-46,700001	-46,631458	-0,26290938	-0,057406921	-0,055522326	-0,046967305
41774	246,5166	-46,700001	-46,581444	-0,26293844	-0,057403795	-0,055522759	-0,046999417
41774	247,0166	-46,700001	-46,562386	-0,26302561	-0,057438668	-0,055516265	-0,046971519
41774	247,5166	-46,700001	-46,54604	-0,2629526	-0,057424374	-0,055513751	-0,047068398
41774	248,0166	-46,700001	-46,508492	-0,26267767	-0,057377182	-0,055593532	-0,047000632
41774	248,5166	-46,700001	-46,59613	-0,26329941	-0,057505675	-0,055604257	-0,047126323
41774	249,0166	-46,700001	-46,601658	-0,26352441	-0,057510156	-0,055645395	-0,047111277
41774	249,5166	-46,700001	-46,569443	-0,26304162	-0,057484236	-0,055666789	-0,047169022
41774	250,0166	-46,700001	-46,544865	-0,26321262	-0,057455149	-0,055725969	-0,047063973
41774	250,5166	-46,700001	-46,598495	-0,26315227	-0,057527684	-0,055645492	-0,047090113
41774	251,0166	-46,700001	-46,598038	-0,26298946	-0,057538323	-0,055728909	-0,047089338
41774	251,5166	-46,700001	-46,689339	-0,26311612	-0,057684604	-0,055846285	-0,047254413
41774	252,0166	-46,700001	-46,534332	-0,26337093	-0,057503954	-0,055740505	-0,04705631
41774	252,5166	-46,700001	-46,566078	-0,26360488	-0,057547476	-0,055754993	-0,047029343
41774	253,0166	-46,700001	-46,487309	-0,26317537	-0,057556096	-0,055711955	-0,047106225
41774	253,5166	-46,700001	-46,59219	-0,26325881	-0,057589874	-0,055790935	-0,047217924
41774	254,0166	-46,700001	-46,500988	-0,26310498	-0,057522092	-0,055801738	-0,04709693
41774	254,5166	-46,700001	-46,727634	-0,26373529	-0,057750016	-0,056012247	-0,04723997
41774	255,0166	-46,700001	-46,614601	-0,26357025	-0,057655144	-0,055934213	-0,047197361
41774	255,5166	-46,700001	-46,54826	-0,26369506	-0,057597391	-0,055885468	-0,047182877
41774	256,0166	-46,700001	-46,531864	-0,26358849	-0,057624497	-0,05581193	-0,04716849
41774	256,5166	-46,700001	-46,648594	-0,26378334	-0,057731614	-0,05598098	-0,047181707
41774	257,0166	-46,700001	-46,640102	-0,26370957	-0,057776764	-0,055974457	-0,047296237
41774	257,5166	-46,700001	-46,427872	-0,26287138	-0,05756237	-0,05580283	-0,047190297
41774	258,0166	-46,700001	-46,556965	-0,26380569	-0,057664305	-0,055964358	-0,047298618
41774	258,5166	-46,700001	-46,572674	-0,26370102	-0,057670008	-0,055998851	-0,047222473
41774	259,0166	-46,700001	-46,637486	-0,26375353	-0,057709903	-0,056028251	-0,047271516
41774	259,5166	-46,700001	-46,673897	-0,26416218	-0,057813272	-0,056115322	-0,04734258
41774	260,0166	-46,700001	-46,574959	-0,2638098	-0,057698797	-0,055969719	-0,04727475
41774	260,5166	-46,700001	-46,452366	-0,26355648	-0,057647817	-0,055922326	-0,047115412
41774	261,0166	-44,96172	-44,954727	-0,25934839	-0,056433078	-0,054653652	-0,045982279
41774	261,5166	-42,46172	-42,342464	-0,2520144	-0,054380409	-0,052445021	-0,04420669
41774	262,0166	-39,96172	-39,852478	-0,24480261	-0,052266844	-0,05019515	-0,042504456
41774	262,5166	-37,46172	-37,331455	-0,23684762	-0,050142892	-0,048013844	-0,040459719
41774	263,0166	-34,96172	-34,692928	-0,22837259	-0,047805332	-0,045645915	-0,038502656
41774	263,5166	-32,46172	-32,168587	-0,2197139	-0,045550719	-0,043264382	-0,036498182
41774	264,0166	-29,96172	-29,801144	-0,21156296	-0,043292534	-0,041093498	-0,034630857
41774	264,5166	-27,46172	-27,251835	-0,20239465	-0,040756404	-0,038702894	-0,032632243
41774	265,0166	-24,96172	-24,677706	-0,19273721	-0,038157135	-0,036151551	-0,030496191
41774	265,5166	-22,46172	-22,376631	-0,18284731	-0,035776295	-0,033863582	-0,028492976
41774	266,0166	-19,96172	-19,793268	-0,17188974	-0,03298318	-0,031229783	-0,026326556
41774	266,5166	-17,46172	-17,313049	-0,16033091	-0,030179027	-0,028545655	-0,024125446
41774	267,0166	-14,96172	-14,859569	-0,14792271	-0,027199294	-0,025870822	-0,021807998
41774	267,5166	-12,46172	-12,366996	-0,13526268	-0,023974728	-0,023025602	-0,01933324
41774	268,0166	-9,9617195	-9,9253902	-0,12071617	-0,020508502	-0,020124301	-0,017005179
41774	268,5166	-7,4617195	-7,4196177	-0,1033783	-0,016761966	-0,017046772	-0,014100968
41774	269,0166	-4,9617195	-4,917357	-0,082589686	-0,012788698	-0,013951361	-0,01097723
41774	269,5166	-2,4617195	-3,2466948	-0,065757707	-0,0099434108	-0,011626333	-0,00838969
41774	270,0166	-1	-0,95695072	-0,0341665	-0,0061875135	-0,0078032985	-0,004266331
41774	270,5166	-1	-0,83687532	-0,029907376	-0,0056013465	-0,0071582943	-0,0037549641
41774	271,0166	-1	-0,77075696	-0,027889758	-0,0054552183	-0,0069876984	-0,0035262024
41774	271,5166	-1	-0,75179708	-0,027240813	-0,0053045228	-0,0068953037	-0,0034552831
41774	272,0166	-1	-0,7326715	-0,026427582	-0,0051724464	-0,0067612603	-0,0032195551
41774	272,5166	-1	-0,75522995	-0,02717264	-0,0051515773	-0,0067432523	-0,0032210285
41774	273,0166	-1	-0,77560544	-0,026796013	-0,0050799772	-0,0066771209	-0,0032426203
41774	273,5166	-1	-0,83641148	-0,027755648	-0,0051462725	-0,0067397356	-0,0032424107
41774	274,0166	-1	-0,85764003	-0,027747825	-0,0050875917	-0,0067728385	-0,0032175127
41774	274,5166	-1	-0,92451274	-0,028286502	-0,0051337034	-0,0068050995	-0,0032955632
41774	275,0166	-1	-0,93420219	-0,028413162	-0,0051444247	-0,0067699254	-0,0033638924
41774	275,5166	-1	-0,89904481	-0,02791062	-0,004977636	-0,0066721216	-0,0032644058
41774	276,0166	0	0,059777871	1,4839234	-0,0038329512	-0,0047229528	-0,0018145265

Datenerfassung						Zeit:	276,36719	s	15.05.2014 11:19:47
Ch 1 Kraft	Ch 1 Weg	1944 A	1944 B	1281068
kN	mm	mm	mm	mm
0,1400318	4,8359251	0,066058077	0,077628799	0,00017019082
-47,977573	-0,26480258	-0,058431566	-0,056427889	-0,047597248
