Datum : 	27.8.2014
Durchmesser :	48,5
Datum	Laufzeit	Ch 1 Kraft Sollwert	Ch 1 Kraft	Ch 1 Weg	1944 A	1944 B	1281068
d	s	kN	kN	mm	mm	mm	mm
41878	152,35059	-1,4980469	-1,4232602	-0,0032871962	-0,00037641451	-0,00036692619	-0,0005665794
41878	152,85059	-1,9980469	-1,4107283	-0,0042229891	-0,00032662228	-0,00037998334	-0,00063036848
41878	153,35059	-2,4980469	-2,4754553	-0,012010336	-0,0010462385	-0,0014461055	-0,0021446305
41878	153,85059	-2,9980469	-3,1412504	-0,017338991	-0,0015960243	-0,0022115745	-0,0030110097
41878	154,35059	-3,4980469	-3,6763604	-0,019684434	-0,0019859374	-0,002719108	-0,0036618691
41878	154,85059	-3,9980469	-4,2142644	-0,0243783	-0,0024291463	-0,0034314618	-0,0043794448
41878	155,35059	-4,4980469	-4,6656075	-0,026354194	-0,0029160883	-0,0039557144	-0,0049297959
41878	155,85059	-4,9980469	-5,1252022	-0,03041923	-0,0032867566	-0,0044735558	-0,0055262027
41878	156,35059	-5,4980469	-5,5491905	-0,034224987	-0,0036061835	-0,0049958788	-0,0061252583
41878	156,85059	-5,9980469	-6,0287023	-0,037401915	-0,0040041748	-0,005481977	-0,0066279992
41878	157,35059	-6,4980469	-6,4858756	-0,039023161	-0,004416028	-0,0061280839	-0,0072216038
41878	157,85059	-6,9980469	-7,0025024	-0,043401122	-0,0048602168	-0,0067158714	-0,0079297572
41878	158,35059	-7,4980469	-7,5142493	-0,045108795	-0,0054132733	-0,0072935037	-0,0084929382
41878	158,85059	-7,9980469	-8,0804501	-0,048783422	-0,0058386289	-0,0079981163	-0,0091649517
41878	159,35059	-8,4980469	-8,595048	-0,051787496	-0,0063495077	-0,008605089	-0,0097905388
41878	159,85059	-8,9980469	-9,0501337	-0,054469705	-0,0067768805	-0,0091824159	-0,010393015
41878	160,35059	-9,4980469	-9,5085506	-0,057193637	-0,0071711671	-0,0097173154	-0,010921479
41878	160,85059	-9,9980469	-9,9648981	-0,060525537	-0,0076306462	-0,010315131	-0,011536238
41878	161,35059	-10,498047	-10,483722	-0,063282251	-0,0081610959	-0,010877956	-0,012100459
41878	161,85059	-10,998047	-10,98319	-0,066846609	-0,0086761564	-0,011510424	-0,012635366
41878	162,35059	-11,498047	-11,523343	-0,068426132	-0,0092166439	-0,012092177	-0,013310808
41878	162,85059	-11,998047	-12,066466	-0,071027875	-0,009799635	-0,012743562	-0,013917345
41878	163,35059	-12,498047	-12,568054	-0,072401762	-0,010325234	-0,013346631	-0,014450771
41878	163,85059	-12,998047	-13,071795	-0,076493621	-0,010810189	-0,013918243	-0,0151048
41878	164,35059	-13,498047	-13,60329	-0,078630447	-0,011425154	-0,014520273	-0,015728902
41878	164,85059	-13,998047	-14,092572	-0,080621243	-0,011936987	-0,015066624	-0,016290303
41878	165,35059	-14,498047	-14,556635	-0,082731247	-0,012461644	-0,015684519	-0,016870126
41878	165,85059	-14,998047	-15,012673	-0,086161494	-0,012970675	-0,016288769	-0,01744036
41878	166,35059	-15,498047	-15,461702	-0,086641312	-0,013366994	-0,01672731	-0,017885815
41878	166,85059	-15,998047	-15,973392	-0,08983314	-0,013920373	-0,017348077	-0,018450011
41878	167,35059	-16,498047	-16,538612	-0,092858076	-0,014599843	-0,01795974	-0,019101471
41878	167,85059	-16,998047	-17,043421	-0,093790889	-0,015186472	-0,018559258	-0,019726153
41878	168,35059	-17,498047	-17,553339	-0,096607208	-0,015642375	-0,019150306	-0,020349234
41878	168,85059	-17,998047	-18,06395	-0,098985434	-0,01619019	-0,019819017	-0,021085449
41878	169,35059	-18,498047	-18,568644	-0,10199547	-0,016832434	-0,020331588	-0,021492574
41878	169,85059	-18,998047	-19,05245	-0,10406375	-0,017376076	-0,020930108	-0,022146169
41878	170,35059	-19,498047	-19,539026	-0,10674	-0,01783677	-0,021542255	-0,022601914
41878	170,85059	-19,998047	-20,021057	-0,10849833	-0,018466353	-0,022125516	-0,023150057
41878	171,35059	-20,498047	-20,502533	-0,10948479	-0,018978722	-0,022677954	-0,023683261
41878	171,85059	-20,998047	-20,969534	-0,11307597	-0,019498304	-0,023275342	-0,024335112
41878	172,35059	-21,498047	-21,488129	-0,11529028	-0,020102186	-0,023853857	-0,024909493
41878	172,85059	-21,998047	-21,997808	-0,1165092	-0,020628611	-0,024527963	-0,025552001
41878	173,35059	-22,498047	-22,540514	-0,12011826	-0,021158105	-0,025110018	-0,026195232
41878	173,85059	-22,998047	-23,070318	-0,12122393	-0,021859121	-0,02572355	-0,026697036
41878	174,35059	-23,498047	-23,592857	-0,12329817	-0,022460703	-0,026318599	-0,027369387
41878	174,85059	-23,998047	-24,041073	-0,12705922	-0,022953199	-0,026890848	-0,027845591
41878	175,35059	-24,498047	-24,50676	-0,12889206	-0,023467433	-0,027455334	-0,028385077
41878	175,85059	-24,998047	-24,974457	-0,12981892	-0,023992022	-0,028027821	-0,02896677
41878	176,35059	-25,498047	-25,455788	-0,1337409	-0,024533164	-0,028587151	-0,029477794
41878	176,85059	-25,998047	-25,989315	-0,13548136	-0,025226859	-0,029223714	-0,03017002
41878	177,35059	-26,498047	-26,509544	-0,1369983	-0,025833754	-0,029765312	-0,030738
41878	177,85059	-26,998047	-27,007435	-0,13907552	-0,026320433	-0,030476961	-0,031348575
41878	178,35059	-27,498047	-27,530521	-0,14107823	-0,026926741	-0,031057503	-0,031947497
41878	178,85059	-27,998047	-28,047472	-0,1437068	-0,027509073	-0,031618018	-0,032547664
41878	179,35059	-28,498047	-28,585636	-0,14615059	-0,028175209	-0,032370936	-0,033119835
41878	179,85059	-28,998047	-29,035162	-0,14761984	-0,028669875	-0,032915477	-0,0337172
41878	180,35059	-29,498047	-29,511021	-0,14970899	-0,029189728	-0,033444148	-0,034274958
41878	180,85059	-29,998047	-29,946833	-0,15164316	-0,029650573	-0,033867981	-0,034753032
41878	181,35059	-30,498047	-30,47957	-0,15470386	-0,03027234	-0,034544509	-0,035503436
41878	181,85059	-30,998047	-31,01041	-0,15639961	-0,030992353	-0,035254795	-0,035991661
41878	182,35059	-31,498047	-31,520348	-0,15837252	-0,031560257	-0,035826001	-0,036662295
41878	182,85059	-31,998047	-32,011517	-0,16019642	-0,032123066	-0,036343519	-0,037138708
41878	183,35059	-32,498047	-32,52282	-0,16239882	-0,032739285	-0,037079986	-0,037795879
41878	183,85059	-32,998047	-33,039852	-0,16496778	-0,033273358	-0,037690196	-0,038275257
41878	184,35059	-33,498047	-33,560383	-0,16674697	-0,033934318	-0,038307775	-0,039007999
41878	184,85059	-33,998047	-34,04335	-0,16950071	-0,03445401	-0,038870793	-0,03961093
41878	185,35059	-34,498047	-34,486355	-0,17115772	-0,035013627	-0,039392862	-0,040101957
41878	185,85059	-34,998047	-34,969128	-0,17259717	-0,035570294	-0,039953072	-0,040663511
41878	186,35059	-35,498047	-35,455734	-0,17495453	-0,036132872	-0,040578019	-0,041233823
41878	186,85059	-35,998047	-35,989113	-0,17667711	-0,036850289	-0,041191857	-0,041858878
41878	187,35059	-36,498047	-36,559353	-0,17886162	-0,037531614	-0,041877907	-0,042460207
41878	187,85059	-36,998047	-37,026562	-0,18142462	-0,038014866	-0,042448025	-0,04309018
41878	188,35059	-37,498047	-37,56543	-0,18352866	-0,038664877	-0,04312576	-0,043782916
41878	188,85059	-37,998047	-38,033958	-0,18648803	-0,03915571	-0,043709498	-0,044182118
41878	189,35059	-38,498047	-38,517349	-0,18831789	-0,039729469	-0,044280227	-0,044893652
41878	189,85059	-38,998047	-39,024097	-0,18887818	-0,040433604	-0,044873048	-0,04538776
41878	190,35059	-39,498047	-39,493057	-0,19108355	-0,041006628	-0,045482058	-0,045996521
41878	190,85059	-39,998047	-39,951591	-0,19409955	-0,041571081	-0,046038587	-0,046583615
41878	191,35059	-39,506836	-39,513813	-0,1921922	-0,041102931	-0,045654785	-0,046171736
41878	191,85059	-39,006836	-38,936474	-0,19074082	-0,040464971	-0,045051087	-0,045602512
41878	192,35059	-38,506836	-38,449272	-0,18863082	-0,039993111	-0,044568118	-0,045099992
41878	192,85059	-38,006836	-38,003448	-0,18703938	-0,039536666	-0,044034336	-0,044662666
41878	193,35059	-37,506836	-37,521927	-0,18585026	-0,039064631	-0,043560255	-0,044143047
41878	193,85059	-37,006836	-36,995144	-0,18382668	-0,038433436	-0,042970415	-0,043673273
41878	194,35059	-36,506836	-36,470181	-0,18254817	-0,037867013	-0,042407151	-0,042966381
41878	194,85059	-36,006836	-35,934742	-0,18059909	-0,0373585	-0,041859712	-0,042476393
41878	195,35059	-35,506836	-35,399204	-0,17898977	-0,036744133	-0,041250553	-0,041925609
41878	195,85059	-35,006836	-34,944569	-0,17777979	-0,036215022	-0,040744957	-0,041445531
41878	196,35059	-34,506836	-34,472347	-0,17475784	-0,035780132	-0,040260132	-0,041021153
41878	196,85059	-34,006836	-34,017838	-0,17466545	-0,035262309	-0,039765593	-0,040389311
41878	197,35059	-33,506836	-33,509613	-0,17087758	-0,034691837	-0,039174985	-0,03978822
41878	197,85059	-33,006836	-33,02158	-0,16995668	-0,03411638	-0,038727183	-0,039396159
41878	198,35059	-32,506836	-32,50872	-0,16799271	-0,033649426	-0,038157884	-0,0388874
41878	198,85059	-32,006836	-31,985941	-0,16701221	-0,033117581	-0,037552428	-0,038333878
41878	199,35059	-31,506836	-31,458515	-0,16438067	-0,032409374	-0,036984567	-0,03772917
41878	199,85059	-31,006836	-30,954571	-0,1619637	-0,031981066	-0,036433768	-0,037200768
41878	200,35059	-30,506836	-30,466869	-0,16074181	-0,031447213	-0,035962414	-0,036618877
41878	200,85059	-30,006836	-29,983187	-0,15899539	-0,030877562	-0,035334554	-0,036192037
41878	201,35059	-29,506836	-29,48436	-0,15613437	-0,030438622	-0,034832161	-0,035498068
41878	201,85059	-29,006836	-29,020954	-0,15516281	-0,029839009	-0,034312744	-0,035110898
41878	202,35059	-28,506836	-28,557915	-0,15228689	-0,029343856	-0,033870641	-0,03443452
41878	202,85059	-28,006836	-28,066086	-0,15109777	-0,028787846	-0,033246722	-0,033984829
41878	203,35059	-27,506836	-27,525492	-0,14890432	-0,028207107	-0,032716978	-0,033488303
41878	203,85059	-27,006836	-27,028152	-0,14741719	-0,027719459	-0,032127704	-0,032855883
41878	204,35059	-26,506836	-26,488449	-0,14514029	-0,027125001	-0,031521592	-0,032311015
41878	204,85059	-26,006836	-25,96475	-0,14291108	-0,02654097	-0,030997273	-0,03175031
41878	205,35059	-25,506836	-25,464153	-0,14182627	-0,025939463	-0,030460987	-0,031157024
41878	205,85059	-25,006836	-24,9624	-0,1396656	-0,025388807	-0,029889826	-0,030674886
41878	206,35059	-24,506836	-24,480404	-0,13671815	-0,02488588	-0,029355098	-0,030124139
41878	206,85059	-24,006836	-24,012903	-0,1362443	-0,024397679	-0,028874259	-0,029535193
41878	207,35059	-23,506836	-23,55122	-0,13391078	-0,02378086	-0,028269652	-0,029140264
41878	207,85059	-23,006836	-23,043222	-0,13222992	-0,023258667	-0,027717534	-0,028440364
41878	208,35059	-22,506836	-22,522018	-0,12978017	-0,022676717	-0,027098667	-0,027967174
41878	208,85059	-22,006836	-21,984217	-0,12815297	-0,022082668	-0,02654377	-0,02734391
41878	209,35059	-21,506836	-21,485714	-0,12456477	-0,021525573	-0,025920708	-0,026768386
41878	209,85059	-21,006836	-20,957384	-0,12350678	-0,020996306	-0,02538297	-0,026301555
41878	210,35059	-20,506836	-20,466862	-0,12149215	-0,020394642	-0,024783898	-0,025642417
41878	210,85059	-20,006836	-19,98992	-0,11992753	-0,019941866	-0,024312515	-0,025096718
41878	211,35059	-19,506836	-19,484758	-0,11765957	-0,019321151	-0,023676079	-0,024633858
41878	211,85059	-19,006836	-19,017809	-0,11432469	-0,018873978	-0,023203421	-0,024015635
41878	212,35059	-18,506836	-18,545174	-0,11250675	-0,018376661	-0,022674602	-0,023460757
41878	212,85059	-18,006836	-18,062834	-0,11055171	-0,017790444	-0,022010554	-0,022953913
41878	213,35059	-17,506836	-17,535749	-0,10831654	-0,017221898	-0,02145857	-0,022339582
41878	213,85059	-17,006836	-16,979307	-0,10657907	-0,016583636	-0,020882111	-0,021731757
41878	214,35059	-16,506836	-16,462543	-0,10377169	-0,016035147	-0,020298723	-0,021134131
41878	214,85059	-16,006836	-15,945626	-0,10237694	-0,015480639	-0,019656796	-0,020594068
41878	215,35059	-15,506836	-15,456859	-0,099802017	-0,01498696	-0,019124325	-0,020024311
41878	215,85059	-15,006836	-14,969014	-0,097367167	-0,014445022	-0,018567774	-0,019419648
41878	216,35059	-14,506836	-14,529418	-0,094783306	-0,0140102	-0,017994616	-0,018870942
41878	216,85059	-14,006836	-14,017753	-0,092664361	-0,013416369	-0,017472412	-0,018395294
41878	217,35059	-13,506836	-13,519184	-0,090435147	-0,0128376	-0,016939308	-0,017718598
41878	217,85059	-13,006836	-13,038441	-0,087469816	-0,012312094	-0,016289633	-0,017075017
41878	218,35059	-12,506836	-12,532453	-0,085234642	-0,011781661	-0,015759487	-0,016607549
41878	218,85059	-12,006836	-11,976192	-0,083330274	-0,01116528	-0,015161969	-0,015926607
41878	219,35059	-11,506836	-11,43318	-0,080782175	-0,010575019	-0,014454428	-0,015246156
41878	219,85059	-11,006836	-10,932767	-0,078511238	-0,010052474	-0,013984285	-0,014753581
41878	220,35059	-10,506836	-10,455642	-0,075498223	-0,0095348861	-0,013315149	-0,014150792
41878	220,85059	-10,006836	-10,077963	-0,073000789	-0,0092036668	-0,012937788	-0,013757807
41878	221,35059	-9,5068359	-9,6706038	-0,071272254	-0,0086726788	-0,012380928	-0,013109579
41878	221,85059	-9,0068359	-9,3616295	-0,069737434	-0,0082909409	-0,012021959	-0,012710155
41878	222,35059	-8,5068359	-8,4488363	-0,064119697	-0,0074084606	-0,011015989	-0,011641006
41878	222,85059	-8,0068359	-7,9859223	-0,061362982	-0,0069768243	-0,010390464	-0,010966367
41878	223,35059	-7,5068359	-7,4495516	-0,060412288	-0,0064338651	-0,0097444095	-0,010419273
41878	223,85059	-7,0068359	-6,9719067	-0,054776669	-0,0059982724	-0,0090597868	-0,009823109
41878	224,35059	-6,5068359	-6,4837022	-0,053444505	-0,0055520311	-0,0085926168	-0,0091080563
41878	224,85059	-6,0068359	-6,0020199	-0,051182508	-0,0051603895	-0,0078870095	-0,0085631935
41878	225,35059	-5,5068359	-5,4530482	-0,046607852	-0,0045931842	-0,0071801841	-0,007845046
41878	225,85059	-5,0068359	-4,9142299	-0,042524934	-0,0041483659	-0,0065189414	-0,0071304766
41878	226,35059	-4,5068359	-4,4404268	-0,039175153	-0,003649639	-0,0059432648	-0,0065716021
41878	226,85059	-4,0068359	-3,9496608	-0,036510825	-0,0032882579	-0,0053698756	-0,0056672348
41878	227,35059	-3,5068359	-3,4862552	-0,033280253	-0,0028919429	-0,0047024488	-0,0051249778
41878	227,85059	-3,0068359	-2,9422977	-0,028651953	-0,0023778398	-0,0041175559	-0,0043646786
41878	228,35059	-2,5068359	-2,4328754	-0,024595857	-0,0019394625	-0,0035102591	-0,0034961784
41878	228,85059	-2,0068359	-1,958806	-0,020259619	-0,0015967786	-0,0028877631	-0,0028328793
41878	229,35059	-1,5068359	-1,4771316	-0,015932322	-0,0011934862	-0,0023740306	-0,0021557058
41878	229,85059	-1,0068359	-0,96919012	-0,010064244	-0,00083333999	-0,001903832	-0,0012938236
41878	230,35059	-1,4882813	-1,3267677	-0,012272596	-0,0010073557	-0,0022429898	-0,0018689088
41878	230,85059	-1,9882813	-1,4453046	-0,013643503	-0,0011229236	-0,0023218542	-0,0019032084
41878	231,35059	-2,4882813	-2,4092104	-0,020095706	-0,0018100739	-0,0034134872	-0,0032738447
41878	231,85059	-2,9882813	-3,0124524	-0,026381016	-0,0022458322	-0,0041284151	-0,0040680096
41878	232,35059	-3,4882813	-3,6693122	-0,030019879	-0,0027415864	-0,0048642121	-0,0049446477
41878	232,85059	-3,9882813	-4,1704216	-0,03400147	-0,0031225495	-0,0055833273	-0,0055135312
41878	233,35059	-4,4882813	-4,6199689	-0,036624074	-0,0035499185	-0,0060767569	-0,0061323103
41878	233,85059	-4,9882813	-5,0372167	-0,039285421	-0,0038654935	-0,0066603683	-0,006632817
41878	234,35059	-5,4882813	-5,5495853	-0,042659044	-0,0042923186	-0,007272087	-0,0072467979
41878	234,85059	-5,9882813	-6,0625095	-0,044736266	-0,0049010757	-0,0078207143	-0,0079229493
41878	235,35059	-6,4882813	-6,5366721	-0,049647689	-0,005203411	-0,0084477402	-0,0084733786
41878	235,85059	-6,9882813	-7,0425568	-0,051140785	-0,0057103876	-0,0090803206	-0,0090675345
41878	236,35059	-7,4882813	-7,6016068	-0,055021048	-0,0062013753	-0,0097324848	-0,0097157992
41878	236,85059	-7,9882813	-8,0703478	-0,057458878	-0,006615093	-0,010326151	-0,010255498
41878	237,35059	-8,4882813	-8,5533609	-0,060379505	-0,0071075987	-0,010924291	-0,010921891
41878	237,85059	-8,9882813	-9,0445023	-0,063070655	-0,0075873546	-0,011501912	-0,01148999
41878	238,35059	-9,4882813	-9,4738493	-0,064688921	-0,0079321321	-0,012025308	-0,011942652
41878	238,85059	-9,9882813	-9,973382	-0,068300962	-0,0084933843	-0,012546379	-0,012567374
41878	239,35059	-10,488281	-10,495713	-0,06993413	-0,0090455692	-0,013228238	-0,013084988
41878	239,85059	-10,988281	-11,01436	-0,071960688	-0,0095332116	-0,013823859	-0,013799266
41878	240,35059	-11,488281	-11,532761	-0,075182319	-0,010028865	-0,014415335	-0,01431341
41878	240,85059	-11,988281	-12,067921	-0,077977777	-0,010582391	-0,015088979	-0,01499579
41878	241,35059	-12,488281	-12,560329	-0,07982254	-0,01108362	-0,015656579	-0,015636187
41878	241,85059	-12,988281	-13,069154	-0,08277595	-0,011590771	-0,016233426	-0,016152561
41878	242,35059	-13,488281	-13,561004	-0,084763765	-0,012207834	-0,016743612	-0,016654078
41878	242,85059	-13,988281	-14,015691	-0,087288022	-0,012659431	-0,017305333	-0,017200734
41878	243,35059	-14,488281	-14,486824	-0,088641047	-0,013181964	-0,017867092	-0,017762914
41878	243,85059	-14,988281	-14,984724	-0,091126561	-0,013776733	-0,018425193	-0,01831764
41878	244,35059	-15,488281	-15,462152	-0,093001127	-0,014315298	-0,01897965	-0,018806729
41878	244,85059	-15,988281	-15,99316	-0,096023083	-0,014854564	-0,0196095	-0,019518048
41878	245,35059	-16,488281	-16,563015	-0,098365545	-0,015398107	-0,020248804	-0,020061299
41878	245,85059	-16,988281	-17,036572	-0,10028183	-0,01597565	-0,020733315	-0,0207076
41878	246,35059	-17,488281	-17,563135	-0,10365844	-0,016534036	-0,021375332	-0,021379795
41878	246,85059	-17,988281	-18,061161	-0,10562241	-0,017072771	-0,021915723	-0,021765694
41878	247,35059	-18,488281	-18,489729	-0,10747612	-0,017587848	-0,022404466	-0,022274122
41878	247,85059	-18,988281	-18,99032	-0,10813773	-0,018124057	-0,023038093	-0,022785839
41878	248,35059	-19,488281	-19,500473	-0,11206567	-0,018707281	-0,023587104	-0,023483586
41878	248,85059	-19,988281	-19,942005	-0,11486709	-0,019196849	-0,024110157	-0,024002369
41878	249,35059	-20,488281	-20,469429	-0,11564493	-0,019752163	-0,024670418	-0,02464905
41878	249,85059	-20,988281	-21,011856	-0,1167208	-0,020421576	-0,025405977	-0,025251586
41878	250,35059	-21,488281	-21,557659	-0,11919439	-0,020941274	-0,025970411	-0,025720231
41878	250,85059	-21,988281	-22,035675	-0,12190044	-0,021504365	-0,026536833	-0,02643862
41878	251,35059	-22,488281	-22,544123	-0,1247853	-0,022056274	-0,027108599	-0,026891708
41878	251,85059	-22,988281	-23,02762	-0,12669265	-0,022614188	-0,02769665	-0,027515352
41878	252,35059	-23,488281	-23,499636	-0,12815893	-0,02310808	-0,028196741	-0,02792732
41878	252,85059	-23,988281	-23,967974	-0,12948811	-0,023631107	-0,028801467	-0,02848354
41878	253,35059	-24,488281	-24,457031	-0,13160706	-0,024231704	-0,029349137	-0,029013
41878	253,85059	-24,988281	-24,972773	-0,13404787	-0,02485114	-0,02997629	-0,029665645
41878	254,35059	-25,488281	-25,487057	-0,13667643	-0,025370633	-0,030537073	-0,030306503
41878	254,85059	-25,988281	-25,987797	-0,13900101	-0,025978032	-0,031053085	-0,03071719
41878	255,35059	-26,488281	-26,533157	-0,14204979	-0,026518803	-0,031706881	-0,031398691
41878	255,85059	-26,988281	-27,044918	-0,141716	-0,027062982	-0,032266926	-0,031946499
41878	256,35059	-27,488281	-27,56834	-0,14498234	-0,027713532	-0,032840881	-0,032505106
41878	256,85059	-27,988281	-28,056585	-0,14688969	-0,028274797	-0,033447269	-0,033071041
41878	257,35059	-28,488281	-28,472065	-0,14845729	-0,028700711	-0,033965115	-0,033563327
41878	257,85059	-28,988281	-28,935555	-0,1504004	-0,029232774	-0,034465943	-0,034072321
41878	258,35059	-29,488281	-29,448679	-0,15280247	-0,029841315	-0,035104576	-0,034662414
41878	258,85059	-29,988281	-29,954128	-0,1539737	-0,030386444	-0,035642762	-0,035326786
41878	259,35059	-30,488281	-30,520191	-0,15836656	-0,031052008	-0,036268022	-0,035804879
41878	259,85059	-30,988281	-31,021168	-0,15832186	-0,031654697	-0,036829714	-0,036461096
41878	260,35059	-31,488281	-31,503916	-0,16026497	-0,032197993	-0,037444774	-0,03695184
41878	260,85059	-31,988281	-32,04525	-0,16179383	-0,032800231	-0,038050752	-0,03749514
41878	261,35059	-32,488281	-32,550648	-0,16461909	-0,033348046	-0,038663793	-0,038066439
41878	261,85059	-32,988281	-33,016792	-0,16749799	-0,033936109	-0,039237943	-0,038558405
41878	262,35059	-33,488281	-33,449261	-0,16756058	-0,034296751	-0,039673019	-0,03919011
41878	262,85059	-33,988281	-33,926308	-0,16992688	-0,034913689	-0,040260483	-0,039573524
41878	263,35059	-34,488281	-34,41164	-0,17274916	-0,035480272	-0,040831555	-0,040236183
41878	263,85059	-34,988281	-34,98093	-0,17501414	-0,036141414	-0,041369442	-0,040782444
41878	264,35059	-35,488281	-35,528187	-0,17724037	-0,036761213	-0,042075831	-0,041391179
41878	264,85059	-35,988281	-36,015324	-0,17855763	-0,037338704	-0,042664763	-0,041952811
41878	265,35059	-36,488281	-36,533634	-0,18004179	-0,037880234	-0,043233465	-0,042606451
41878	265,85059	-36,988281	-37,040524	-0,18360019	-0,038425554	-0,043804619	-0,043101139
41878	266,35059	-37,488281	-37,5224	-0,1856178	-0,039053395	-0,044314798	-0,04377659
41878	266,85059	-37,988281	-38,021587	-0,18660426	-0,03955029	-0,044916589	-0,04430617
41878	267,35059	-38,488281	-38,49416	-0,18878877	-0,04008168	-0,045470942	-0,044729814
41878	267,85059	-38,988281	-38,941891	-0,19041002	-0,040675253	-0,04606444	-0,045327857
41878	268,35059	-38,516602	-38,506847	-0,18900633	-0,040153429	-0,045602214	-0,044858601
41878	268,85059	-38,016602	-37,963348	-0,18800497	-0,039648607	-0,045008194	-0,04441065
41878	269,35059	-37,516602	-37,49675	-0,18603504	-0,039167523	-0,04452708	-0,043777335
41878	269,85059	-37,016602	-37,030712	-0,18379688	-0,038683843	-0,044028614	-0,043391705
41878	270,35059	-36,516602	-36,543789	-0,18267334	-0,038100369	-0,043437179	-0,042841967
41878	270,85059	-36,016602	-35,988487	-0,1806289	-0,037527815	-0,042840201	-0,042220611
41878	271,35059	-35,516602	-35,454227	-0,17854571	-0,036960054	-0,04235192	-0,041781016
41878	271,85059	-35,016602	-34,941826	-0,17752647	-0,036448676	-0,04177985	-0,041056223
41878	272,35059	-34,516602	-34,441422	-0,17563999	-0,035889708	-0,041295234	-0,040686622
41878	272,85059	-34,016602	-33,968773	-0,1737982	-0,035355564	-0,040778246	-0,04015642
41878	273,35059	-33,516602	-33,489014	-0,17119348	-0,034857906	-0,040216703	-0,039589159
41878	273,85059	-33,016602	-33,043015	-0,1693815	-0,034387752	-0,039701056	-0,0391181
41878	274,35059	-32,516602	-32,555977	-0,16831756	-0,033880241	-0,03916214	-0,038595799
41878	274,85059	-32,016602	-32,033733	-0,16660094	-0,033287507	-0,038663972	-0,038011499
41878	275,35059	-31,516602	-31,520702	-0,16440153	-0,032703653	-0,038110796	-0,037575465
41878	275,85059	-31,016602	-31,008999	-0,16140938	-0,032177534	-0,037571859	-0,037017521
41878	276,35059	-30,516602	-30,491226	-0,16126633	-0,031587221	-0,036961768	-0,036280423
41878	276,85059	-30,016602	-29,975437	-0,15880167	-0,031120852	-0,036459904	-0,035863701
41878	277,35059	-29,516602	-29,451538	-0,15797317	-0,030516665	-0,03591371	-0,035202473
41878	277,85059	-29,016602	-28,945866	-0,15538037	-0,02995047	-0,035325315	-0,034674596
41878	278,35059	-28,516602	-28,520071	-0,15439689	-0,029417099	-0,034720976	-0,034155868
41878	278,85059	-28,016602	-28,044348	-0,15128553	-0,028960712	-0,034281459	-0,033697817
41878	279,35059	-27,516602	-27,556572	-0,15003979	-0,028383994	-0,033696357	-0,033146095
41878	279,85059	-27,016602	-27,074587	-0,14902651	-0,027857922	-0,033234175	-0,032673717
41878	280,35059	-26,516602	-26,552479	-0,14580488	-0,027315235	-0,032688517	-0,032116089
41878	280,85059	-26,016602	-26,023884	-0,14336109	-0,026699672	-0,032075103	-0,031482007
41878	281,35059	-25,516602	-25,498497	-0,14260113	-0,026059344	-0,03151169	-0,030962672
41878	281,85059	-25,016602	-24,966238	-0,14068186	-0,02548356	-0,030925918	-0,03039347
41878	282,35059	-24,516602	-24,451532	-0,13734996	-0,024977975	-0,030390624	-0,029870577
41878	282,85059	-24,016602	-23,995869	-0,13588369	-0,02448128	-0,029809993	-0,029246237
41878	283,35059	-23,516602	-23,523762	-0,1342386	-0,023941614	-0,029284578	-0,028737895
41878	283,85059	-23,016602	-23,047825	-0,13180077	-0,023399964	-0,028744955	-0,028156418
41878	284,35059	-22,516602	-22,57444	-0,13009012	-0,022923205	-0,028184984	-0,027734965
41878	284,85059	-22,016602	-22,066746	-0,12722015	-0,02240276	-0,027633611	-0,02721566
41878	285,35059	-21,516602	-21,541254	-0,12678802	-0,021799132	-0,027034055	-0,026482888
41878	285,85059	-21,016602	-21,014627	-0,124681	-0,021218097	-0,026500013	-0,02594262
41878	286,35059	-20,516602	-20,475286	-0,12218356	-0,020616913	-0,02588195	-0,025398631
41878	286,85059	-20,016602	-19,942444	-0,12097657	-0,019975681	-0,025288854	-0,02476028
41878	287,35059	-19,516602	-19,462389	-0,11795759	-0,019459106	-0,02467699	-0,024231538
41878	287,85059	-19,016602	-18,980854	-0,11593103	-0,018994199	-0,02419905	-0,023694605
41878	288,35059	-18,516602	-18,516792	-0,11330545	-0,018377641	-0,023591328	-0,023214266
41878	288,85059	-18,016602	-18,020203	-0,1115799	-0,017917778	-0,022998732	-0,02260628
41878	289,35059	-17,516602	-17,546692	-0,1096487	-0,017320799	-0,022600394	-0,022127464
41878	289,85059	-17,016602	-17,026682	-0,10797977	-0,016851984	-0,021887403	-0,021478135
41878	290,35059	-16,516602	-16,521969	-0,10562241	-0,016318608	-0,021291468	-0,020953286
41878	290,85059	-16,016602	-15,994295	-0,10306835	-0,015678879	-0,020744193	-0,020285059
41878	291,35059	-15,516602	-15,446484	-0,10080338	-0,015064337	-0,02012955	-0,01969704
41878	291,85059	-15,016602	-14,942233	-0,099414587	-0,014457076	-0,019474056	-0,019168433
41878	292,35059	-14,516602	-14,451031	-0,096133351	-0,013932829	-0,018958565	-0,018646769
41878	292,85059	-14,016602	-13,991226	-0,094199181	-0,013448831	-0,018451627	-0,018103477
41878	293,35059	-13,516602	-13,518248	-0,091010332	-0,012929296	-0,017924096	-0,01746374
41878	293,85059	-13,016602	-13,038452	-0,089284778	-0,012424674	-0,017342407	-0,016903657
41878	294,35059	-12,516602	-12,552252	-0,087299943	-0,011856494	-0,016818907	-0,016326938
41878	294,85059	-12,016602	-12,039212	-0,085300207	-0,011367416	-0,016192835	-0,015792623
41878	295,35059	-11,516602	-11,51763	-0,082373619	-0,010742722	-0,015566532	-0,015084212
41878	295,85059	-11,016602	-10,981919	-0,080138445	-0,010182422	-0,014927801	-0,014536054
41878	296,35059	-10,516602	-10,464209	-0,076496601	-0,0096495226	-0,014337532	-0,013910498
41878	296,85059	-10,016602	-10,007008	-0,075015426	-0,0092169754	-0,013832659	-0,013317409
41878	297,35059	-9,5166016	-9,6309986	-0,072577596	-0,008791808	-0,013332214	-0,012949659
41878	297,85059	-9,0166016	-9,3579092	-0,071901083	-0,0084242653	-0,012961846	-0,012621083
41878	298,35059	-8,5166016	-8,4275141	-0,065085292	-0,0074954424	-0,011806946	-0,011472491
41878	298,85059	-8,0166016	-7,9496026	-0,063470006	-0,0070146807	-0,011252988	-0,010867213
41878	299,35059	-7,5166016	-7,4889679	-0,061169267	-0,0065953247	-0,010660846	-0,010268325
41878	299,85059	-7,0166016	-7,0005283	-0,058272481	-0,0061600618	-0,010021366	-0,009536515
41878	300,35059	-6,5166016	-6,4871683	-0,05454421	-0,0057257991	-0,0094347447	-0,0089636557
41878	300,85059	-6,0166016	-6,0261712	-0,051826239	-0,0051774848	-0,0087522343	-0,0084403101
41878	301,35059	-5,5166016	-5,4791255	-0,048691034	-0,0046929587	-0,0080540776	-0,0076326178
41878	301,85059	-5,0166016	-4,9266014	-0,044035912	-0,0041628331	-0,0073893704	-0,0069966344
41878	302,35059	-4,5166016	-4,4302626	-0,040817261	-0,0037240237	-0,0068272613	-0,006262389
41878	302,85059	-4,0166016	-3,9599016	-0,037708879	-0,0033145417	-0,0061446391	-0,0056739021
41878	303,35059	-3,5166016	-3,5059824	-0,034356117	-0,0029084086	-0,0055904314	-0,0050079469
41878	303,85059	-3,0166016	-2,9995589	-0,030070543	-0,0024779141	-0,0049151145	-0,0043693231
41878	304,35059	-2,5166016	-2,5062914	-0,0251472	-0,0020382572	-0,0043389574	-0,0036531519
41878	304,85059	-2,0166016	-1,9999686	-0,021708012	-0,0016025491	-0,0037610717	-0,0027521085
41878	305,35059	-1,5166016	-1,4563389	-0,017476082	-0,0012320038	-0,0031212978	-0,0019732574
41878	305,85059	-1,0166016	-0,98199958	-0,011271238	-0,000853898	-0,0026153065	-0,0012101182
41878	306,35059	-1	-0,88731015	-0,0095963478	-0,00075520575	-0,0025883205	-0,0010174508
41878	306,85059	-1	-0,95456839	-0,010475516	-0,00072655827	-0,002565749	-0,0010080924
41878	307,35059	-1	-0,98127872	-0,0096917152	-0,00075742975	-0,0026271828	-0,0011411961
41878	307,85059	-1	-1,0130033	-0,010499358	-0,00079955533	-0,0026639923	-0,0011351225
41878	308,35059	-1	-1,0157396	-0,010365248	-0,00074268505	-0,0026250184	-0,0010890686
41878	308,85059	-1	-1,020601	-0,010800362	-0,00080985948	-0,0026138686	-0,0010610688
41878	309,35059	-1	-1,0099057	-0,010874867	-0,00078769401	-0,0026657097	-0,0011009709
41878	309,85059	-1	-0,99124759	-0,010630488	-0,00076889433	-0,002551835	-0,001060212
41878	310,35059	-1	-0,9572413	-0,0098764896	-0,00068078749	-0,002623532	-0,001014906
41878	310,85059	-1	-0,94696319	-0,010299683	-0,00065953098	-0,0025468059	-0,0010744832
41878	311,35059	-1	-0,97617507	-0,0099599361	-0,00069811009	-0,0026075915	-0,0010061716
41878	311,85059	-1	-0,99870193	-0,010919571	-0,00065667182	-0,0025479533	-0,0010611317
41878	312,35059	-1	-0,99512374	-0,0092387199	-0,00071232021	-0,002545055	-0,0009870436
41878	312,85059	-1	-1,0135248	-0,0098675489	-0,00073499605	-0,0025997348	-0,001026548
41878	313,35059	-1	-1,006551	-0,01065135	-0,00069897994	-0,0026170164	-0,00093920203
41878	313,85059	-1	-1,0099411	-0,011175871	-0,00067201629	-0,0026020817	-0,0010083867
41878	314,35059	-1	-1,0199603	-0,0095516443	-0,00068964437	-0,0025605671	-0,0010584826
41878	314,85059	-1	-1,0070224	-0,0093400478	-0,0006726291	-0,0026126094	-0,00089915795
41878	315,35059	-1	-1,0179933	-0,0098377466	-0,00072064251	-0,0025991872	-0,00095578609
41878	315,85059	-1	-0,99512565	-0,010290742	-0,00064650364	-0,0026501752	-0,00089759473
41878	316,35059	-1	-1,0196716	-0,0097364187	-0,00073798001	-0,0026459172	-0,00092146313
41878	316,85059	-1	-1,0129883	-0,010555983	-0,00068071112	-0,0025839135	-0,00092541147
41878	317,35059	-1	-1,0190364	-0,010615587	-0,00062632747	-0,0026023462	-0,00092053693
41878	317,85059	-1	-1,0193437	-0,0094890594	-0,00063539855	-0,0025957599	-0,00099492725
41878	318,35059	-1	-1,0070391	-0,009021163	-0,00065849163	-0,0026065744	-0,00082437554
41878	318,85059	-1	-0,97905099	-0,0089138746	-0,0005580429	-0,0026948787	-0,00091603957
41878	319,35059	-1	-0,99069625	-0,0099539757	-0,00059437752	-0,0026240461	-0,00079166796
41878	319,85059	-1	-0,98565221	-0,0086098909	-0,00063445233	-0,0025967844	-0,00085299695
41878	320,35059	-1	-0,97934717	-0,010085106	-0,00054695085	-0,0025445111	-0,00084924605
41878	320,85059	-1	-0,98478049	-0,0095307827	-0,00054903701	-0,0025895946	-0,00086289598
41878	321,35059	-1	-0,99539942	-0,0088065863	-0,00056882948	-0,0026839897	-0,00088486914
41878	321,85059	-1	-1,0086522	-0,0099748373	-0,00058083236	-0,0026208125	-0,00084192352
41878	322,35059	-1	-0,98944455	-0,0086426735	-0,0005555097	-0,0025917441	-0,00085694529
41878	322,85059	-1	-0,98787993	-0,010693073	-0,00054063089	-0,0026063956	-0,00080055138
41878	323,35059	-1	-0,9938646	-0,0089079142	-0,00055220723	-0,0026284903	-0,0009151455
41878	323,85059	-1	-0,98304266	-0,010332465	-0,00054184347	-0,002638299	-0,00078027789
41878	324,35059	-1	-0,98052806	-0,0092923641	-0,00050639547	-0,0026035346	-0,00076989457
41878	324,85059	-1	-0,98383427	-0,009483099	-0,00056454539	-0,0026840232	-0,00090207066
41878	325,35059	-1	-0,97003019	-0,010710955	-0,00049383566	-0,0025830306	-0,00074031483
41878	325,85059	-1	-0,97759813	-0,0095963478	-0,00046428107	-0,0026031099	-0,000827624
41878	326,35059	-1	-0,99781525	-0,0094801188	-0,00053980947	-0,0024920367	-0,00079313759
41878	326,85059	-1	-1,0137632	-0,0089019537	-0,00044670328	-0,0026104264	-0,00089761429
41878	327,35059	-1	-1,0109302	-0,010186434	-0,00046071783	-0,0026305579	-0,00079080695
41878	327,85059	-1	-0,99488163	-0,009983778	-0,00053310208	-0,0026130751	-0,00085348869
41878	328,35059	-1	-0,98778492	-0,0096768141	-0,00052861869	-0,0025772825	-0,00088960677
41878	328,85059	-1	-0,98109806	-0,0089108944	-0,00050250813	-0,0025720783	-0,00071570231
41878	329,35059	-1	-0,97825003	-0,010719895	-0,00054388493	-0,0025138445	-0,00077431742
41878	329,85059	-1	-0,97382069	-0,0096380711	-0,00050975569	-0,0026268847	-0,00076462142
41878	330,35059	-1	-1,0005906	-0,0094085932	-0,00047170557	-0,0025485791	-0,00081548328
41878	330,85059	-1	-1,0020491	-0,0093400478	-0,00050637498	-0,0026262477	-0,00071379123
41878	331,35059	-1	-0,99313259	-0,0095546246	-0,00045818463	-0,0026250482	-0,00084082503
41878	331,85059	-1	-1,0116212	-0,0098288059	-0,00044508278	-0,0025393851	-0,00079537556
41878	332,35059	-1	-1,0069721	-0,010234118	-0,00048867799	-0,0026085153	-0,00078146346
41878	332,85059	-1	-0,98353994	-0,0095158815	-0,00042245165	-0,0026103705	-0,00073968666
41878	333,35059	-1	-0,98655188	-0,0096946955	-0,00041099265	-0,0025297739	-0,00065794168
41878	333,85059	-1	-0,98829156	-0,0099718571	-0,0004422199	-0,0026019365	-0,00070514157
41878	334,35059	-1	-0,96977687	-0,0099867582	-0,00039269403	-0,0025154389	-0,00071371486
41878	334,85059	-1	-0,96888655	-0,0092864037	-0,00038241968	-0,0025963858	-0,00071532698
41878	335,35059	-1	-0,97926706	-0,0097602606	-0,00033014268	-0,0026069097	-0,00069628004
41878	335,85059	-1	-0,98899937	-0,0099569559	-0,00037176348	-0,0025005601	-0,00072225276
41878	336,35059	-1,4755859	-1,3932456	-0,012061	-0,00074370205	-0,0029774308	-0,0014064638
41878	336,85059	-1,9755859	-1,4218725	-0,012695789	-0,00074931234	-0,0030019358	-0,0013918113
41878	337,35059	-2,4755859	-2,4081376	-0,022372603	-0,0013891887	-0,0040477552	-0,0027767364
41878	337,85059	-2,9755859	-3,0165539	-0,02604425	-0,0018648878	-0,0048223101	-0,0035959939
41878	338,35059	-3,4755859	-3,6153998	-0,029605627	-0,0023962129	-0,0055504106	-0,004422118
41878	338,85059	-3,9755859	-4,1146746	-0,033268332	-0,0027978346	-0,0061493367	-0,0050036795
41878	339,35059	-4,4755859	-4,5750866	-0,036668777	-0,0031378865	-0,0067556538	-0,0056100711
41878	339,85059	-4,9755859	-5,0671396	-0,040885806	-0,0036812127	-0,007420022	-0,0061863121
41878	340,35059	-5,4755859	-5,5777674	-0,04375577	-0,0040524472	-0,007945165	-0,006776805
41878	340,85059	-5,9755859	-6,0724635	-0,046434999	-0,0044857468	-0,0085149519	-0,0074761659
41878	341,35059	-6,4755859	-6,5458436	-0,049254298	-0,0049405247	-0,0091873147	-0,0080960998
41878	341,85059	-6,9755859	-7,0752802	-0,052374601	-0,005453093	-0,0097853206	-0,0087269694
41878	342,35059	-7,4755859	-7,5406804	-0,05517602	-0,0058227479	-0,010371469	-0,0092502879
41878	342,85059	-7,9755859	-7,9816079	-0,058037043	-0,0062056296	-0,010913625	-0,0098549938
41878	343,35059	-8,4755859	-8,4776182	-0,060379505	-0,0066174325	-0,011570066	-0,010420597
41878	343,85059	-8,9755859	-8,9670448	-0,06480813	-0,0071984138	-0,012153327	-0,01097813
41878	344,35059	-9,4755859	-9,4931555	-0,065305829	-0,0077660251	-0,012816418	-0,011610416
41878	344,85059	-9,9755859	-9,9919233	-0,068148971	-0,0082447287	-0,013417672	-0,012231524
41878	345,35059	-10,475586	-10,552072	-0,07083714	-0,0088284537	-0,01405894	-0,01285082
41878	345,85059	-10,975586	-11,052657	-0,074309111	-0,0093621481	-0,014653169	-0,013429553
41878	346,35059	-11,475586	-11,580409	-0,076732039	-0,0099286772	-0,015218839	-0,014046093
41878	346,85059	-11,975586	-12,071364	-0,079238415	-0,010390086	-0,015784126	-0,014580629
41878	347,35059	-12,475586	-12,54145	-0,08149147	-0,010889623	-0,016354788	-0,015059118
41878	347,85059	-12,975586	-12,99657	-0,084167719	-0,011387814	-0,016891461	-0,015799481
41878	348,35059	-13,475586	-13,498383	-0,085243583	-0,011979863	-0,017515365	-0,016196389
41878	348,85059	-13,975586	-13,994043	-0,086963177	-0,012512565	-0,018029172	-0,016825162
41878	349,35059	-14,475586	-14,480312	-0,089639425	-0,012985922	-0,018601108	-0,017365072
41878	349,85059	-14,975586	-14,968225	-0,092291832	-0,013559572	-0,019203942	-0,018040426
41878	350,35059	-15,475586	-15,536226	-0,095573068	-0,014119559	-0,019863393	-0,018672831
41878	350,85059	-15,975586	-16,020864	-0,097686052	-0,014688538	-0,020456951	-0,019071423
41878	351,35059	-16,475586	-16,538921	-0,09958148	-0,015240298	-0,02094968	-0,019791044
41878	351,85059	-16,975586	-17,02865	-0,10223985	-0,015752673	-0,021553513	-0,020332832
41878	352,35059	-17,475586	-17,490602	-0,10293424	-0,016268473	-0,022186089	-0,020881683
41878	352,85059	-17,975586	-17,977633	-0,10677576	-0,016857428	-0,022682305	-0,021441642
41878	353,35059	-18,475586	-18,464161	-0,10821819	-0,017419379	-0,02331486	-0,022000551
41878	353,85059	-18,975586	-18,959194	-0,11025965	-0,017965004	-0,02378365	-0,02255702
41878	354,35059	-19,475586	-19,496357	-0,1131624	-0,018573646	-0,024437811	-0,023260914
41878	354,85059	-19,975586	-20,018509	-0,11423528	-0,019132867	-0,024964076	-0,023674399
41878	355,35059	-20,475586	-20,548784	-0,11689961	-0,019758271	-0,025578115	-0,02438046
41878	355,85059	-20,975586	-21,057396	-0,11976957	-0,020324245	-0,026206423	-0,024923008
41878	356,35059	-21,475586	-21,597843	-0,12199283	-0,020870268	-0,026812162	-0,02541199
41878	356,85059	-21,975586	-22,048344	-0,12280047	-0,021423373	-0,027358118	-0,026054122
41878	357,35059	-22,475586	-22,513014	-0,12511015	-0,02194375	-0,02785873	-0,026506335
41878	357,85059	-22,975586	-22,986471	-0,12782812	-0,02248488	-0,028460909	-0,027010363
41878	358,35059	-23,475586	-23,437368	-0,12943149	-0,022945058	-0,028965864	-0,027525321
41878	358,85059	-23,975586	-23,981308	-0,13132989	-0,023551481	-0,029549312	-0,028114002
41878	359,35059	-24,475586	-24,478857	-0,13315976	-0,024099819	-0,03008594	-0,028747164
41878	359,85059	-24,975586	-24,994656	-0,13554096	-0,024671696	-0,030732635	-0,029323436
41878	360,35059	-25,475586	-25,50939	-0,13766885	-0,02524649	-0,031360794	-0,029943954
41878	360,85059	-25,975586	-26,03533	-0,13996065	-0,025837034	-0,031971868	-0,030516144
41878	361,35059	-26,475586	-26,519241	-0,14098585	-0,026447812	-0,032508161	-0,031096902
41878	361,85059	-26,975586	-26,986231	-0,14305711	-0,026914861	-0,033012334	-0,031679895
41878	362,35059	-27,475586	-27,446888	-0,1455456	-0,027473224	-0,033575933	-0,032052886
41878	362,85059	-27,975586	-27,935318	-0,14790595	-0,027963782	-0,034247082	-0,032688435
41878	363,35059	-28,475586	-28,454784	-0,15079081	-0,028582444	-0,034729589	-0,033224754
41878	363,85059	-28,975586	-28,967222	-0,15130043	-0,029152032	-0,035358142	-0,033822931
41878	364,35059	-29,475586	-29,491098	-0,15417039	-0,029779429	-0,035875719	-0,034349632
41878	364,85059	-29,975586	-30,006729	-0,15484989	-0,030375335	-0,036560368	-0,034990292
41878	365,35059	-30,475586	-30,540319	-0,15817285	-0,030942015	-0,037143428	-0,035587814
41878	365,85059	-30,975586	-31,043671	-0,15975833	-0,031546555	-0,037706133	-0,036149938
41878	366,35059	-31,475586	-31,527559	-0,16237199	-0,032112598	-0,038216915	-0,036761381
41878	366,85059	-31,975586	-31,94956	-0,16390979	-0,032549489	-0,038782891	-0,037164319
41878	367,35059	-32,475586	-32,450741	-0,1648277	-0,03314599	-0,039317798	-0,037765607
41878	367,85059	-32,975586	-32,953442	-0,16641021	-0,03367449	-0,039937001	-0,038301814
41878	368,35059	-33,475586	-33,453697	-0,17066598	-0,034266934	-0,040495474	-0,038901016
41878	368,85059	-33,975586	-33,982758	-0,17259121	-0,034894649	-0,041051637	-0,039445568
41878	369,35059	-34,475586	-34,510269	-0,17396808	-0,035455644	-0,041702118	-0,040045045
41878	369,85059	-34,975586	-35,047455	-0,17561018	-0,036115836	-0,042286646	-0,040672857
41878	370,35059	-35,475586	-35,562569	-0,17795265	-0,036702354	-0,042935487	-0,041144285
41878	370,85059	-35,975586	-36,0443	-0,17987192	-0,037267964	-0,043493312	-0,041777201
41878	371,35059	-36,475586	-36,498837	-0,18211305	-0,03774298	-0,043976676	-0,042225782
41878	371,85059	-36,975586	-36,975517	-0,18369853	-0,038279988	-0,044583645	-0,042721473
41878	372,35059	-37,475586	-37,440655	-0,18461049	-0,038784638	-0,045122784	-0,04320813
41878	372,85059	-37,975586	-37,934162	-0,18695891	-0,039384577	-0,045694124	-0,043928754
41878	373,35059	-38,475586	-38,452335	-0,18959343	-0,039990984	-0,046313625	-0,044440407
41878	373,85059	-38,975586	-38,9804	-0,19161999	-0,04059545	-0,046919066	-0,045124762
41878	374,35059	-39	-39,013065	-0,19127131	-0,040608194	-0,046948198	-0,045222338
41878	374,85059	-39	-39,022091	-0,19072294	-0,040660873	-0,04694761	-0,045140792
41878	375,35059	-39	-39,012398	-0,19224286	-0,040751621	-0,047032695	-0,045197058
41878	375,85059	-39	-38,980324	-0,19271076	-0,040679041	-0,047031369	-0,045141194
41878	376,35059	-39	-38,974503	-0,19197464	-0,040675744	-0,047079097	-0,045210786
41878	376,85059	-39	-38,959778	-0,19164085	-0,04058791	-0,047121454	-0,045032606
41878	377,35059	-39	-38,98473	-0,19291341	-0,040743954	-0,047115158	-0,045252636
41878	377,85059	-39	-39,007507	-0,19232929	-0,040773675	-0,047108989	-0,045131024
41878	378,35059	-39	-38,991577	-0,19338727	-0,040764414	-0,047158118	-0,045299664
41878	378,85059	-39	-39,018833	-0,19205511	-0,040715747	-0,047197331	-0,045402132
41878	379,35059	-39	-39,01926	-0,19240379	-0,040790562	-0,047192764	-0,045245085
41878	379,85059	-39	-39,027985	-0,19237995	-0,04084643	-0,047177371	-0,04533492
41878	380,35059	-39	-39,030903	-0,19211769	-0,040817756	-0,047186982	-0,045281306
41878	380,85059	-39	-38,992466	-0,1932025	-0,040704027	-0,047130298	-0,0453429
41878	381,35059	-39	-38,989273	-0,1927793	-0,040814988	-0,04715563	-0,045208342
41878	381,85059	-39	-38,991013	-0,1930356	-0,04079105	-0,047205824	-0,04533032
41878	382,35059	-39	-39,007221	-0,1932919	-0,040791821	-0,047273476	-0,04532754
41878	382,85059	-39	-39,001625	-0,19240379	-0,040856101	-0,047165979	-0,045413345
41878	383,35059	-39	-39,023159	-0,19200742	-0,040909357	-0,047230009	-0,045373823
41878	383,85059	-39	-39,036591	-0,19176304	-0,040927403	-0,047288511	-0,045357928
41878	384,35059	-39	-39,069046	-0,19199252	-0,04099993	-0,047290761	-0,045364518
41878	384,85059	-39	-39,079319	-0,19335449	-0,040965457	-0,047335643	-0,045322035
41878	385,35059	-39	-39,01836	-0,19301176	-0,04091198	-0,047258157	-0,045355741
41878	385,85059	-39	-38,998825	-0,19280314	-0,040863089	-0,047277715	-0,045381997
41878	386,35059	-39	-38,991966	-0,19247532	-0,040846188	-0,047347557	-0,045419037
41878	386,85059	-39	-38,958729	-0,19302666	-0,040772118	-0,047273446	-0,045457572
41878	387,35059	-39	-38,97599	-0,19235909	-0,04078421	-0,047277089	-0,045305222
41878	387,85059	-39	-38,997303	-0,19243658	-0,040863954	-0,047312979	-0,045446355
41878	388,35059	-39	-39,018909	-0,19231737	-0,040872462	-0,047310997	-0,045442939
41878	388,85059	-39	-39,026459	-0,19336641	-0,040962547	-0,047384005	-0,045431644
41878	389,35059	-39	-39,028954	-0,19238889	-0,040854514	-0,047262039	-0,045426693
41878	389,85059	-39	-39,016674	-0,19302368	-0,040880643	-0,047382589	-0,045423072
41878	390,35059	-39	-39,016602	-0,19390583	-0,04093292	-0,047418367	-0,045481063
41878	390,85059	-39	-38,97393	-0,19282699	-0,040948004	-0,047379669	-0,045396965
41878	391,35059	-39	-38,966751	-0,19268394	-0,040885318	-0,047319341	-0,045465659
41878	391,85059	-39	-38,966843	-0,19340813	-0,040955391	-0,047318075	-0,045453791
41878	392,35059	-39	-39,005005	-0,19167066	-0,040874835	-0,04736932	-0,04552041
41878	392,85059	-39	-38,988026	-0,19351244	-0,040931538	-0,047368195	-0,045419656
41878	393,35059	-39	-39,024433	-0,19278526	-0,040962532	-0,04742432	-0,045521799
41878	393,85059	-39	-39,041977	-0,19221604	-0,04100861	-0,047390591	-0,045490719
41878	394,35059	-39	-39,058582	-0,19224882	-0,041036688	-0,047383707	-0,045476776
41878	394,85059	-39	-39,046543	-0,19371212	-0,041010711	-0,047401335	-0,045539096
41878	395,35059	-39	-39,00322	-0,19221604	-0,040984459	-0,047347542	-0,045446277
41878	395,85059	-39	-39,011593	-0,19305646	-0,040989194	-0,047388341	-0,045549955
41878	396,35059	-39	-38,99432	-0,19318759	-0,040975902	-0,047367539	-0,045477338
41878	396,85059	-39	-39,002979	-0,19289851	-0,040943787	-0,047459099	-0,045471281
41878	397,35059	-39	-38,998062	-0,19332469	-0,040969655	-0,047344808	-0,045597557
41878	397,85059	-39	-38,986694	-0,19322038	-0,040966421	-0,047418196	-0,045464486
41878	398,35059	-39	-39,020714	-0,19353032	-0,040942103	-0,047414985	-0,045567814
41878	398,85059	-39	-39,015053	-0,19352436	-0,041029982	-0,047421526	-0,045467302
41878	399,35059	-39	-39,009808	-0,19288659	-0,040912706	-0,047451403	-0,045559917
41878	399,85059	-39	-38,984272	-0,19246042	-0,040940899	-0,047389563	-0,045410439
41878	400,35059	-39	-38,950073	-0,1942277	-0,040890887	-0,047354575	-0,045527466
41878	400,85059	-39	-38,967583	-0,19279122	-0,040878467	-0,047365617	-0,04557671
41878	401,35059	-39	-38,949852	-0,19330978	-0,040878173	-0,047361482	-0,045533348
41878	401,85059	-39	-38,967503	-0,19390285	-0,040875901	-0,047431622	-0,04553346
41878	402,35059	-39	-38,973148	-0,19273758	-0,040893223	-0,047419194	-0,045483556
41878	402,85059	-39	-38,988503	-0,19363761	-0,040981986	-0,047369111	-0,04557801
41878	403,35059	-39	-39,003693	-0,19339919	-0,040981758	-0,047419701	-0,045529239
41878	403,85059	-39	-39,008446	-0,19194782	-0,040996391	-0,047393378	-0,045644917
41878	404,35059	-36,661133	-36,626446	-0,18554628	-0,038423359	-0,044902552	-0,043152459
41878	404,85059	-34,161133	-34,088764	-0,17613769	-0,035687145	-0,042111363	-0,040294137
41878	405,35059	-31,661133	-31,563107	-0,16732216	-0,032965228	-0,039412763	-0,037743539
41878	405,85059	-29,161133	-29,032211	-0,15895963	-0,030125732	-0,036628556	-0,034945399
41878	406,35059	-26,661133	-26,538826	-0,14829934	-0,027440008	-0,033901248	-0,032280795
41878	406,85059	-24,161133	-24,049164	-0,13875961	-0,024669027	-0,031111401	-0,029468134
41878	407,35059	-21,661133	-21,566364	-0,12902021	-0,021982227	-0,028327536	-0,026843477
41878	407,85059	-19,161133	-19,066313	-0,11776686	-0,01920601	-0,025514375	-0,02396439
41878	408,35059	-16,661133	-16,621052	-0,10807216	-0,016473128	-0,02268536	-0,021150708
41878	408,85059	-14,161133	-14,121451	-0,095918775	-0,013755913	-0,019737739	-0,018287882
41878	409,35059	-11,661133	-11,59818	-0,083735585	-0,01096026	-0,01688749	-0,015337384
41878	409,85059	-9,1611328	-9,1266289	-0,07353127	-0,0082927458	-0,013871476	-0,012396068
41878	410,35059	-6,6611328	-7,3105974	-0,061795115	-0,0065915566	-0,011522729	-0,010156106
41878	410,85059	-4,1611328	-4,3146462	-0,042870641	-0,0036686361	-0,0077741221	-0,0062540956
41878	411,35059	-1,6611328	-1,6471632	-0,021800399	-0,0014519859	-0,0045049414	-0,0026351335
41878	411,85059	-1	-0,60163254	-0,0070989132	-0,00053729862	-0,0033493675	-0,00057588704
41878	412,35059	-1	-0,696715	-0,0081062317	-0,00058168173	-0,0034193024	-0,00075353403
41878	412,85059	-1	-0,8263849	-0,0098109245	-0,00065076165	-0,0034430437	-0,00089227268
41878	413,35059	-1	-0,87089092	-0,0091165304	-0,00064208172	-0,0034876242	-0,00088353083
41878	413,85059	-1	-0,85780954	-0,010117888	-0,00053947978	-0,0035202838	-0,00079665892
41878	414,35059	-1	-0,87414122	-0,010016561	-0,00064417347	-0,0034593418	-0,00085464446
41878	414,85059	-1	-0,8720178	-0,010403991	-0,00062538683	-0,0034499988	-0,00078515662
41878	415,35059	-1	-0,87215751	-0,009855628	-0,00054193288	-0,0035116151	-0,00086638471
41878	415,85059	-1	-0,89238024	-0,011563301	-0,00053255819	-0,0034884252	-0,00090537826
41878	416,35059	-1	-0,97494012	-0,010588765	-0,00060184672	-0,003500063	-0,0008331202
41878	416,85059	0	-0,090764835	4,4143109	1,8293038e-05	-0,0041703731	0,00092228595

Datenerfassung						Zeit:	416,90918	s	27.08.2014 13:56:57
Ch 1 Kraft	Ch 1 Weg	1944 A	1944 B	1281068
kN	mm	mm	mm	mm
-0,016333535	5,0016551	1,1071522	2,6862633	0,0011091894
-40,071041	-0,6487757	-1,5757506	-3,0416665	-0,09947367
