Datum : 	11.6.2014
Durchmesser :	200,1
Datum	Laufzeit	Ch 1 Kraft Sollwert	Ch 1 Kraft	Ch 1 Weg	1944 A	1944 B	1281068
d	s	kN	kN	mm	mm	mm	mm
41801	15,253906	-1	-1,0113735	-0,085917115	0,00011988077	0,064927682	0,011695327
41801	15,753906	-1	-0,99569929	-0,086221099	7,5780787e-05	0,065127634	0,012002209
41801	16,253906	-1	-1,0662843	-0,086602569	-5,3122174e-05	0,064907268	0,011715167
41801	16,753906	-1	-1,0703783	-0,086766481	6,090384e-05	0,064866409	0,011644403
41801	17,253906	-1	-1,018338	-0,086504221	0,00013431627	0,064978018	0,011804702
41801	17,753906	-1	-0,94329566	-0,086182356	9,611994e-05	0,065128937	0,012043889
41801	18,253906	-1	-0,96662158	-0,085622072	5,4406933e-05	0,065120526	0,011889964
41801	18,753906	-1	-1,0140221	-0,085613132	0,00013605133	0,065058142	0,011814176
41801	19,253906	-1	-1,063386	-0,086417794	0,0001174584	0,06491863	0,011762251
41801	19,753906	-1	-1,0272135	-0,086170435	8,7124296e-05	0,065069862	0,011818638
41801	20,253906	-1	-1,0170228	-0,085887313	2,1729618e-05	0,065093078	0,011917084
41801	20,753906	-1	-1,0321922	-0,086563826	0,00010824017	0,064968109	0,011846364
41801	21,253906	-1	-0,99120104	-0,086167455	9,9078752e-05	0,065053776	0,011852767
41801	21,753906	-1	-0,93506461	-0,084301829	8,3995052e-05	0,065184318	0,012024032
41801	22,253906	-1	-0,99953449	-0,085946918	0,0001438437	0,065078698	0,011802354
41801	22,753906	-1	-0,96080828	-0,085607171	8,1276521e-05	0,065124899	0,011939805
41801	23,253906	-1	-0,97346491	-0,084885955	5,3181313e-05	0,065124683	0,01195341
41801	23,753906	-1	-0,99750608	-0,085368752	1,9579194e-05	0,065134019	0,011927137
41801	24,253906	-1	-0,99824369	-0,085535645	4,1654333e-05	0,065046258	0,011906813
41801	24,753906	-1	-0,98806435	-0,085386634	9,1682188e-05	0,065098166	0,011914143
41801	25,253906	-1,4560547	-1,4623218	-0,0043392181	8,9189503e-05	-0,0011544004	-0,0011833229
41801	25,753906	-1,9560547	-1,970552	-0,011003017	0,00011056243	-0,0023054779	-0,0025493996
41801	26,253906	-2,4560547	-2,3976526	-0,013923645	5,4077711e-05	-0,0034094527	-0,0036094545
41801	26,753906	-2,9560547	-2,5353394	-0,017389655	8,8206958e-05	-0,0037362427	-0,0039305985
41801	27,253906	-3,4560547	-3,4998226	-0,025203824	0,00013161311	-0,0059631541	-0,0059107677
41801	27,753906	-3,9560547	-4,0439663	-0,029751658	0,00012126612	-0,0072848573	-0,007158685
41801	28,253906	-4,4560547	-4,5102611	-0,033649802	0,00010743411	-0,0083243027	-0,0079285391
41801	28,753906	-4,9560547	-4,914712	-0,037521124	0,00016892189	-0,0092948154	-0,008773176
41801	29,253906	-5,4560547	-5,5008755	-0,042074919	7,99275e-05	-0,010634296	-0,010057796
41801	29,753906	-5,9560547	-5,9995203	-0,046747923	5,0786417e-05	-0,011821643	-0,011001039
41801	30,253906	-6,4560547	-6,5984035	-0,050601363	0,00010565529	-0,013237871	-0,012228274
41801	30,753906	-6,9560547	-7,1311498	-0,054824352	3,3943448e-05	-0,014418766	-0,013217613
41801	31,253906	-7,4560547	-7,5708756	-0,059041381	2,0200852e-05	-0,015480436	-0,01407304
41801	31,753906	-7,9560547	-8,0622177	-0,06326139	7,6280441e-05	-0,016668677	-0,015127485
41801	32,253906	-8,4560547	-8,5464602	-0,066736341	4,697172e-05	-0,017849207	-0,016132711
41801	32,753906	-8,9560547	-9,0497503	-0,071790814	3,0904543e-05	-0,019042246	-0,017115818
41801	33,253906	-9,4560547	-9,4555216	-0,074467063	8,8967849e-05	-0,019918941	-0,017974028
41801	33,753906	-9,9560547	-10,000494	-0,078734756	7,8917947e-05	-0,021230549	-0,018998615
41801	34,253906	-10,456055	-10,584913	-0,083383918	4,808465e-05	-0,022465572	-0,020206936
41801	34,753906	-10,956055	-11,025331	-0,087121129	8,5616019e-05	-0,023531981	-0,021223886
41801	35,253906	-11,456055	-11,441373	-0,089111924	5,3808559e-05	-0,024505123	-0,021936087
41801	35,753906	-11,956055	-12,031123	-0,095382333	8,4831845e-05	-0,025789388	-0,023216421
41801	36,253906	-12,456055	-12,42228	-0,097128749	5,388679e-05	-0,02663324	-0,023994137
41801	36,753906	-12,956055	-12,9546	-0,10142028	6,7905989e-05	-0,027835816	-0,025019187
41801	37,253906	-13,456055	-13,521853	-0,10465384	3,4195837e-05	-0,029095732	-0,026296631
41801	37,753906	-13,956055	-14,046589	-0,10925233	3,2695476e-05	-0,030249447	-0,027353315
41801	38,253906	-14,456055	-14,451804	-0,11064112	6,1487313e-05	-0,031198516	-0,028218035
41801	38,753906	-14,956055	-15,069744	-0,11560619	7,2830822e-05	-0,032519616	-0,029549107
41801	39,253906	-15,456055	-15,498372	-0,11888444	2,9554125e-05	-0,033577733	-0,030418796
41801	39,753906	-15,956055	-15,997974	-0,12244284	7,7683013e-05	-0,0346779	-0,031508442
41801	40,253906	-16,456055	-16,463503	-0,12587607	0,000114772	-0,035732046	-0,032459691
41801	40,753906	-16,956055	-16,972836	-0,12899935	3,6808196e-05	-0,036860362	-0,033481888
41801	41,253906	-17,456055	-17,581806	-0,13425648	4,4938643e-05	-0,038154569	-0,034824599
41801	41,753906	-17,956055	-17,988585	-0,13664663	9,015156e-05	-0,039215982	-0,035670549
41801	42,253906	-18,456055	-18,541361	-0,14077723	0,00012993487	-0,040436663	-0,036808338
41801	42,753906	-18,956055	-19,008707	-0,1435101	9,453902e-05	-0,041442942	-0,037893467
41801	43,253906	-19,456055	-19,439697	-0,14753044	9,4916206e-05	-0,042527832	-0,038889453
41801	43,753906	-19,956055	-19,984133	-0,15064478	7,8235287e-05	-0,043742497	-0,03997618
41801	44,253906	-20,456055	-20,416307	-0,15436113	0,00017441018	-0,044710405	-0,040885523
41801	44,753906	-20,956055	-21,001989	-0,15766323	0,00012004236	-0,046095435	-0,0420487
41801	45,253906	-21,456055	-21,431505	-0,16068518	0,0001726388	-0,047034118	-0,04304741
41801	45,753906	-21,956055	-22,022297	-0,16415715	0,00013258914	-0,048377242	-0,044192731
41801	46,253906	-22,456055	-22,480942	-0,16709864	0,00010361942	-0,049410518	-0,045214478
41801	46,753906	-22,956055	-23,028746	-0,17118156	-8,5686333e-06	-0,050612111	-0,046464328
41801	47,253906	-23,456055	-23,538048	-0,17404258	9,0493355e-05	-0,051744875	-0,047495067
41801	47,753906	-23,956055	-24,04958	-0,17704368	1,4343765e-05	-0,05293617	-0,048637185
41801	48,253906	-24,456055	-24,488243	-0,17977953	1,9757543e-05	-0,053944971	-0,049580935
41801	48,753906	-24,956055	-25,060114	-0,1827091	1,9539148e-06	-0,055204675	-0,050791726
41801	49,253906	-25,456055	-25,452126	-0,18624961	4,0909741e-05	-0,056183759	-0,051617898
41801	49,753906	-25,956055	-26,004066	-0,189659	4,7843438e-05	-0,057514191	-0,052994214
41801	50,253906	-26,456055	-26,505615	-0,19310713	5,8507081e-05	-0,058682531	-0,053969409
41801	50,753906	-26,956055	-26,95141	-0,1953572	2,7313363e-05	-0,059759218	-0,054950684
41801	51,253906	-27,456055	-27,574009	-0,1996547	8,0771279e-05	-0,061097261	-0,056402836
41801	51,753906	-27,956055	-28,040565	-0,20336211	3,3940654e-05	-0,062157609	-0,057335723
41801	52,253906	-28,456055	-28,455772	-0,20533502	1,5954021e-05	-0,063112088	-0,058276217
41801	52,753906	-28,956055	-28,9447	-0,20869374	2,6721042e-05	-0,0643152	-0,059463814
41801	53,253906	-29,456055	-29,486389	-0,21372139	2,8199051e-05	-0,06557776	-0,060675465
41801	53,753906	-29,956055	-30,026136	-0,21572709	-3,3132732e-05	-0,066749267	-0,061814319
41801	54,253906	-30,456055	-30,428974	-0,21829903	2,565654e-05	-0,067807764	-0,062657826
41801	54,753906	-30,956055	-30,967455	-0,22276342	8,4973406e-05	-0,06905102	-0,063849933
41801	55,253906	-31,456055	-31,574444	-0,22613108	-2,621999e-05	-0,070309997	-0,065307923
41801	55,753906	-31,956055	-32,055241	-0,22974014	-2,7121045e-05	-0,071500555	-0,066348277
41801	56,253906	-32,456055	-32,558784	-0,23271441	-4,3548644e-06	-0,072734855	-0,067527063
41801	56,753906	-32,956055	-33,075413	-0,23515224	4,0035229e-05	-0,073893882	-0,068574212
41801	57,253906	-33,148632	-33,273518	-0,2373457	7,6291617e-05	-0,074577302	-0,069140069
41801	57,753906	-32,648632	-32,715157	-0,23516715	5,2910764e-05	-0,073569059	-0,068197459
41801	58,253906	-32,148632	-32,175465	-0,23174584	9,4999559e-06	-0,072499968	-0,06732671
41801	58,753906	-31,648632	-31,689192	-0,22972822	2,0874199e-05	-0,0716158	-0,066317633
41801	59,253906	-31,148632	-31,156214	-0,22624135	2,5714282e-05	-0,070578389	-0,06537281
41801	59,753906	-30,648632	-30,763998	-0,22459924	1,2544449e-05	-0,069779947	-0,064606406
41801	60,253906	-30,148632	-30,152527	-0,22202134	3,3746939e-05	-0,06855727	-0,063333869
41801	60,753906	-29,648632	-29,695059	-0,21866262	0,00010165432	-0,067624673	-0,062596694
41801	61,253906	-29,148632	-29,113928	-0,21524131	-3,1284988e-05	-0,066370919	-0,061314475
41801	61,753906	-28,648632	-28,634924	-0,21331012	-2,6502647e-05	-0,065463558	-0,060383447
41801	62,253906	-28,148632	-28,186049	-0,20958483	3,9520208e-05	-0,064487047	-0,059537686
41801	62,753906	-27,648632	-27,616682	-0,20767748	7,5848307e-05	-0,06334123	-0,058569245
41801	63,253906	-27,148632	-27,194244	-0,20564497	8,0456492e-05	-0,062433198	-0,057612494
41801	63,753906	-26,648632	-26,591627	-0,20130873	5,5780169e-05	-0,061227944	-0,056542132
41801	64,253906	-26,148632	-26,160587	-0,20046532	0,00010108622	-0,060360994	-0,055539954
41801	64,753906	-25,648632	-25,639505	-0,19604266	0,00012488803	-0,059333976	-0,054580729
41801	65,253906	-25,148632	-25,125395	-0,19388795	9,7401906e-05	-0,058177043	-0,053588305
41801	65,753906	-24,648632	-24,607939	-0,19083321	8,2100276e-05	-0,057114366	-0,052496891
41801	66,253906	-24,148632	-24,041187	-0,18760562	7,4393582e-05	-0,055880707	-0,051388863
41801	66,753906	-23,648632	-23,647961	-0,18530786	0,00010481989	-0,054972827	-0,050641563
41801	67,253906	-23,148632	-23,157322	-0,1825422	8,8000204e-05	-0,053916641	-0,049522035
41801	67,753906	-22,648632	-22,621094	-0,17963648	0,00012786733	-0,052863885	-0,048480988
41801	68,253906	-22,148632	-22,170774	-0,17593503	8,3679799e-05	-0,051749218	-0,047680479
41801	68,753906	-21,648632	-21,667818	-0,17296672	0,00010610791	-0,050732691	-0,046535317
41801	69,253906	-21,148632	-21,169415	-0,17039478	0,00011262065	-0,049604934	-0,045563329
41801	69,753906	-20,648632	-20,61327	-0,16750693	0,00012084702	-0,048361756	-0,044404719
41801	70,253906	-20,148632	-20,183081	-0,16397834	6,7134388e-06	-0,04738475	-0,04351024
41801	70,753906	-19,648632	-19,687988	-0,16237199	2,2877473e-05	-0,046306968	-0,042532854
41801	71,253906	-19,148632	-19,066204	-0,15910268	8,0571976e-05	-0,045028768	-0,04121501
41801	71,753906	-18,648632	-18,659973	-0,15541911	6,2161591e-05	-0,044034258	-0,040350132
41801	72,253906	-18,148632	-18,14533	-0,15206039	8,8061672e-05	-0,042949382	-0,039486069
41801	72,753906	-17,648632	-17,676176	-0,14831424	7,6850411e-05	-0,041852098	-0,038347162
41801	73,253906	-17,148632	-17,179636	-0,14584959	3,531063e-05	-0,040855121	-0,037390675
41801	73,753906	-16,648632	-16,656065	-0,14113188	6,9861766e-05	-0,03961974	-0,036343712
41801	74,253906	-16,148632	-16,135878	-0,1386404	7,7928882e-05	-0,0384086	-0,035214882
41801	74,753906	-15,648632	-15,661363	-0,13539195	7,7125151e-05	-0,037316538	-0,034273542
41801	75,253906	-15,148632	-15,104636	-0,13106465	4,2012427e-05	-0,036046878	-0,033214409
41801	75,753906	-14,648632	-14,674396	-0,12869835	0,0001115934	-0,035150655	-0,032275371
41801	76,253906	-14,148632	-14,08965	-0,12431741	4,5344699e-05	-0,033874378	-0,031033393
41801	76,753906	-13,648632	-13,626699	-0,12138486	0,0001143259	-0,032747783	-0,030157689
41801	77,253906	-13,148632	-13,171268	-0,11808276	3,700098e-05	-0,031692386	-0,029220086
41801	77,753906	-12,648632	-12,596737	-0,11395812	3,4454279e-06	-0,030404046	-0,028111951
41801	78,253906	-12,148632	-12,144422	-0,11121333	1,4323276e-05	-0,029341102	-0,027132101
41801	78,753906	-11,648632	-11,653904	-0,10853708	7,8227837e-05	-0,028140895	-0,025982954
41801	79,253906	-11,148632	-11,14483	-0,10451972	1,7595012e-05	-0,02704712	-0,024987403
41801	79,753906	-10,648632	-10,652153	-0,10000765	-2,7683564e-06	-0,025772035	-0,023897372
41801	80,253906	-10,148632	-10,169401	-0,096952915	2,8301496e-05	-0,0246149	-0,022976365
41801	80,753906	-9,648632	-9,6556778	-0,093305111	4,585227e-05	-0,023443185	-0,021848081
41801	81,253906	-9,148632	-9,1760082	-0,089618564	1,2608711e-05	-0,022299051	-0,020867772
41801	81,753906	-8,648632	-8,6301537	-0,085404515	-5,7644211e-06	-0,021081544	-0,019811491
41801	82,253906	-8,148632	-8,1587734	-0,081628561	4,4438057e-06	-0,019867659	-0,01887341
41801	82,753906	-7,648632	-7,61937	-0,077009201	9,2498492e-05	-0,018536329	-0,01769009
41801	83,253906	-7,148632	-7,1396995	-0,073623657	5,9040729e-05	-0,017428026	-0,01675272
41801	83,753906	-6,648632	-6,6324754	-0,070169568	0,00011471519	-0,016051985	-0,015731726
41801	84,253906	-6,148632	-6,1648116	-0,065335631	0,00012866734	-0,014946297	-0,014725277
41801	84,753906	-5,648632	-5,6980233	-0,061771274	9,8931137e-05	-0,013754405	-0,013648086
41801	85,253906	-5,148632	-5,3135772	-0,057443976	0,00010430673	-0,012751117	-0,012804921
41801	85,753906	-4,648632	-4,9257765	-0,05479753	0,00010994123	-0,011764869	-0,011938711
41801	86,253906	-4,148632	-4,0703583	-0,0469625	0,00011901697	-0,0095778182	-0,010218655
41801	86,753906	-3,648632	-3,616169	-0,04298389	3,2001641e-05	-0,0083528608	-0,0092240646
41801	87,253906	-3,148632	-3,1597652	-0,038591027	4,5720022e-05	-0,0071503371	-0,0082132202
41801	87,753906	-2,648632	-2,6519747	-0,033175945	9,4170216e-05	-0,0058620274	-0,0070012952
41801	88,253906	-2,148632	-2,2006817	-0,027531385	6,7039859e-05	-0,004633002	-0,0057784515
41801	88,753906	-1,648632	-1,6787797	-0,021874905	6,3554849e-05	-0,0032008886	-0,0043685981
41801	89,253906	-1,148632	-1,170814	-0,015237927	-4,3350738e-05	-0,0017278716	-0,0029120946
41801	89,753906	-1,3466797	-1,1426564	-0,014609098	2,1544751e-05	-0,0015519485	-0,002541411
41801	90,253906	-1,8466797	-1,7885119	-0,020965934	1,5620608e-05	-0,0030385256	-0,0042682081
41801	90,753906	-2,3466797	-2,323581	-0,025889277	4,0382612e-05	-0,0043155625	-0,0054800147
41801	91,253906	-2,8466797	-2,5929492	-0,027751923	2,4638139e-06	-0,0050308779	-0,0061205677
41801	91,753906	-3,3466797	-3,2066851	-0,034162402	1,9418541e-05	-0,006372042	-0,0074297241
41801	92,253906	-3,8466797	-3,9710588	-0,040763617	-4,4089276e-05	-0,0081525892	-0,0089092059
41801	92,753906	-4,3466797	-4,4092107	-0,044500828	-1,7090701e-05	-0,0092967153	-0,0098508028
41801	93,253906	-4,8466797	-4,8980842	-0,049048662	7,4361451e-06	-0,010422409	-0,010761523
41801	93,753906	-5,3466797	-5,3717604	-0,053855777	3,6268029e-05	-0,011571184	-0,011806134
41801	94,253906	-5,8466797	-5,8887491	-0,057083368	6,6817738e-06	-0,012868293	-0,012746857
41801	94,753906	-6,3466797	-6,4428749	-0,061383843	2,5368761e-05	-0,014083952	-0,013841879
41801	95,253906	-6,8466797	-6,9563465	-0,065901875	-5,3085387e-07	-0,01531709	-0,014813939
41801	95,753906	-7,3466797	-7,52002	-0,069758296	1,8018764e-05	-0,016619936	-0,01596537
41801	96,253906	-7,8466797	-7,9487395	-0,073036551	1,6740058e-05	-0,017624475	-0,016807012
41801	96,753906	-8,3466797	-8,4428949	-0,077372789	2,5221612e-05	-0,018818773	-0,017849553
41801	97,253906	-8,8466797	-8,9147215	-0,080838799	2,1946151e-05	-0,019865736	-0,018698674
41801	97,753906	-9,3466797	-9,374382	-0,083836913	3,1756703e-05	-0,020922795	-0,019597011
41801	98,253906	-9,8466797	-9,9263477	-0,08842051	2,1850225e-05	-0,022167899	-0,020748297
41801	98,753906	-10,34668	-10,455863	-0,091722608	2,7337577e-05	-0,023431584	-0,021770967
41801	99,253906	-10,84668	-10,85544	-0,095719099	5,8444683e-05	-0,024371453	-0,022533325
41801	99,753906	-11,34668	-11,415984	-0,099790096	5,4659788e-05	-0,025633901	-0,023679934
41801	100,25391	-11,84668	-11,887748	-0,10172427	0,00010208366	-0,026624471	-0,024721909
41801	100,75391	-12,34668	-12,337681	-0,10557771	9,9934172e-05	-0,027672864	-0,025640415
41801	101,25391	-12,84668	-12,905426	-0,11003315	2,8217677e-05	-0,028894618	-0,026806304
41801	101,75391	-13,34668	-13,380218	-0,11303127	0,0001248843	-0,029912852	-0,02778201
41801	102,25391	-13,84668	-13,937816	-0,11630654	7,5584743e-05	-0,031212904	-0,028848732
41801	102,75391	-14,34668	-14,331106	-0,11955798	6,0392078e-05	-0,032059178	-0,029709563
41801	103,25391	-14,84668	-14,893394	-0,12326241	8,9301262e-05	-0,033290304	-0,030931419
41801	103,75391	-15,34668	-15,323123	-0,12689531	7,9669524e-05	-0,034350865	-0,031869661
41801	104,25391	-15,84668	-15,927627	-0,13027787	0,00011824118	-0,03565114	-0,032980654
41801	104,75391	-16,34668	-16,393	-0,13302863	6,3979533e-05	-0,036657184	-0,033966806
41801	105,25391	-16,84668	-16,797335	-0,13592243	9,0082642e-05	-0,037658714	-0,034827445
41801	105,75391	-17,34668	-17,341522	-0,14053583	0,00011289911	-0,038750861	-0,036003474
41801	106,25391	-17,84668	-17,857918	-0,14294088	7,2974246e-05	-0,039945416	-0,036996484
41801	106,75391	-18,34668	-18,401491	-0,14712512	7,0578884e-05	-0,041171011	-0,038166501
41801	107,25391	-18,84668	-18,951441	-0,15100539	0,00013091555	-0,042293612	-0,03926177
41801	107,75391	-19,34668	-19,405245	-0,1537919	9,4323885e-05	-0,043411408	-0,040332656
41801	108,25391	-19,84668	-19,89105	-0,15674531	3,9849896e-05	-0,044450164	-0,041284323
41801	108,75391	-20,34668	-20,417004	-0,16046762	5,3458381e-05	-0,045624495	-0,042300653
41801	109,25391	-20,84668	-20,970558	-0,16399324	8,2517508e-05	-0,046808656	-0,043629155
41801	109,75391	-21,34668	-21,360516	-0,16623735	3,3949967e-05	-0,04767561	-0,044423524
41801	110,25391	-21,84668	-21,844505	-0,16867816	7,1852934e-05	-0,048795339	-0,045341458
41801	110,75391	-22,34668	-22,363304	-0,17176569	5,8944803e-05	-0,049933795	-0,046396937
41801	111,25391	-22,84668	-22,984869	-0,17630756	-3,6733691e-05	-0,051145144	-0,047598053
41801	111,75391	-23,34668	-23,404665	-0,17870665	3,7025195e-05	-0,052203003	-0,048523694
41801	112,25391	-23,84668	-23,977505	-0,18236935	1,7960556e-06	-0,053473368	-0,04979812
41801	112,75391	-24,34668	-24,377665	-0,18495619	9,0649817e-05	-0,054407313	-0,050665889
41801	113,25391	-24,84668	-24,920732	-0,18768311	9,3752984e-05	-0,055616394	-0,051763076
41801	113,75391	-25,34668	-25,395039	-0,19122064	8,7087508e-05	-0,056652326	-0,052726682
41801	114,25391	-25,84668	-25,888411	-0,19403398	9,1916416e-05	-0,05770557	-0,053817239
41801	114,75391	-26,34668	-26,401188	-0,19755065	2,0840671e-05	-0,058824215	-0,054984294
41801	115,25391	-26,84668	-26,987238	-0,20021498	3,4193974e-05	-0,060121339	-0,056156278
41801	115,75391	-27,34668	-27,401094	-0,20324588	6,2095933e-06	-0,061019875	-0,05702468
41801	116,25391	-27,84668	-27,932167	-0,20574629	-2,31741e-05	-0,062240679	-0,058284987
41801	116,75391	-28,34668	-28,393974	-0,2099067	2,0522159e-05	-0,063151479	-0,05915112
41801	117,25391	-28,84668	-28,88068	-0,21298528	2,243882e-05	-0,064262703	-0,060249593
41801	117,75391	-29,34668	-29,399654	-0,21541417	-2,1437649e-05	-0,065443754	-0,061344489
41801	118,25391	-29,84668	-29,913191	-0,2197057	1,12704e-05	-0,066541374	-0,062283751
41801	118,75391	-30,34668	-30,401794	-0,221771	-5,394686e-06	-0,067574725	-0,06335596
41801	119,25391	-30,84668	-30,894724	-0,22509694	-0,00011521764	-0,068612471	-0,064391747
41801	119,75391	-31,34668	-31,440853	-0,22828877	-1,7513521e-06	-0,069869258	-0,065611459
41801	120,25391	-31,84668	-32,065277	-0,23185909	1,0808464e-05	-0,071234472	-0,066883855
41801	120,75391	-32,258007	-32,410126	-0,23417771	-1,7161947e-05	-0,072029665	-0,067655958
41801	121,25391	-31,758007	-31,946125	-0,23189783	-3,8895756e-05	-0,071147569	-0,066834837
41801	121,75391	-31,258007	-31,329935	-0,22882819	9,2755072e-06	-0,070006564	-0,065731041
41801	122,25391	-30,758007	-30,817019	-0,22636652	-6,0945749e-06	-0,068931118	-0,06469129
41801	122,75391	-30,258007	-30,323589	-0,22343695	-3,2597687e-05	-0,067961544	-0,063783742
41801	123,25391	-29,758007	-29,763552	-0,22065938	2,7019065e-05	-0,066886768	-0,06272494
41801	123,75391	-29,258007	-29,262808	-0,21809042	9,146845e-05	-0,065853134	-0,061786648
41801	124,25391	-28,758007	-28,787088	-0,21571517	-1,5567988e-05	-0,065003112	-0,060857266
41801	124,75391	-28,258007	-28,341459	-0,21316111	2,572732e-05	-0,064032733	-0,059885606
41801	125,25391	-27,758007	-27,819971	-0,2101928	-1,2499746e-05	-0,062916026	-0,058887925
41801	125,75391	-27,258007	-27,269432	-0,20709932	9,9294353e-05	-0,061789472	-0,057841994
41801	126,25391	-26,758007	-26,742867	-0,20397604	7,448392e-05	-0,060655095	-0,056804385
41801	126,75391	-26,258007	-26,305519	-0,20181835	7,5423624e-05	-0,059820849	-0,056008186
41801	127,25391	-25,758007	-25,773224	-0,19854605	1,6681384e-05	-0,058700491	-0,054848522
41801	127,75391	-25,258007	-25,270691	-0,19634664	0,00010406459	-0,057560995	-0,053870954
41801	128,25391	-24,758007	-24,756317	-0,19264817	-1,6574282e-05	-0,056536492	-0,052871279
41801	128,75391	-24,258007	-24,221563	-0,1901269	4,9603637e-05	-0,055319563	-0,05175858
41801	129,25391	-23,758007	-23,765968	-0,18604398	3,4160446e-05	-0,054445963	-0,050886527
41801	129,75391	-23,258007	-23,208858	-0,1842469	-1,818547e-05	-0,053221446	-0,049719978
41801	130,25391	-22,758007	-22,804049	-0,1809001	5,4594595e-05	-0,052355301	-0,048988011
41801	130,75391	-22,258007	-22,327875	-0,17887056	7,0190523e-05	-0,051259704	-0,047964983
41801	131,25391	-21,758007	-21,827854	-0,1753509	3,9578881e-05	-0,050207216	-0,046989352
41801	131,75391	-21,258007	-21,280787	-0,17294288	2,0812731e-05	-0,049029913	-0,045762282
41801	132,25391	-20,758007	-20,827124	-0,16951561	4,8858579e-05	-0,048066832	-0,044922583
41801	132,75391	-20,258007	-20,262766	-0,16594529	1,071021e-06	-0,046833817	-0,043698393
41801	133,25391	-19,758007	-19,775532	-0,16375184	7,3062256e-07	-0,045747936	-0,042727277
41801	133,75391	-19,258007	-19,237354	-0,16083121	2,9235613e-05	-0,044580005	-0,041721392
41801	134,25391	-18,758007	-18,700502	-0,15632212	1,0229181e-05	-0,043399341	-0,040519562
41801	134,75391	-18,258007	-18,242954	-0,15418828	7,8442041e-05	-0,042381376	-0,03958521
41801	135,25391	-17,758007	-17,777609	-0,15095472	8,2108658e-05	-0,041393064	-0,038642269
41801	135,75391	-17,258007	-17,286409	-0,14653206	5,9986021e-05	-0,040188368	-0,037557412
41801	136,25391	-16,758007	-16,818644	-0,14533699	0,00016225642	-0,039249402	-0,036713552
41801	136,75391	-16,258007	-16,262308	-0,14117956	9,5941592e-05	-0,037926231	-0,035459381
41801	137,25391	-15,758007	-15,703312	-0,13713837	9,2110131e-05	-0,036753163	-0,034420073
41801	137,75391	-15,258007	-15,291432	-0,134027	6,8756286e-05	-0,035769574	-0,033518143
41801	138,25391	-14,758007	-14,791996	-0,13076961	0,00011122925	-0,034664653	-0,032533832
41801	138,75391	-14,258007	-14,22411	-0,12787282	9,2810486e-05	-0,033385582	-0,031382747
41801	139,25391	-13,758007	-13,729561	-0,1241833	5,8778096e-05	-0,032195114	-0,030368228
41801	139,75391	-13,258007	-13,215098	-0,12000799	7,2970521e-05	-0,031043559	-0,029201167
41801	140,25391	-12,758007	-12,768182	-0,11728108	6,091455e-05	-0,029933855	-0,028322134
41801	140,75391	-12,258007	-12,299125	-0,11352897	-2,3380853e-05	-0,028872579	-0,02731427
41801	141,25391	-11,758007	-11,814665	-0,11048019	-4,7955662e-05	-0,027708106	-0,026301894
41801	141,75391	-11,258007	-11,294411	-0,10575652	1,2794044e-05	-0,02655717	-0,025258122
41801	142,25391	-10,758007	-10,745165	-0,10311604	-1,4169142e-05	-0,025207549	-0,023987841
41801	142,75391	-10,258007	-10,299868	-0,099161267	1,0900665e-05	-0,024242826	-0,023191035
41801	143,25391	-9,758007	-9,7876129	-0,095543265	1,0102522e-05	-0,023042351	-0,022161176
41801	143,75391	-9,258007	-9,3194723	-0,092086196	2,687471e-05	-0,021925159	-0,021143295
41801	144,25391	-8,758007	-8,8189039	-0,088179111	2,5080051e-05	-0,020726368	-0,020230561
41801	144,75391	-8,258007	-8,3169699	-0,085264444	2,3569446e-05	-0,019536607	-0,019195734
41801	145,25391	-7,758007	-7,7414885	-0,079810619	1,9792002e-05	-0,018141277	-0,01794241
41801	145,75391	-7,258007	-7,221693	-0,075778365	4,4988934e-05	-0,016777307	-0,016868856
41801	146,25391	-6,758007	-6,7143664	-0,071564317	7,6671597e-05	-0,015540138	-0,015932664
41801	146,75391	-6,258007	-6,2737036	-0,066176057	0,00010420615	-0,014419436	-0,014973367
41801	147,25391	-5,758007	-5,8271308	-0,063851476	3,2064039e-05	-0,013299793	-0,014042534
41801	147,75391	-5,258007	-5,4014158	-0,060346723	5,4941047e-05	-0,012228437	-0,013105761
41801	148,25391	-4,758007	-5,1337872	-0,057423115	2,9023271e-05	-0,011536911	-0,01254891
41801	148,75391	-4,258007	-4,1254406	-0,049185753	0,0001032264	-0,009048827	-0,010491211
41801	149,25391	-3,758007	-3,6837664	-0,043722987	-1,3056211e-05	-0,0077945888	-0,0094165951
41801	149,75391	-3,258007	-3,2526329	-0,040885806	5,3563621e-05	-0,0066278279	-0,0084514981
41801	150,25391	-2,758007	-2,7749314	-0,035601854	3,0896626e-06	-0,0053572804	-0,0073146657
41801	150,75391	-2,258007	-2,2807474	-0,029754639	2,3367349e-05	-0,0041160285	-0,0062130862
41801	151,25391	-1,758007	-1,8197801	-0,025215745	5,1430892e-05	-0,0029512644	-0,0051284186
41801	151,75391	-1,258007	-1,2833737	-0,018694997	7,2429422e-05	-0,0015909374	-0,003517769
41801	152,25391	-1	-0,85479021	-0,011900067	2,7727801e-05	-0,00035940111	-0,0022325669
41801	152,75391	-1	-0,88970548	-0,012606382	2,3829285e-05	-0,00030767918	-0,0021224802
41801	153,25391	-1	-0,8828491	-0,012722611	2,8998125e-05	-0,00025359541	-0,0021148932
41801	153,75391	-1	-0,9432193	-0,014224648	8,9613255e-05	-0,00035860389	-0,0022920826
41801	154,25391	-1	-0,943847	-0,012546778	9,2943665e-05	-0,00034240633	-0,0022531305
41801	154,75391	-1	-0,94146466	-0,012731552	0,00010327855	-0,00028824806	-0,002179363
41801	155,25391	-1	-0,89599007	-0,013467669	6,6205394e-05	-0,00026177615	-0,0020682351
41801	155,75391	-1	-0,99667162	-0,013315678	2,7670059e-05	-0,00037368387	-0,0022661649
41801	156,25391	-1	-0,96978617	-0,013548136	2,067117e-05	-0,00024356693	-0,0021521645
41801	156,75391	-1	-1,0035708	-0,013664365	8,7949447e-06	-0,00034943223	-0,0021744515
41801	157,25391	-1	-1,0000393	-0,013333559	6,9475267e-05	-0,00022868067	-0,0021521142
41801	157,75391	-1	-0,97610801	-0,012871623	0,00014135754	-0,00028622895	-0,0022142029
41801	158,25391	-1	-1,0241773	-0,013664365	0,00014037127	-0,00029539317	-0,002188666
41801	158,75391	-1	-0,92924011	-0,011637807	0,00014457619	-0,00013606995	-0,0020227111
41801	159,25391	-1	-0,9547174	-0,012606382	0,00014602905	-0,00019799918	-0,0019840566
41801	159,75391	-1	-0,99670517	-0,013574958	6,9910195e-05	-0,00019060075	-0,0020408486
41801	160,25391	-1	-0,98845363	-0,012025237	-6,5214466e-05	-5,5670738e-05	-0,001991824
41801	160,75391	-1	-1,0215435	-0,013709068	3,0414667e-05	-0,00024932623	-0,0020651843
41801	161,25391	-1	-0,98034924	-0,012695789	0,0001018676	-8,7946653e-05	-0,0020371508
41801	161,75391	-1	-1,0171775	-0,013849139	8,7147113e-05	-0,0001957491	-0,002065426
41801	162,25391	-1	-0,9996779	-0,013136864	7,785717e-05	-0,00014325231	-0,0020711222
41801	162,75391	-1	-0,94104743	-0,013139844	0,00012649363	1,8559396e-05	-0,0018956468
41801	163,25391	-1	-0,94900656	-0,011634827	0,00010316307	1,4096498e-05	-0,0018370459
41801	163,75391	-1	-1,0033026	-0,011777878	8,1277918e-05	-0,0001373291	-0,0020249272
41801	164,25391	-1	-0,99735892	-0,012788177	9,7480137e-05	-5,0567091e-05	-0,0019757519
41801	164,75391	-1	-1,0520183	-0,013390183	-3,4528784e-06	-0,0001327619	-0,0020299766
41801	165,25391	-1	-1,0179411	-0,012519956	-1,0958407e-05	-4,0277839e-05	-0,0018492027
41801	165,75391	-1	-1,0143743	-0,01257658	5,583046e-05	-7,2717667e-05	-0,0018771803
41801	166,25391	-1	-1,0645072	-0,013357401	-1,3438985e-06	-0,00017610192	-0,0021383215
41801	166,75391	-1	-1,0805298	-0,013372302	7,0478301e-05	-0,00025224686	-0,0021048984
41801	167,25391	-1	-0,97317433	-0,012159348	4,8886519e-05	-6,8545341e-06	-0,00185771
41801	167,75391	-1	-1,0082424	-0,012412667	0,00012578862	-3,7565827e-05	-0,0020273346
41801	168,25391	-1	-1,0176245	-0,011888146	5,0229486e-05	-1,4483929e-05	-0,0019591074
41801	168,75391	-1	-1,0774471	-0,012153387	3,7728343e-05	-0,00011729449	-0,0019220331
41801	169,25391	-1	-1,0083039	-0,011342764	-1,514703e-05	4,6446919e-05	-0,0018361907
41801	169,75391	-1	-0,97191894	-0,012141466	-8,0433674e-06	0,00014790148	-0,0017508076
41801	170,25391	-1	-1,0084175	-0,012275577	4,5565423e-05	-8,4862113e-06	-0,0020296883
41801	170,75391	-1	-1,0167192	-0,013142824	5,8146659e-05	-5,5670738e-05	-0,002074173
41801	171,25391	-1	-1,0194387	-0,012633204	3,2926444e-05	4,8093498e-05	-0,0019104285
41801	171,75391	-1	-0,98148733	-0,013193488	6,3164625e-05	2,1398067e-05	-0,001905093
41801	172,25391	-1	-0,98213369	-0,011920929	9,7020064e-05	4,7512352e-05	-0,0017679095
41801	172,75391	-1	-1,0080394	-0,012427568	8,0064405e-05	-4,5523047e-06	-0,0019058756
41801	173,25391	-1	-0,99729186	-0,012487173	-2,5975984e-05	5,1468611e-05	-0,0018374494
41801	173,75391	-1	-1,0276772	-0,013116002	-2,8328504e-05	9,0762973e-05	-0,0017587719
41801	174,25391	-1	-1,0406058	-0,012516975	-6,7347195e-05	-6,92904e-07	-0,0019016202
41801	174,75391	-1	-1,0714214	-0,012224913	-6,3183717e-05	-1,014024e-05	-0,0019603958
41801	175,25391	-1	-1,0225345	-0,012156367	-4,4335611e-06	0,00014496595	-0,001804731
41801	175,75391	-1	-1,0253861	-0,01205802	7,0296694e-05	-5,1632524e-06	-0,0019827459
41801	176,25391	-1	-1,0588858	-0,011759996	3,711367e-05	1,6689301e-06	-0,0020011363
41801	176,75391	-1	-0,98716652	-0,012472272	5,9866812e-05	0,00013685971	-0,0018940927
41801	177,25391	-1	-1,0025427	-0,013139844	6,5045897e-05	0,00015888363	-0,0018409761
41801	177,75391	-1	-1,0165628	-0,01244843	-5,9180893e-06	0,00011814386	-0,0018230822
41801	178,25391	-1	-1,0299013	-0,012275577	4,6572182e-05	0,00014851242	-0,0018934847
41801	178,75391	-1	-1,0022074	-0,012588501	-2,9686373e-05	0,00010065734	-0,0017257395
41801	179,25391	-1	-1,0098089	-0,013279915	-2,1014363e-05	0,00019726902	-0,0017649163
41801	179,75391	-1	-1,0348279	-0,012379885	1,4090445e-05	0,0002303198	-0,001846598
41801	180,25391	-1	-0,9784382	-0,012478232	-5,8203004e-06	0,00022975355	-0,0017079012
41801	180,75391	-1	-1,0044929	-0,012463331	1,8835533e-05	0,00021064281	-0,0017613766
41801	181,25391	-1	-0,97101182	-0,011107326	3,7860591e-05	0,00028113276	-0,001653634
41801	181,75391	-1	-0,95617026	-0,012046099	5,2474905e-05	0,00031172484	-0,001632838
41801	182,25391	-1,234375	-1,1123866	-0,014278293	-7,7858567e-06	-1,5363097e-05	-0,0021463677
41801	182,75391	-1,734375	-1,7639287	-0,019019842	-2,5669578e-05	-0,0017123893	-0,0037773447
41801	183,25391	-2,234375	-2,2062156	-0,025314093	1,2165401e-05	-0,0027448311	-0,004829796
41801	183,75391	-2,734375	-2,5031025	-0,027623773	4,50355e-05	-0,0034441352	-0,0054972819
41801	184,25391	-3,234375	-3,1315982	-0,033244491	2,3628119e-05	-0,0048203096	-0,0066715232
41801	184,75391	-3,734375	-3,8597081	-0,040504336	8,247653e-05	-0,0066308379	-0,0082372995
41801	185,25391	-4,234375	-4,3107944	-0,044742227	1,8773135e-05	-0,0077034533	-0,009139291
41801	185,75391	-4,734375	-4,8066788	-0,04812181	3,0604657e-05	-0,0088703781	-0,010108945
41801	186,25391	-5,234375	-5,2716231	-0,052714348	5,3932425e-05	-0,0099988356	-0,011040902
41801	186,75391	-5,734375	-5,7206936	-0,055646896	5,9757847e-05	-0,011147156	-0,011935253
41801	187,25391	-6,234375	-6,2771811	-0,061431527	6,3193496e-05	-0,012355708	-0,013060856
41801	187,75391	-6,734375	-6,8490243	-0,064823031	-8,1905164e-06	-0,013725802	-0,01427904
41801	188,25391	-7,234375	-7,2983298	-0,068187714	6,3657295e-05	-0,014741845	-0,015030405
41801	188,75391	-7,734375	-7,7897182	-0,071799755	-7,6562632e-05	-0,015938081	-0,015976338
41801	189,25391	-8,234375	-8,4390411	-0,077098608	1,2033153e-05	-0,017404661	-0,017188327
41801	189,75391	-8,734375	-8,8067741	-0,080269575	-1,5263911e-05	-0,018210195	-0,018003596
41801	190,25391	-9,234375	-9,3138351	-0,083845854	1,9469298e-06	-0,019460291	-0,019150322
41801	190,75391	-9,734375	-9,8506756	-0,087940693	3,1442847e-05	-0,020702071	-0,020117054
41801	191,25391	-10,234375	-10,270077	-0,091293454	3,0401628e-05	-0,021704309	-0,020890908
41801	191,75391	-10,734375	-10,735858	-0,095513463	7,9548452e-05	-0,022800237	-0,021907188
41801	192,25391	-11,234375	-11,375164	-0,099638104	-1,2433156e-06	-0,024159104	-0,023260061
41801	192,75391	-11,734375	-11,760612	-0,10208786	8,2849059e-05	-0,025061965	-0,024051318
41801	193,25391	-12,234375	-12,34428	-0,10627508	0,00014473358	-0,026340559	-0,025298992
41801	193,75391	-12,734375	-12,721343	-0,10963678	0,00011949288	-0,027345166	-0,025935873
41801	194,25391	-13,234375	-13,214211	-0,11348426	7,7646691e-05	-0,02841606	-0,027059507
41801	194,75391	-13,734375	-13,779412	-0,11663139	8,5422304e-05	-0,029666618	-0,028304772
41801	195,25391	-14,234375	-14,354431	-0,1200676	6,2038656e-05	-0,030866511	-0,029324709
41801	195,75391	-14,734375	-14,870049	-0,12432933	4,9336348e-05	-0,031989276	-0,030386047
41801	196,25391	-15,234375	-15,312979	-0,12681782	1,7408747e-05	-0,033131033	-0,03127395
41801	196,75391	-15,734375	-15,766027	-0,12962818	1,1309516e-05	-0,034012631	-0,032299969
41801	197,25391	-16,234375	-16,333815	-0,13282895	1,8514693e-06	-0,035273902	-0,033424471
41801	197,75391	-16,734375	-16,798138	-0,13634264	5,538715e-05	-0,036313653	-0,034509838
41801	198,25391	-17,234375	-17,292347	-0,14020801	5,0397124e-05	-0,037477098	-0,035496108
41801	198,75391	-17,734375	-17,776644	-0,14288723	6,9782604e-05	-0,038599607	-0,036549177
41801	199,25391	-18,234375	-18,301338	-0,14705956	2,6964117e-05	-0,039724845	-0,03754241
41801	199,75391	-18,734375	-18,821297	-0,14953911	-6,3013285e-06	-0,040918857	-0,03859932
41801	200,25391	-19,234375	-19,322321	-0,15396476	3,4030993e-05	-0,042040426	-0,039717797
41801	200,75391	-19,734375	-19,868114	-0,15721619	3,6157202e-05	-0,043157343	-0,040813897
41801	201,25391	-20,234375	-20,326601	-0,15974641	4,5247842e-05	-0,044260964	-0,041905805
41801	201,75391	-20,734375	-20,803932	-0,16282201	2,6865397e-05	-0,045384455	-0,042915437
41801	202,25391	-21,234375	-21,351789	-0,16584098	6,1060768e-05	-0,046582833	-0,044067841
41801	202,75391	-21,734375	-21,707865	-0,16930699	0,00018132618	-0,047393408	-0,044786304
41801	203,25391	-22,234375	-22,30809	-0,17176867	0,00010911329	-0,048682831	-0,046092868
41801	203,75391	-22,734375	-22,766365	-0,17545819	5,0231349e-05	-0,049748451	-0,047014445
41801	204,25391	-23,234375	-23,312841	-0,17840862	0,00010408694	-0,050960049	-0,048177157
41801	204,75391	-23,734375	-23,790142	-0,18043518	1,383014e-06	-0,051941194	-0,049162544
41801	205,25391	-24,234375	-24,345976	-0,18523633	2,2933353e-05	-0,053183138	-0,050253198
41801	205,75391	-24,734375	-24,795294	-0,18709302	-2,7890317e-05	-0,054186892	-0,051207576
41801	206,25391	-25,234375	-25,300249	-0,19139051	-7,7118166e-06	-0,055365972	-0,052253872
41801	206,75391	-25,734375	-25,833961	-0,19398034	2,9160175e-05	-0,056599721	-0,053379029
41801	207,25391	-26,234375	-26,325647	-0,19776523	-3,3383723e-05	-0,057604525	-0,054521065
41801	207,75391	-26,734375	-26,801271	-0,20107627	6,2194187e-05	-0,058711648	-0,055549446
41801	208,25391	-27,234375	-27,315937	-0,20411015	0,00012062537	-0,059854947	-0,056701109
41801	208,75391	-27,734375	-27,856007	-0,20716786	2,2685621e-05	-0,061029647	-0,05787411
41801	209,25391	-28,234375	-28,386967	-0,20997524	-2,0053238e-05	-0,06227136	-0,058904741
41801	209,75391	-28,734375	-28,817934	-0,21313429	8,2345214e-05	-0,063278362	-0,059977416
41801	210,25391	-29,234375	-29,253542	-0,21574795	9,3308743e-05	-0,064210847	-0,060858693
41801	210,75391	-29,734375	-29,760706	-0,22013485	0,0001030569	-0,06528385	-0,061800819
41801	211,25391	-30,234375	-30,248528	-0,22260249	0,00013716007	-0,066417024	-0,062987901
41801	211,75391	-30,734375	-30,817444	-0,22536516	9,8961871e-05	-0,067593962	-0,064227335
41801	212,25391	-31,234375	-31,085159	-0,22773147	9,9075492e-05	-0,06832087	-0,064776078
41801	212,75391	-31,734375	-31,809923	-0,23121238	0,0001171804	-0,069821291	-0,066278331
41801	213,25391	-32,234375	-32,231937	-0,23366511	0,00011047674	-0,070836283	-0,067118466
41801	213,75391	-32,299999	-32,395939	-0,23542345	-2,451241e-06	-0,071199536	-0,067611225
41801	214,25391	-32,299999	-32,388409	-0,23609102	1,0017771e-05	-0,071312845	-0,067739993
41801	214,75391	-32,299999	-32,349976	-0,23586452	7,4312557e-05	-0,07139194	-0,067687355
41801	215,25391	-32,299999	-32,320492	-0,2348423	6,4781401e-05	-0,071333893	-0,067751527
41801	215,75391	-32,299999	-32,324814	-0,23485422	0,00012802565	-0,071349047	-0,067909919
41801	216,25391	-32,299999	-32,261383	-0,23593009	0,00014971429	-0,071264043	-0,067689285
41801	216,75391	-32,299999	-32,316078	-0,23602545	3,2608863e-05	-0,071457304	-0,067814983
41801	217,25391	-32,299999	-32,316055	-0,23636818	7,7572186e-05	-0,071482509	-0,067903116
41801	217,75391	-32,299999	-32,320965	-0,23592114	3,4781639e-05	-0,071473598	-0,067851186
41801	218,25391	-32,299999	-32,365128	-0,23695827	-2,3461413e-05	-0,071601793	-0,068024881
41801	218,75391	-32,299999	-32,271473	-0,23594499	7,9104211e-05	-0,071517825	-0,067815319
41801	219,25391	-32,299999	-32,284016	-0,23709238	-2,2803433e-06	-0,071641453	-0,067982219
41801	219,75391	-32,299999	-32,226929	-0,23601651	6,2964391e-05	-0,071533307	-0,067978181
41801	220,25391	-32,299999	-32,255005	-0,23651123	7,2871801e-05	-0,071634769	-0,06799116
41801	220,75391	-32,299999	-32,366802	-0,2365917	7,2465744e-05	-0,071943305	-0,068231821
41801	221,25391	-32,299999	-32,276478	-0,23691058	0,00010360545	-0,07174255	-0,068247549
41801	221,75391	-32,299999	-32,28336	-0,23839474	0,00011097407	-0,071826167	-0,068273872
41801	222,25391	-32,299999	-32,361946	-0,23720562	8,3525199e-05	-0,071956918	-0,068389185
41801	222,75391	-32,299999	-32,37899	-0,23806691	4,5315828e-05	-0,072104879	-0,068301797
41801	223,25391	-32,299999	-32,32803	-0,23685992	4,8473943e-05	-0,071933925	-0,068212517
41801	223,75391	-32,299999	-32,313789	-0,23733974	7,8369398e-05	-0,071931355	-0,068205185
41801	224,25391	-32,299999	-32,343746	-0,23724139	9,8309945e-05	-0,071975946	-0,068269402
41801	224,75391	-32,299999	-32,278206	-0,23782849	8,9258421e-05	-0,071927667	-0,068267576
41801	225,25391	-32,299999	-32,299229	-0,23762584	4,2468775e-05	-0,072062179	-0,068339027
41801	225,75391	-32,299999	-32,279331	-0,2368778	9,2356931e-05	-0,072029397	-0,068315223
41801	226,25391	-32,299999	-32,314728	-0,23726821	8,5965265e-05	-0,07208097	-0,06836459
41801	226,75391	-32,299999	-32,331802	-0,23784339	5,3600874e-05	-0,07206548	-0,068508752
41801	227,25391	-32,299999	-32,341763	-0,23750663	0,00010231556	-0,072168991	-0,068428665
41801	227,75391	-32,299999	-32,408169	-0,23792386	-5,4515433e-05	-0,07228113	-0,068615377
41801	228,25391	-32,299999	-32,332642	-0,23708045	1,0889489e-05	-0,072216995	-0,068565436
41801	228,75391	-32,299999	-32,38073	-0,23822486	4,3106731e-05	-0,072364204	-0,06857349
41801	229,25391	-32,299999	-32,301804	-0,23727119	4,0665735e-05	-0,072241098	-0,068536945
41801	229,75391	-32,299999	-32,296265	-0,23715496	7,6067168e-05	-0,07224191	-0,068488494
41801	230,25391	-32,299999	-32,326736	-0,23848116	7,4480195e-05	-0,072381161	-0,068595462
41801	230,75391	-32,299999	-32,357853	-0,23790002	6,3817482e-05	-0,072341911	-0,068714842
41801	231,25391	-32,299999	-32,317482	-0,23823082	-9,0301037e-06	-0,072287031	-0,068552479
41801	231,75391	-32,299999	-32,376137	-0,23813248	3,0664261e-05	-0,072434254	-0,068780161
41801	232,25391	-32,299999	-32,213833	-0,23758709	7,4988697e-05	-0,072135098	-0,068554595
41801	232,75391	-32,299999	-32,419064	-0,23797452	0,00012711762	-0,072590008	-0,068907164
41801	233,25391	-32,299999	-32,331879	-0,23810565	0,00010248134	-0,072437294	-0,068767712
41801	233,75391	-32,299999	-32,374058	-0,23885369	1,2143981e-05	-0,072534874	-0,068824045
41801	234,25391	-32,299999	-32,35257	-0,23845136	1,3156328e-05	-0,072456554	-0,068818033
41801	234,75391	-32,299999	-32,3964	-0,23826659	0,00010536844	-0,07263945	-0,06890285
41801	235,25391	-32,299999	-32,340824	-0,23817122	6,376626e-05	-0,072505981	-0,068839893
41801	235,75391	-32,299999	-32,334198	-0,2376914	9,082118e-05	-0,072562583	-0,068804979
41801	236,25391	-32,299999	-32,356728	-0,23728907	0,00011350447	-0,072579056	-0,069052249
41801	236,75391	-32,299999	-32,285385	-0,23830831	7,4337702e-05	-0,072492436	-0,068847142
41801	237,25391	-32,299999	-32,329842	-0,23804307	2,7060043e-05	-0,072445706	-0,06886439
41801	237,75391	-32,299999	-32,411438	-0,23840368	1,1838507e-05	-0,072726585	-0,068987742
41801	238,25391	-32,299999	-32,228172	-0,2378881	2,1815766e-05	-0,072422147	-0,068753481
41801	238,75391	-32,299999	-32,40049	-0,23809969	1,5973579e-05	-0,072751135	-0,069062188
41801	239,25391	-32,299999	-32,399651	-0,23854971	-4,9564987e-06	-0,072728403	-0,069129266
41801	239,75391	-32,299999	-32,219257	-0,23766458	3,2759737e-05	-0,072504744	-0,068712614
41801	240,25391	-32,299999	-32,269714	-0,23852885	0,00011741696	-0,072518982	-0,068846099
41801	240,75391	-32,299999	-32,354866	-0,23940206	9,1396738e-05	-0,072740965	-0,068980142
41801	241,25391	-32,299999	-32,320454	-0,23778081	2,9956456e-05	-0,072718889	-0,068948552
41801	241,75391	-32,299999	-32,280289	-0,23827553	1,7695129e-08	-0,072598189	-0,068962693
41801	242,25391	-32,299999	-32,403908	-0,23929179	-2,9860996e-05	-0,072810993	-0,069163203
41801	242,75391	-32,299999	-32,343826	-0,23853481	8,8723842e-05	-0,072836086	-0,069156297
41801	243,25391	-32,299999	-32,281792	-0,2389729	5,2519608e-05	-0,072743259	-0,069034517
41801	243,75391	-30,16621	-30,272238	-0,22857785	7,0805196e-05	-0,068723023	-0,065135404
41801	244,25391	-27,66621	-27,822382	-0,21439791	7,5690914e-05	-0,063587934	-0,060240414
41801	244,75391	-25,16621	-25,20487	-0,19950271	1,4632475e-05	-0,058131367	-0,054903477
41801	245,25391	-22,66621	-22,782066	-0,18511117	-8,9192763e-06	-0,052843738	-0,050115176
41801	245,75391	-20,16621	-20,220505	-0,17073452	8,2026236e-06	-0,047306862	-0,044878643
41801	246,25391	-17,66621	-17,691273	-0,15423894	4,5765657e-05	-0,041733261	-0,039672591
41801	246,75391	-15,16621	-15,215437	-0,13762116	0,00010051066	-0,036285281	-0,03471582
41801	247,25391	-12,66621	-12,69821	-0,12131631	2,2643711e-05	-0,030432984	-0,029458512
41801	247,75391	-10,16621	-10,12069	-0,1031667	4,7699083e-05	-0,024567515	-0,024096467
41801	248,25391	-7,6662102	-7,6527243	-0,082671642	4,6580564e-05	-0,018590003	-0,019056236
41801	248,75391	-5,1662102	-5,2049441	-0,064170361	0,00010955101	-0,012468867	-0,013968149
41801	249,25391	-2,6662102	-3,5211854	-0,046753883	8,4606465e-05	-0,0081233308	-0,010307288
41801	249,75391	-1	-0,80231953	-0,016656518	9,6570235e-05	-0,0011811852	-0,003334699
41801	250,25391	-1	-0,68728441	-0,014692545	0,00011119107	-0,00062722713	-0,0027325067
41801	250,75391	-1	-0,6146934	-0,012814999	7,2651077e-05	-0,00024160743	-0,0023958783
41801	251,25391	-1	-0,71106851	-0,013139844	6,6366512e-05	-0,00039340556	-0,0025364324
41801	251,75391	-1	-0,7404573	-0,013616681	3,264891e-05	-0,00024170429	-0,002552456
41801	252,25391	-1	-0,817487	-0,014317036	3,0918512e-05	-0,00027925521	-0,002514086
41801	252,75391	-1	-0,91095269	-0,014728308	3,2250304e-05	-0,00044811517	-0,0028134093
41801	253,25391	-1	-0,9496603	-0,014942884	3,0186493e-05	-0,00053712726	-0,0027837157
41801	253,75391	-1	-1,006838	-0,015383959	-8,687377e-05	-0,00065421313	-0,0030297369
41801	254,25391	-1	-0,95168686	-0,0153929	3,0604657e-05	-0,00048975646	-0,0027957107
41801	254,75391	-1	-0,9727813	-0,014081597	2,2808556e-05	-0,00056409836	-0,0028381727
41801	255,25391	-1	-0,98387527	-0,015792251	-2,6273541e-05	-0,00054100901	-0,0028389406
41801	255,75391	-1	-1,0092669	-0,015854836	4,6252739e-05	-0,00050530583	-0,0029026354
41801	256,25391	-1	-1,0107272	-0,015547872	5,6731515e-06	-0,00044674426	-0,0028669499
41801	256,75391	-1	-1,0108892	-0,01552999	-3,0553434e-05	-0,00055127591	-0,0029543929
41801	257,25391	-1	-1,0281112	-0,015059114	4,2834785e-05	-0,00051157922	-0,0028395948
41801	257,75391	-1	-1,0168887	-0,015884638	4,0850136e-05	-0,00048133731	-0,002739127
41801	258,25391	-1	-1,0059923	-0,014576316	4,4290442e-05	-0,0004478842	-0,0027739089
41801	258,75391	-1	-0,99785441	-0,015231967	0,00012130151	-0,00040525198	-0,0027219302
41801	259,25391	-1	-0,96272677	-0,014719367	9,9345576e-05	-0,00027181208	-0,0026049498
41801	259,75391	-1	-0,9996686	-0,014480948	2,0453241e-05	-0,00025491416	-0,0026987807
41801	260,25391	-1	-1,0260698	-0,014543533	4,9519818e-05	-0,00034731627	-0,002622362
41801	260,75391	-1	-1,019001	-0,015354156	3,5814475e-05	-0,00026217103	-0,0025406284
41801	261,25391	-1	-1,0467451	-0,015386939	-3,6395155e-05	-0,0003002286	-0,0027023298
41801	261,75391	-1	-0,98699516	-0,01411438	-1,0489952e-05	-0,00010207295	-0,0024758794
41801	262,25391	-1	-0,99830145	-0,01476109	4,4321176e-05	-0,00021975487	-0,0026112075
41801	262,75391	-1	-1,0613892	-0,015559793	9,8230783e-05	-0,00034254789	-0,0028570278
41801	263,25391	-1	-1,0313466	-0,014597178	9,105308e-05	-0,00029101968	-0,0027396996
41801	263,75391	-1	-1,0038912	-0,014570355	5,4258388e-05	-0,0001982227	-0,0025911049
41801	264,25391	-1	-1,003217	-0,014042854	4,0320214e-05	-8,9928508e-05	-0,0025401302
41801	264,75391	-1	-1,0269656	-0,01398325	-4,0744431e-05	-9,4413757e-05	-0,0024585749
41801	265,25391	-1	-1,0414459	-0,014552474	5,4322649e-05	-0,00010437518	-0,0026011125
41801	265,75391	-1	-1,059357	-0,014808774	2,2122171e-05	-0,00016157329	-0,0025330675
41801	266,25391	-1	-1,0225605	-0,014984608	-3,6661047e-05	-6,6995621e-05	-0,0026034066
41801	266,75391	-1	-1,0221061	-0,015074015	3,8813334e-05	-7,6584518e-05	-0,0025205761
41801	267,25391	-1	-1,0273792	-0,014773011	0,00013372162	-7,1786344e-05	-0,002593518
41801	267,75391	-1	-1,0268837	-0,014218688	3,6673155e-05	-7,0922077e-05	-0,0025439339
41801	268,25391	-1	-0,97500533	-0,014320016	4,0573534e-05	3,6902726e-05	-0,0024587756
41801	268,75391	-1	-0,95834768	-0,014439225	5,5374112e-05	0,00016672909	-0,0023488672
41801	269,25391	-1	-1,0592808	-0,014704466	-3,7126243e-05	1,7881393e-05	-0,002583531
41801	269,75391	-1	-1,0012202	-0,01412034	-2,5736634e-05	0,00021258742	-0,002357289
41801	270,25391	-1	-1,0110121	-0,014960766	0,0001450642	3,6947429e-05	-0,0024671732
41801	270,75391	-1	-1,0313206	-0,014597178	4,9004797e-05	8,3908439e-05	-0,0025295685
41801	271,25391	-1	-0,99468231	-0,014275312	0,00010191789	0,00016283244	-0,0024394558
41801	271,75391	-1	-0,94168073	-0,013193488	7,2730239e-05	0,00030364096	-0,0022822162
41801	272,25391	-1	-0,95322168	-0,01334846	0,00011496013	0,0002758503	-0,0022791617
41801	272,75391	-1	-0,9945966	-0,014272332	7,0033129e-05	0,0002053529	-0,0023112667
41801	273,25391	-1	-0,99684858	-0,013306737	3,7525315e-05	0,00018585473	-0,0023723477
41801	273,75391	-1	-0,97087955	-0,014203787	5,4858159e-05	0,00032556057	-0,0022131319
41801	274,25391	-1	-0,97958928	-0,01398623	1,5140045e-05	0,00021485984	-0,0021781565
41801	274,75391	-1	-0,97054988	-0,012952089	9,0072397e-05	0,0003137663	-0,0022072739
41801	275,25391	-1	-1,0230653	-0,014469028	0,00011659088	0,00021348894	-0,00228069
41801	275,75391	-1	-1,0084547	-0,013619661	9,6654054e-05	0,00025226176	-0,0022691078
41801	276,25391	-1	-0,99628603	-0,01398325	8,7675173e-05	0,00026609749	-0,0022540155
41801	276,75391	-1	-1,0349844	-0,013890862	5,2936841e-05	0,00019613653	-0,0022966468
41801	277,25391	-1	-1,0392107	-0,014582276	3,4894329e-05	0,00017565489	-0,0023649558
41801	277,75391	-1	-1,0450296	-0,014126301	4,3047126e-05	0,00019313395	-0,0023356285
41801	278,25391	-1	-1,0574572	-0,01423955	1,9278377e-06	0,00023047626	-0,0023018448
41801	278,75391	-1	-0,99941528	-0,012454391	3,4998637e-05	0,00040388107	-0,0021511866
41801	279,25391	-1	-1,0571815	-0,014340878	5,0406437e-05	0,00027060509	-0,0023336541
41801	279,75391	-1	-0,98451787	-0,012940168	4,9341004e-05	0,00048717111	-0,0020896092
41801	280,25391	-1	-0,98079443	-0,012511015	3,3819582e-05	0,00052542984	-0,0020865863
41801	280,75391	-1	-0,98978353	-0,012382865	7,4937474e-05	0,00039678812	-0,0021687031
41801	281,25391	-1	-0,95226055	-0,013494492	0,00012633717	0,00050637126	-0,0020274555
41801	281,75391	-1	-1,0324754	-0,013568997	3,7750695e-05	0,00034021586	-0,0022430078
41801	282,25391	-1	-1,0076295	-0,013482571	3,7193764e-05	0,00042894483	-0,002077434
41801	282,75391	-1	-1,007488	-0,013273954	-7,1069226e-05	0,00050731003	-0,002067419
41801	283,25391	-1	-1,0517482	-0,01398921	2,5236513e-05	0,00034313649	-0,0021794096
41801	283,75391	-1	-1,0567549	-0,012925267	-5,0636008e-06	0,00038122386	-0,0021643082
41801	284,25391	-1	-1,0197703	-0,013402104	5,7987403e-05	0,00043641776	-0,0021277543
41801	284,75391	-1	-1,0602548	-0,013774633	5,7159457e-05	0,00033726543	-0,0022739023
41801	285,25391	-1	-1,0462366	-0,01321435	6,8906229e-05	0,00038462877	-0,002178164
41801	285,75391	-1	-0,96922553	-0,012946129	2,6716385e-05	0,00052368641	-0,0021051867
41801	286,25391	-1	-0,9740051	-0,012546778	1,3407785e-05	0,00054787844	-0,0019625616
41801	286,75391	-1	-0,97700769	-0,013032556	6,9018919e-05	0,00059122592	-0,0020537062
41801	287,25391	-1	-1,00597	-0,013130903	4,6169851e-05	0,00046353787	-0,0021869019
41801	287,75391	-1	-1,0034014	-0,013720989	3,2371376e-05	0,00054366887	-0,0020746267
41801	288,25391	-1	-1,0094829	-0,012823939	-5,9441663e-05	0,00057861209	-0,0020793264
41801	288,75391	-1	-1,01096	-0,013154745	4,0247105e-06	0,00051115453	-0,0021600488
41801	289,25391	-1	-1,0230448	-0,014203787	2,7469825e-05	0,00043887645	-0,0020936008
41801	289,75391	-1	-1,0026153	-0,013911724	5,1134732e-05	0,00052774698	-0,0021118368
41801	290,25391	-1	-1,0277983	-0,012677908	5,3640921e-05	0,00043743849	-0,0020649035
41801	290,75391	-1	-1,0061488	-0,012248755	-6,6128559e-06	0,00050146878	-0,0020666698
41801	291,25391	-1	-1,0105726	-0,012746453	5,721068e-05	0,00053185225	-0,0020386735
41801	291,75391	-1	-1,0623969	-0,013673306	3,3589546e-05	0,0004748255	-0,0020779024
41801	292,25391	-1	-1,0404494	-0,013267994	3,9818697e-06	0,00055167824	-0,0021425416
41801	292,75391	-1	-1,0123793	-0,013700128	4,836591e-05	0,0004857108	-0,0021086596
41801	293,25391	-1	-0,98409879	-0,012519956	3,628945e-05	0,00053881854	-0,001960234
41801	293,75391	-1	-1,0178834	-0,013658404	9,00249e-05	0,00052675605	-0,0020220121
41801	294,25391	-1	-0,93917918	-0,012922287	4,6770554e-05	0,00073984265	-0,0018324893
41801	294,75391	-1	-0,95096231	-0,012844801	8,8075642e-05	0,0007455647	-0,0019251453
41801	295,25391	-1	-0,90867466	-0,012072921	0,00012918795	0,00080503523	-0,0018772491
41801	295,75391	-1	-1,0743141	-0,014054775	0,00012397161	0,00036501884	-0,0022063146
41801	296,25391	-1	-1,012357	-0,012892485	0,00010160776	0,0006159842	-0,0020229621
41801	296,75391	-1	-1,0540317	-0,013905764	2,2139866e-05	0,00064878911	-0,0021827505
41801	297,25391	-1	-1,0101851	-0,012239814	7,9208985e-07	0,00069276989	-0,0019635563
41801	297,75391	-1	-1,0127537	-0,013414025	6,4768363e-05	0,00066053867	-0,0019716118
41801	298,25391	-1	-0,9650197	-0,012674928	3,8173515e-05	0,00071962178	0,97746372
41801	298,75391	-1	-0,93945301	-0,012791157	0,0001098006	0,001094386	0,50277573
41801	299,25391	-1	-0,95621872	-0,012212992	0,00012123445	0,0011051595	0,8383677
41801	299,75391	-1	-0,95224565	-0,012454391	7,9416204e-05	0,0010838583	0,10737321
41801	300,25391	-1	-1,0337048	-0,012469292	4,514074e-05	0,0010034963	0,3047078
41801	300,75391	-1	-1,0354351	-0,013774633	0,00010544108	0,00095436722	-0,92151624
41801	301,25391	-1	-1,0241419	-0,012847781	0,00013413979	0,00097709894	-1,4276993
41801	301,75391	-1	-1,0000001	-0,012874603	0,00010327483	0,001044333	-0,074054457
41801	302,25391	-1	-1,0370798	-0,012493134	0,00015538512	0,00095251948	-0,076190948
41801	302,75391	-1	-0,9303447	-0,012424588	9,4496179e-05	0,0012054294	-0,074876122
41801	303,25391	-1	-0,93402529	-0,012394786	0,00014387118	0,0011564642	-0,076039374
41801	303,75391	-1	-1,0187402	-0,012427568	6,5904576e-05	0,0010353923	-0,076368265
41801	304,25391	-1	-0,92820263	-0,012621284	0,00011168933	0,0011533126	-0,073887505
41801	304,75391	-1	-0,93338639	-0,012722611	0,00014420832	0,0011994317	-0,078532308
41801	305,25391	-1	-0,98612905	-0,013500452	0,00010433374	0,0011440739	-0,076336406
41801	305,75391	-1	-1,0291971	-0,012329221	5,3138006e-05	0,0010661855	-0,074503042
41801	306,25391	-1	-1,0665729	-0,013315678	9,3586277e-05	0,0010501221	-0,077967033
41801	306,75391	-1	-1,0463465	-0,013136864	4,0237326e-05	0,0010298267	-0,077042215
41801	307,25391	-1	-1,0170937	-0,013154745	8,8634435e-05	0,001116693	-0,081874028
41801	307,75391	-1	-0,97386354	-0,012677908	7,1711373e-05	0,0012196153	-0,086303256
41801	308,25391	-1	-1,0254346	-0,013393164	0,00012099603	0,001090236	-0,084262833
41801	308,75391	-1	-0,97687727	-0,012880564	9,924965e-05	0,0011523068	-0,079792611
41801	309,25391	-1	-1,0139905	-0,013145804	0,00010668812	0,0011161789	-0,079579279
41801	309,75391	-1	-0,97795016	-0,012406707	7,1313698e-05	0,0010938644	-0,079457588
41801	310,25391	-1	-1,0095518	-0,013527274	0,00017485069	0,022331573	-0,079526566
41801	310,75391	-1	-1,0293852	-0,011968613	9,7760465e-05	2,64132	-0,079408057
41801	311,25391	-1	-1,0626502	-0,013393164	0,00014999183	1,0377444	-0,079382695
41801	311,75391	-1	-1,0273066	-0,01321733	5,7945494e-05	1,0782448	-0,079255506
41801	312,25391	-1	-1,0115299	-0,012493134	9,2845876e-05	1,0491998	-0,079272382
41801	312,75391	-1	-0,99170768	-0,013193488	2,4788547e-05	1,1873213	-0,079364777
41801	313,25391	-1	-1,0575484	-0,013276935	5,9300568e-05	1,2582042	-0,079275087
41801	313,75391	-1	-1,0346882	-0,012505054	1,5095342e-05	1,3329993	-0,079274908
41801	314,25391	-1	-1,0934882	-0,014421344	2,6196707e-05	0,82800651	-0,079374641
41801	314,75391	-1	-1,0847598	-0,013309717	4,5658555e-05	1,3462583	-0,079220615
41801	315,25391	-1	-1,0575391	-0,012275577	1,8103514e-05	-0,40857261	-0,079243146
41801	315,75391	-1	-1,0739416	-0,013205409	8,9383684e-06	-0,15468621	-0,079288565
41801	316,25391	-1	-0,98522192	-0,012338161	5,7055149e-05	-0,15879717	-0,079222187
41801	316,75391	-1	-1,0282304	-0,012505054	7,3007774e-05	-0,15696244	-0,079181194
41801	317,25391	-1	-0,97971034	-0,011920929	5,0209928e-05	-0,15374523	-0,079085425
41801	317,75391	-1	-1,0159668	-0,012508035	9,6173026e-06	-0,15704599	-0,079093419
41801	318,25391	-1	-1,0101143	-0,013288856	2,5216956e-05	-0,15667866	-0,079116292
41801	318,75391	-1	-0,94270337	-0,012031198	3,0806754e-05	-0,1570258	-0,079042561
41801	319,25391	-1	-1,0030717	-0,013428926	9,222934e-05	-0,15444879	-0,079049408
41801	319,75391	-1	-1,0260977	-0,01386106	0,00013741991	-0,15267429	-0,079156548
41801	320,25391	-1	-1,0157247	-0,014251471	6,1805826e-05	-0,15439717	-0,079121284
41801	320,75391	-1	-1,0226574	-0,013166666	0,00010193838	-0,15826923	-0,079124421
41801	321,25391	-1	-0,97629797	-0,012454391	0,0001380411	-0,157883	-0,078981228
41801	321,75391	-1	-0,93097425	-0,011906028	0,00014204299	-0,15745634	-0,079040445
41801	322,25391	-1	-0,97706914	-0,013205409	7,8717712e-05	-0,15815856	-0,079015933
41801	322,75391	-1	-0,93042105	-0,011590123	0,00012185285	-0,15822564	-0,078959569
41801	323,25391	-1	-0,95734	-0,012263656	5,1817391e-05	-0,15821362	-0,079005755
41801	323,75391	-1	-0,96054375	-0,012543797	0,00012576347	-0,15813936	-0,079055332
41801	324,25391	-1	-0,98604333	-0,012254715	0,00011688611	-0,15826349	-0,078970097
41801	324,75391	-1	-0,96265042	-0,013366342	0,00015651667	-0,1581212	-0,078958668
41801	325,25391	-1	-1,0074321	-0,013023615	0,00015810737	-0,15809473	-0,078896403
41801	325,75391	-1	-0,97296011	-0,012254715	0,00010261917	-0,15817395	-0,078985102
41801	326,25391	-1	-1,008315	-0,013506413	0,0001060213	-0,15812305	-0,078985393
41801	326,75391	-1	-0,97219086	-0,012567639	0,00014794013	-0,15814468	-0,078990288
41801	327,25391	-1	-1,0046791	-0,012418628	6,8748835e-05	-0,15812773	-0,078989103
41801	327,75391	-1	-1,0049175	-0,012928247	7,573748e-05	-0,1581417	-0,078953035
41801	328,25391	-1	-1,0740366	-0,012364984	6,5888744e-05	-0,1581568	-0,078920394
41801	328,75391	-1	-1,0092072	-0,012862682	4,3261331e-05	-0,15813178	-0,078985073
41801	329,25391	-1	-1,0709949	-0,012370944	6,8259891e-05	-0,15809223	-0,078859255
41801	329,75391	-1	-1,0689497	-0,013324618	5,7039317e-05	-0,15813892	-0,078957103
41801	330,25391	-1	-1,0087043	-0,012600422	9,780284e-06	-0,1581226	-0,079028659
41801	330,75391	-1	-1,0208375	-0,012162328	2,8555747e-05	-0,15811394	-0,078918844
41801	331,25391	-1	-1,0245107	-0,012817979	5,575316e-05	-0,15811951	-0,078977473
41801	331,75391	-1	-0,98990089	-0,013425946	4,6428759e-05	-0,15819183	-0,078891322
41801	332,25391	-1	-1,0150578	-0,012004375	4,8982911e-06	-0,15805958	-0,07895866
41801	332,75391	-1	-1,0536648	-0,01333952	2,5224406e-05	-0,15803653	-0,078936569
41801	333,25391	-1	-1,0009557	-0,012615323	7,080799e-05	-0,15808104	-0,078970037
41801	333,75391	-1	-0,9874776	-0,012338161	1,4953781e-05	-0,15810764	-0,078988366
41801	334,25391	-1	-1,019353	-0,011903048	7,1682502e-05	-0,15808319	-0,078973241
41801	334,75391	-1	-0,99730492	-0,013253093	0,0001191129	-0,15803701	-0,078865618
41801	335,25391	-1	-1,0240693	-0,012555718	8,6848158e-05	-0,15799412	-0,078895576
41801	335,75391	-1	-0,99740922	-0,013005733	0,00015308661	-0,15804234	-0,078887589
41801	336,25391	-1	-1,070464	-0,01372993	0,00012332993	-0,15808231	-0,078900315
41801	336,75391	-1	-1,0498054	-0,013533235	9,0188812e-05	-0,15799212	-0,078931734
41801	337,25391	-1	-1,002457	-0,01270771	9,741867e-05	-0,15803087	-0,078782693
41801	337,75391	-1	-0,96636826	-0,012341142	0,00011838088	-0,15802084	-0,078952335
41801	338,25391	-1	-0,99004805	-0,012362003	6,7762565e-05	-0,15792772	-0,078972839
41801	338,75391	-1	-0,94943678	-0,012472272	5,1308889e-05	-0,15800028	-0,078913942
41801	339,25391	-1	-0,96682644	-0,01322031	4,305644e-05	-0,15794128	-0,078917958
41801	339,75391	-1	-1,0020044	-0,013789535	5,9613492e-05	-0,15803893	-0,078885362
41801	340,25391	-1	-0,98974258	-0,012823939	2,5960151e-05	-0,15796432	-0,078911915
41801	340,75391	-1	-1,0143015	-0,013384223	0,00010945043	-0,15796778	-0,078857459
41801	341,25391	-1	-0,99262035	-0,013330579	3,8516242e-05	-0,15785913	-0,078796409
41801	341,75391	-1	-1,0260324	-0,012370944	4,3625478e-05	-0,15796554	-0,078858837
41801	342,25391	-1	-1,0043011	-0,012630224	8,1133563e-05	-0,15799628	-0,078911789
41801	342,75391	-1	-1,0082703	-0,011858344	3,3946242e-05	-0,15795168	-0,078846589
41801	343,25391	-1	-0,96473843	-0,013241172	1,2887176e-05	-0,15791342	-0,078910753
41801	343,75391	-1	-1,0212958	-0,011798739	7,2108116e-05	-0,1579358	-0,078925662
41801	344,25391	-1	-0,9920336	-0,011229515	3,0068215e-05	-0,15794526	-0,078886621
41801	344,75391	-1	-0,98984504	-0,012540817	0,00011210656	-0,15790169	-0,078933068
41801	345,25391	-1	-1,0409485	-0,012746453	0,00010707742	-0,15780984	-0,078873239
41801	345,75391	-1	-0,98619986	-0,013160706	9,2325266e-05	-0,15781353	-0,078794546
41801	346,25391	-1	-0,98461282	-0,012031198	8,0121215e-05	-0,15787712	-0,07882306
41801	346,75391	-1	-1,0142903	-0,012400746	9,8989811e-05	-0,15785754	-0,078800052
41801	347,25391	-1	-0,95397049	-0,012299418	6,8591442e-05	-0,15781891	-0,078913771
41801	347,75391	-1	-0,9752475	-0,011765957	0,00011099735	-0,15779313	-0,078934424
41801	348,25391	0	0,096699223	0,18749535	0,00011309376	-0,15787682	-0,078875713

Datenerfassung						Zeit:	348,73633	s	11.06.2014 15:06:57
Ch 1 Kraft	Ch 1 Weg	1944 A	1944 B	1281068
kN	mm	mm	mm	mm
0,13988279	4,8338742	0,00025785482	2,6417687	3,2422864
-33,430405	-0,24072528	-0,00016997568	-1,1999201	-1,4995056
