Datum : 	14.08.2013
Durchmesser in mm	150
Datum	Laufzeit	Ch 1 Kraft Sollwert	Ch 1 Kraft	Ch 1 Weg	1944 A	1944 B	1281068
d	s	kN	kN	mm	mm	mm	mm
41774	21,785156	-1	-1,0746886	4,2809677	-0,067147799	-0,057358213	0,02359364
41774	22,285156	-1	-1,0015107	4,2819991	-0,066929415	-0,057192963	0,023732731
41774	22,785156	-1	-1,0340791	4,2818084	-0,06702207	-0,057233687	0,023685256
41774	23,285156	-1	-1,0451339	4,2816153	-0,067140594	-0,057242442	0,023727594
41774	23,785156	-1	-1,0604765	4,2811198	-0,067133337	-0,057244781	0,023622433
41774	24,285156	-1	-1,0347701	4,2817311	-0,067110702	-0,057303973	0,023625044
41774	24,785156	-1	-1,0264292	4,2813563	-0,067085519	-0,057268031	0,023692669
41774	25,285156	-1	-1,0362175	4,2815795	-0,067103438	-0,057210643	0,023751553
41774	25,785156	-1	-1,0830834	4,2808156	-0,067230359	-0,057288934	0,023667065
41774	26,285156	-1	-1,0380913	4,2813597	-0,067131564	-0,057274587	0,02376396
41774	26,785156	-1	-1,0130368	4,2816033	-0,067066491	-0,057200387	0,023792597
41774	27,285156	-1	-1,042176	4,2811747	-0,06706553	-0,057253346	0,023770696
41774	27,785156	-1	-1,0001938	4,2824426	-0,067037858	-0,057237025	0,023673579
41774	28,285156	-1	-1,0609161	4,2810435	-0,067192338	-0,057394087	0,02378523
41774	28,785156	-1	-1,077693	4,2812295	-0,06714987	-0,057297338	0,023711219
41774	29,285156	-1	-1,1303518	4,2807479	-0,067285046	-0,057284962	0,023791734
41774	29,785156	-1	-1,0548439	4,2815328	-0,067109525	-0,057221618	0,023650365
41774	30,285156	-1	-1,0345261	4,2814083	-0,067143559	-0,057228334	0,023745392
41774	30,785156	-1	-1,0248088	4,2812395	-0,067092679	-0,057181712	0,02361935
41774	31,285156	-1	-0,98216534	4,2821012	-0,06698516	-0,057191215	0,0238172
41774	31,785156	-1,866504	-1,8838178	-0,010233967	-0,0019863741	-0,00058102235	-0,00013016253
41774	32,285156	-2,816504	-2,6341136	-0,017485045	-0,0036698701	-0,0012210831	-0,00021283883
41774	32,785156	-3,7665038	-3,3202226	-0,024055794	-0,0050389925	-0,0017932095	-0,00044119282
41774	33,285156	-4,7165041	-4,9008746	-0,036915358	-0,0079810573	-0,0034475531	-0,0011369047
41774	33,785156	-5,6665039	-5,8121386	-0,043123472	-0,0094903326	-0,0042600483	-0,0016304211
41774	34,285156	-6,6165037	-6,6884661	-0,049533077	-0,010837317	-0,0052022021	-0,0022104268
41774	34,785156	-7,566504	-7,7048597	-0,055608548	-0,0122477	-0,0061442815	-0,0028086223
41774	35,285156	-8,5165043	-8,8694296	-0,062974744	-0,013845683	-0,0074019134	-0,003642818
41774	35,785156	-9,4665041	-9,6573143	-0,067420349	-0,014898067	-0,0081253573	-0,0041948869
41774	36,285156	-10,416504	-10,637193	-0,072290547	-0,016061123	-0,0090668388	-0,0049493457
41774	36,785156	-11,366504	-11,641279	-0,077337936	-0,0172255	-0,0099548846	-0,0055469219
41774	37,285156	-12,316504	-12,505309	-0,082141675	-0,018288385	-0,010719186	-0,0062518409
41774	37,785156	-13,266503	-13,630745	-0,086654231	-0,01944902	-0,011654252	-0,0069962987
41774	38,285156	-14,216504	-14,434813	-0,090493515	-0,020399831	-0,012501407	-0,0075878678
41774	38,785156	-15,166504	-15,305611	-0,094919421	-0,021236867	-0,013177129	-0,008253701
41774	39,285156	-16,116505	-16,269449	-0,099144436	-0,02220829	-0,014069214	-0,0090012169
41774	39,785156	-17,066504	-17,176989	-0,10266034	-0,023117751	-0,014873935	-0,009555677
41774	40,285156	-18,016504	-18,079418	-0,10639194	-0,024105217	-0,015611196	-0,010222471
41774	40,785156	-18,966503	-19,083639	-0,11038354	-0,025040012	-0,016427621	-0,011005015
41774	41,285156	-19,916504	-20,095581	-0,11429828	-0,025967663	-0,017237412	-0,011749025
41774	41,785156	-20,866503	-21,148291	-0,11852358	-0,026884023	-0,018114403	-0,012363631
41774	42,285156	-21,816504	-21,965725	-0,12226978	-0,027679406	-0,01880162	-0,013111198
41774	42,785156	-22,766504	-22,873911	-0,12546712	-0,028493419	-0,019514663	-0,013749623
41774	43,285156	-23,716503	-23,905865	-0,12950355	-0,029422726	-0,020303641	-0,014532047
41774	43,785156	-24,666504	-24,726429	-0,13226412	-0,030106369	-0,020993926	-0,015105239
41774	44,285156	-25,616503	-25,868958	-0,13654211	-0,031133536	-0,021862786	-0,015807195
41774	44,785156	-26,566504	-26,613144	-0,13927203	-0,031806972	-0,022453945	-0,016289799
41774	45,285156	-27,516504	-27,671238	-0,14296179	-0,032691393	-0,02329383	-0,017159248
41774	45,785156	-28,466503	-28,55048	-0,14590707	-0,033436731	-0,023946822	-0,01777979
41774	46,285156	-29,416504	-29,734478	-0,14972338	-0,034484137	-0,024886921	-0,018641643
41774	46,785156	-30,366503	-30,462875	-0,15254651	-0,035048507	-0,02534413	-0,019116154
41774	47,285156	-31,316504	-31,591291	-0,15644906	-0,035994101	-0,026237104	-0,019941302
41774	47,785156	-32,266502	-32,339554	-0,15908381	-0,036685314	-0,026872922	-0,020465354
41774	48,285156	-33,216503	-33,40313	-0,16298096	-0,037467733	-0,027606534	-0,021253083
41774	48,785156	-34,166504	-34,232986	-0,1656258	-0,038133532	-0,02829561	-0,021710118
41774	49,285156	-35,116505	-35,291641	-0,16888356	-0,039014038	-0,028982492	-0,022442069
41774	49,785156	-36,066502	-36,295383	-0,17221318	-0,039765369	-0,029700631	-0,023171073
41774	50,285156	-37,016502	-37,065151	-0,17505416	-0,040447555	-0,030341417	-0,023737384
41774	50,785156	-37,966503	-38,103958	-0,17837273	-0,041299626	-0,031126847	-0,024484556
41774	51,285156	-38,916504	-38,991127	-0,18120044	-0,041972499	-0,031755429	-0,025027866
41774	51,785156	-39,866505	-40,088543	-0,18461847	-0,042900085	-0,03251775	-0,025755966
41774	52,285156	-40,816502	-40,980305	-0,18743865	-0,043591216	-0,033159859	-0,026437279
41774	52,785156	-41,766502	-41,815914	-0,19036864	-0,04427078	-0,033808108	-0,027084813
41774	53,285156	-42,716503	-42,885185	-0,19326583	-0,045121707	-0,034599874	-0,027853344
41774	53,785156	-43,666504	-43,931854	-0,19732651	-0,045974318	-0,035267286	-0,028496012
41774	54,285156	-44,616505	-44,852982	-0,19954564	-0,046622977	-0,035960257	-0,029140159
41774	54,785156	-45,566502	-45,676785	-0,20261635	-0,047370214	-0,036613945	-0,029686134
41774	55,285156	-46,516502	-46,559414	-0,20499665	-0,048042696	-0,037230365	-0,030347316
41774	55,785156	-47,466503	-47,670147	-0,20850575	-0,048943836	-0,038020432	-0,031160396
41774	56,285156	-48,416504	-48,511677	-0,21169728	-0,049617279	-0,038696617	-0,031671286
41774	56,785156	-49,366505	-49,550774	-0,21415424	-0,050441876	-0,039315652	-0,03241922
41774	57,285156	-50,316502	-50,290989	-0,216644	-0,051098879	-0,039910227	-0,03290306
41774	57,785156	-51,266502	-51,41386	-0,22025138	-0,051904391	-0,040708423	-0,033788815
41774	58,285156	-52,216503	-52,479034	-0,2232458	-0,052796856	-0,041495457	-0,034433439
41774	58,785156	-53,166504	-53,267063	-0,22607599	-0,053412553	-0,042118192	-0,034929644
41774	59,285156	-54,116505	-54,189438	-0,22840996	-0,054109722	-0,042835489	-0,035655577
41774	59,785156	-55,066502	-55,226559	-0,23173703	-0,054937419	-0,043523673	-0,036465533
41774	60,285156	-56,016502	-56,149879	-0,23471838	-0,055750109	-0,044180095	-0,037079904
41774	60,785156	-56,966503	-57,158306	-0,23760751	-0,056531291	-0,04499428	-0,037723798
41774	61,285156	-57,916504	-57,997143	-0,2403895	-0,057192396	-0,04564891	-0,038423076
41774	61,785156	-58,866505	-58,906013	-0,24360965	-0,057882797	-0,046283413	-0,039072603
41774	62,285156	-59,816502	-59,969505	-0,24632755	-0,058769502	-0,04710377	-0,039878923
41774	62,785156	-60,766502	-60,799137	-0,24907394	-0,059479039	-0,047726292	-0,040425073
41774	63,285156	-61,716503	-61,793888	-0,25196651	-0,060231421	-0,048411813	-0,041083205
41774	63,785156	-62,666504	-62,762093	-0,25460446	-0,061028894	-0,049244735	-0,041884735
41774	64,285156	-63,616505	-63,72533	-0,25760928	-0,061687902	-0,050020106	-0,042568285
41774	64,785156	-64,566505	-64,857796	-0,2606881	-0,062644832	-0,050773107	-0,04335038
41774	65,285156	-65,516502	-65,734001	-0,26332465	-0,063393839	-0,051471137	-0,04399199
41774	65,785156	-66,466499	-66,667732	-0,2664541	-0,064231761	-0,052168328	-0,04473336
41774	66,285156	-67,416504	-67,540794	-0,26897457	-0,064902924	-0,052917819	-0,045253828
41774	66,785156	-68,366501	-68,430923	-0,2718797	-0,065628037	-0,053527988	-0,045997612
41774	67,285156	-69,316505	-69,445656	-0,27466518	-0,066356286	-0,054391216	-0,046754126
41774	67,785156	-70,266502	-70,468002	-0,27762008	-0,067138165	-0,055110633	-0,047526106
41774	68,285156	-71,216499	-71,476395	-0,28035331	-0,067973889	-0,055842154	-0,04825969
41774	68,785156	-72,166504	-72,26326	-0,28286803	-0,068649359	-0,056554675	-0,048851427
41774	69,285156	-73,116501	-73,347664	-0,2861101	-0,069501638	-0,057399176	-0,049720041
41774	69,785156	-74,066505	-74,156731	-0,28875467	-0,070234522	-0,058041535	-0,050227571
41774	70,285156	-75,016502	-74,990311	-0,2915858	-0,070910871	-0,058679186	-0,050898839
41774	70,785156	-75,966499	-76,169052	-0,29454088	-0,071802802	-0,059607044	-0,051885586
41774	71,285156	-76,916504	-76,987915	-0,29706049	-0,072513469	-0,060260601	-0,052501682
41774	71,785156	-77,866501	-77,987572	-0,2999115	-0,073221035	-0,060971476	-0,053216051
41774	72,285156	-78,816505	-78,856491	-0,30253783	-0,074033104	-0,061740287	-0,053816609
41774	72,785156	-79,766502	-80,066078	-0,30619517	-0,075005434	-0,062584274	-0,054800622
41774	73,285156	-80,716499	-80,93676	-0,30826956	-0,075723596	-0,063318945	-0,0554929
41774	73,785156	-81,666504	-81,68689	-0,31108513	-0,076333776	-0,063907892	-0,05605033
41774	74,285156	-82,616501	-82,881058	-0,31414932	-0,077258542	-0,06482815	-0,056834344
41774	74,785156	-83,566505	-83,776192	-0,31680897	-0,078029931	-0,065608643	-0,057682253
41774	75,285156	-84,516502	-84,768036	-0,31973693	-0,078815065	-0,066367283	-0,058447637
41774	75,785156	-85,466499	-85,523438	-0,3222861	-0,07944943	-0,066952862	-0,059039325
41774	76,285156	-86,416504	-86,58934	-0,32493541	-0,080276765	-0,067687303	-0,059826184
41774	76,785156	-87,366501	-87,584335	-0,32809579	-0,081096739	-0,068519711	-0,060554158
41774	77,285156	-88,316505	-88,472992	-0,33045202	-0,081755951	-0,069279559	-0,061270606
41774	77,785156	-89,266502	-89,353325	-0,33347869	-0,082519941	-0,070032462	-0,06201268
41774	78,285156	-90,216499	-90,401436	-0,33627817	-0,083301604	-0,070822641	-0,062776454
41774	78,785156	-91,166504	-91,278633	-0,33880419	-0,084066808	-0,071506113	-0,063350901
41774	79,285156	-92,116501	-92,150826	-0,34147635	-0,084629372	-0,07220225	-0,064137898
41774	79,785156	-93,066505	-93,213234	-0,34449509	-0,085618228	-0,072960645	-0,064990968
41774	80,285156	-94,016502	-94,214844	-0,3472456	-0,086377509	-0,073710985	-0,065627247
41774	80,785156	-94,966499	-95,237358	-0,34950978	-0,087255716	-0,07451719	-0,066324249
41774	81,285156	-95,916504	-96,100616	-0,35266143	-0,087901972	-0,075262561	-0,067124605
41774	81,785156	-96,866501	-96,912773	-0,35488877	-0,088571072	-0,076003134	-0,06783884
41774	82,285156	-97,816505	-97,932846	-0,3581118	-0,089406289	-0,076723322	-0,068610594
41774	82,785156	-98,766502	-98,819328	-0,36058614	-0,090060458	-0,077472538	-0,069150694
41774	83,285156	-99,716499	-99,87973	-0,36350983	-0,090920113	-0,078285478	-0,069996111
41774	83,785156	-100,6665	-100,8799	-0,36627555	-0,091749258	-0,079163916	-0,070902862
41774	84,285156	-101,6165	-101,77871	-0,36898136	-0,092521466	-0,079813331	-0,071627885
41774	84,785156	-102,56651	-102,59742	-0,37115487	-0,093142532	-0,080540314	-0,072161272
41774	85,285156	-103,5165	-103,85084	-0,37448171	-0,094187796	-0,081470355	-0,073071055
41774	85,785156	-104,4665	-104,53996	-0,37675023	-0,094608478	-0,08203502	-0,073665842
41774	86,285156	-105,4165	-105,55785	-0,37973061	-0,095552951	-0,082833737	-0,074513949
41774	86,785156	-106,3665	-106,40353	-0,38182846	-0,096159488	-0,083564237	-0,075182177
41774	87,285156	-107,31651	-107,45575	-0,38474753	-0,097055092	-0,084419802	-0,075954564
41774	87,785156	-108,2665	-108,55689	-0,38802141	-0,097903043	-0,085265711	-0,076865658
41774	88,285156	-109,2165	-109,41138	-0,3901251	-0,09862005	-0,085966527	-0,077488773
41774	88,785156	-110,1665	-110,24873	-0,39249033	-0,09930516	-0,086633019	-0,078162715
41774	89,285156	-111,1165	-111,24686	-0,39546484	-0,10006161	-0,087381929	-0,078837432
41774	89,785156	-112,06651	-112,15594	-0,39839378	-0,10083975	-0,088146552	-0,079616621
41774	90,285156	-113,0165	-113,26852	-0,4010829	-0,10171767	-0,088978946	-0,080533892
41774	90,785156	-113,9665	-114,14403	-0,40349913	-0,10242592	-0,089676447	-0,081171915
41774	91,285156	-114,74336	-114,94772	-0,40588391	-0,10315995	-0,090350509	-0,081841893
41774	91,785156	-114,24336	-114,45454	-0,4054054	-0,10291954	-0,090274632	-0,081725113
41774	92,285156	-113,74336	-114,08808	-0,40444148	-0,10284759	-0,0901746	-0,081550561
41774	92,785156	-113,24336	-113,3027	-0,40296206	-0,10248597	-0,089804828	-0,081165068
41774	93,285156	-112,74336	-112,93122	-0,40255278	-0,1022874	-0,08965601	-0,081030726
41774	93,785156	-112,24336	-112,35332	-0,40125877	-0,10199538	-0,089389786	-0,080690861
41774	94,285156	-111,74336	-111,96906	-0,40033796	-0,10179995	-0,089216173	-0,080545358
41774	94,785156	-111,24336	-111,28925	-0,39888781	-0,10140286	-0,088806465	-0,080155902
41774	95,285156	-110,74336	-110,74887	-0,39828193	-0,10113411	-0,088582113	-0,079877421
41774	95,785156	-110,24336	-110,38081	-0,39764309	-0,10100194	-0,088429511	-0,079765163
41774	96,285156	-109,74336	-109,74455	-0,39578363	-0,10061797	-0,088042274	-0,079417512
41774	96,785156	-109,24336	-109,36934	-0,39514855	-0,10043216	-0,087880947	-0,079247825
41774	97,285156	-108,74336	-108,8027	-0,39437485	-0,10001426	-0,087553233	-0,078910016
41774	97,785156	-108,24336	-108,35986	-0,39288354	-0,099805743	-0,087370209	-0,078673363
41774	98,285156	-107,74336	-107,86838	-0,39239281	-0,099541143	-0,087062404	-0,078435451
41774	98,785156	-107,24336	-107,39412	-0,39099449	-0,099297732	-0,086762264	-0,078094818
41774	99,285156	-106,74336	-106,82212	-0,38970539	-0,098987825	-0,086439796	-0,077753074
41774	99,785156	-106,24336	-106,38263	-0,38877234	-0,098737031	-0,086216986	-0,077486157
41774	100,28516	-105,74336	-105,74831	-0,38736171	-0,098246008	-0,085770637	-0,077175505
41774	100,78516	-105,24336	-105,39273	-0,38656986	-0,098082371	-0,085659631	-0,077006355
41774	101,28516	-104,74336	-104,83042	-0,38509768	-0,097734734	-0,08529155	-0,076595359
41774	101,78516	-104,24336	-104,54794	-0,38464457	-0,097675063	-0,085163698	-0,076384492
41774	102,28516	-103,74336	-103,82703	-0,38311839	-0,097142674	-0,084740922	-0,076084666
41774	102,78516	-103,24336	-103,36131	-0,38220227	-0,09691453	-0,0844623	-0,075809412
41774	103,28516	-102,74336	-102,78113	-0,38120395	-0,096586108	-0,084100358	-0,075397462
41774	103,78516	-102,24336	-102,31459	-0,37979373	-0,09625721	-0,083935052	-0,075235054
41774	104,28516	-101,74336	-101,81113	-0,37903467	-0,095948093	-0,083600894	-0,074908912
41774	104,78516	-101,24336	-101,46253	-0,37747684	-0,095747493	-0,083458424	-0,074634194
41774	105,28516	-100,74336	-100,84977	-0,37622595	-0,095433667	-0,083041772	-0,074298896
41774	105,78516	-100,24336	-100,48009	-0,37518644	-0,095110044	-0,0828401	-0,074011989
41774	106,28516	-99,743362	-99,971748	-0,3742525	-0,094800226	-0,082573861	-0,073838286
41774	106,78516	-99,243362	-99,21093	-0,37257659	-0,094400957	-0,082143798	-0,073321819
41774	107,28516	-98,743362	-98,959	-0,37186787	-0,094247714	-0,081914872	-0,073293664
41774	107,78516	-98,243362	-98,367393	-0,37075415	-0,093928829	-0,081570238	-0,072801121
41774	108,28516	-97,743362	-97,877907	-0,36946028	-0,093571231	-0,081283361	-0,072633311
41774	108,78516	-97,243362	-97,367447	-0,3684189	-0,093316175	-0,080971271	-0,072229579
41774	109,28516	-96,743362	-96,973976	-0,36751962	-0,093051195	-0,080763876	-0,072139092
41774	109,78516	-96,243362	-96,378326	-0,36601329	-0,092700124	-0,080409236	-0,071659051
41774	110,28516	-95,743362	-95,745506	-0,36447358	-0,092369519	-0,080114335	-0,071343526
41774	110,78516	-95,243362	-95,4226	-0,36376601	-0,092100084	-0,07979627	-0,071100101
41774	111,28516	-94,743362	-94,774986	-0,36243504	-0,091666915	-0,079542056	-0,070842095
41774	111,78516	-94,243362	-94,414772	-0,36139259	-0,091469258	-0,079244018	-0,070467718
41774	112,28516	-93,743362	-93,877449	-0,36016718	-0,091116205	-0,078943931	-0,070203498
41774	112,78516	-93,243362	-93,464745	-0,35924402	-0,090862915	-0,078697078	-0,06994471
41774	113,28516	-92,743362	-92,817261	-0,35742879	-0,090504259	-0,078346208	-0,069608815
41774	113,78516	-92,243362	-92,331688	-0,3564502	-0,090140127	-0,077990294	-0,069251545
41774	114,28516	-91,743362	-92,064957	-0,35605296	-0,089952908	-0,077893913	-0,069045126
41774	114,78516	-91,243362	-91,350754	-0,35449144	-0,089502968	-0,077446043	-0,068751581
41774	115,28516	-90,743362	-90,893631	-0,35333654	-0,089230224	-0,077111393	-0,068443336
41774	115,78516	-90,243362	-90,346069	-0,3518374	-0,088946305	-0,076875217	-0,068031631
41774	116,28516	-89,743362	-89,531052	-0,35028264	-0,08835429	-0,076348759	-0,067612953
41774	116,78516	-89,243362	-89,395599	-0,34950286	-0,088364795	-0,076280609	-0,067523971
41774	117,28516	-88,743362	-88,837044	-0,34805372	-0,088037446	-0,076038569	-0,067205079
41774	117,78516	-88,243362	-88,261993	-0,34682184	-0,087593995	-0,075485557	-0,066919528
41774	118,28516	-87,743362	-87,930626	-0,34610882	-0,087495588	-0,075436562	-0,0666169
41774	118,78516	-87,243362	-87,402138	-0,34463146	-0,087143816	-0,075045034	-0,066375218
41774	119,28516	-86,743362	-86,788368	-0,34346634	-0,086777508	-0,074642494	-0,065973766
41774	119,78516	-86,243362	-86,341354	-0,34217119	-0,086453885	-0,074405611	-0,065719545
41774	120,28516	-85,743362	-85,889709	-0,34069031	-0,086178117	-0,074056596	-0,065377876
41774	120,78516	-85,243362	-85,415657	-0,33991539	-0,085846052	-0,07384339	-0,065142371
41774	121,28516	-84,743362	-84,794647	-0,33861786	-0,085447237	-0,073438987	-0,064736903
41774	121,78516	-84,243362	-84,356415	-0,33781061	-0,085146457	-0,073196143	-0,064518899
41774	122,28516	-83,743362	-83,957741	-0,33657074	-0,084941253	-0,072883688	-0,064203776
41774	122,78516	-83,243362	-83,357109	-0,33524951	-0,084571645	-0,072495028	-0,063855745
41774	123,28516	-82,743362	-82,920708	-0,33387548	-0,08430405	-0,072237842	-0,063571714
41774	123,78516	-82,243362	-82,359245	-0,33278427	-0,083903223	-0,071937248	-0,063214064
41774	124,28516	-81,743362	-81,780731	-0,33084911	-0,083506249	-0,071507141	-0,062898435
41774	124,78516	-81,243362	-81,250816	-0,33025762	-0,083189644	-0,071234912	-0,062579483
41774	125,28516	-80,743362	-80,772728	-0,3291412	-0,082871422	-0,070935525	-0,062297929
41774	125,78516	-80,243362	-80,439278	-0,32790747	-0,082657881	-0,070712283	-0,062056039
41774	126,28516	-79,743362	-79,713478	-0,32627213	-0,082233742	-0,07032232	-0,061755441
41774	126,78516	-79,243362	-79,381226	-0,32522997	-0,082000703	-0,070066676	-0,06139848
41774	127,28516	-78,743362	-78,712318	-0,32398084	-0,081565507	-0,069682986	-0,06102711
41774	127,78516	-78,243362	-78,313164	-0,32250404	-0,081291765	-0,069435902	-0,060722768
41774	128,28516	-77,743362	-77,810493	-0,32122859	-0,080979519	-0,069048002	-0,060504492
41774	128,78516	-77,243362	-77,274689	-0,31986892	-0,080641784	-0,068740845	-0,06001059
41774	129,28516	-76,743362	-76,900116	-0,31916419	-0,080388069	-0,068472475	-0,059847355
41774	129,78516	-76,243362	-76,348877	-0,31775066	-0,080035947	-0,068189032	-0,05957507
41774	130,28516	-75,743362	-75,757706	-0,31663051	-0,079669289	-0,067783296	-0,059230279
41774	130,78516	-75,243362	-75,381195	-0,3150253	-0,079352215	-0,067559972	-0,058848072
41774	131,28516	-74,743362	-74,870239	-0,31355241	-0,079032958	-0,067220643	-0,058570981
41774	131,78516	-74,243362	-74,310822	-0,31276324	-0,078669243	-0,066937134	-0,058260277
41774	132,28516	-73,743362	-73,821579	-0,31158257	-0,078332663	-0,066533126	-0,05802916
41774	132,78516	-73,243362	-73,341255	-0,31015274	-0,078003094	-0,066192023	-0,057613876
41774	133,28516	-72,743362	-73,021027	-0,30947208	-0,077834666	-0,066049486	-0,057372868
41774	133,78516	-72,243362	-72,416794	-0,30761898	-0,077442616	-0,065659963	-0,057007499
41774	134,28516	-71,743362	-71,681602	-0,30576485	-0,07684768	-0,065076187	-0,056575295
41774	134,78516	-71,243362	-71,36676	-0,30445939	-0,076680504	-0,064955883	-0,056384463
41774	135,28516	-70,743362	-70,857994	-0,30361772	-0,07636001	-0,064704306	-0,055941615
41774	135,78516	-70,243362	-70,286369	-0,30213866	-0,075937554	-0,064283825	-0,055790123
41774	136,28516	-69,743362	-69,719185	-0,30065897	-0,075606965	-0,063948005	-0,05532641
41774	136,78516	-69,243362	-69,293083	-0,29948306	-0,075295709	-0,063652836	-0,055081412
41774	137,28516	-68,743362	-68,855217	-0,29839423	-0,074979506	-0,063368313	-0,054735266
41774	137,78516	-68,243362	-68,2901	-0,29688707	-0,074577674	-0,063000746	-0,054424804
41774	138,28516	-67,743362	-67,794464	-0,29530412	-0,074308328	-0,062647089	-0,054139614
41774	138,78516	-67,243362	-67,225517	-0,29414856	-0,073905386	-0,06232477	-0,053790148
41774	139,28516	-66,743362	-66,82563	-0,29281342	-0,073689625	-0,061960991	-0,05338268
41774	139,78516	-66,243362	-66,29026	-0,29173523	-0,073232539	-0,061704587	-0,053130087
41774	140,28516	-65,743362	-65,86734	-0,29034108	-0,072959431	-0,061367691	-0,05285899
41774	140,78516	-65,243362	-65,412636	-0,289134	-0,072590344	-0,061073318	-0,052569993
41774	141,28516	-64,743362	-64,821388	-0,28764591	-0,072217017	-0,06073799	-0,052095115
41774	141,78516	-64,243362	-64,360809	-0,2865198	-0,071872637	-0,060463041	-0,051820628
41774	142,28516	-63,743362	-63,752773	-0,28486747	-0,071499579	-0,059975188	-0,051474027
41774	142,78516	-63,243362	-63,308155	-0,28362611	-0,071191341	-0,059707135	-0,051255129
41774	143,28516	-62,743362	-62,981842	-0,28259602	-0,070912898	-0,05952812	-0,050890516
41774	143,78516	-62,243362	-62,304192	-0,2810221	-0,070499845	-0,059058502	-0,050556943
41774	144,28516	-61,743362	-61,750061	-0,27943897	-0,070100956	-0,058696315	-0,050161432
41774	144,78516	-61,243362	-61,268147	-0,2781274	-0,069837175	-0,05833894	-0,049927402
41774	145,28516	-60,743362	-60,753784	-0,2765815	-0,06945353	-0,057966441	-0,049434856
41774	145,78516	-60,243362	-60,305626	-0,27518642	-0,069060013	-0,057733387	-0,049113061
41774	146,28516	-59,743362	-59,864307	-0,27455825	-0,068776339	-0,057414785	-0,048919104
41774	146,78516	-59,243362	-59,37553	-0,2729812	-0,068423241	-0,057142884	-0,048612505
41774	147,28516	-58,743362	-58,844044	-0,27117887	-0,067944437	-0,056684084	-0,048212439
41774	147,78516	-58,243362	-58,457771	-0,27032861	-0,067668021	-0,056441315	-0,047975045
41774	148,28516	-57,743362	-57,655113	-0,26808292	-0,067187421	-0,055968553	-0,047478534
41774	148,78516	-57,243362	-57,321262	-0,26688665	-0,066840596	-0,055734828	-0,047348037
41774	149,28516	-56,743362	-56,732639	-0,26516005	-0,066572987	-0,055371635	-0,046851549
41774	149,78516	-56,243362	-56,355896	-0,264052	-0,066201717	-0,055124596	-0,046591144
41774	150,28516	-55,743362	-55,721302	-0,26249462	-0,06575755	-0,054691806	-0,046217091
41774	150,78516	-55,243362	-55,407429	-0,26158869	-0,065477572	-0,054434419	-0,046090677
41774	151,28516	-54,743362	-54,805168	-0,25963876	-0,065068819	-0,05404406	-0,04559416
41774	151,78516	-54,243362	-54,349331	-0,25819165	-0,064728752	-0,053663105	-0,045247894
41774	152,28516	-53,743362	-53,851429	-0,25700668	-0,064404607	-0,053344175	-0,044918992
41774	152,78516	-53,243362	-53,29108	-0,25553858	-0,063928522	-0,052978233	-0,044536535
41774	153,28516	-52,743362	-52,780483	-0,2534512	-0,063498892	-0,052622795	-0,044175707
41774	153,78516	-52,243362	-52,371708	-0,25248808	-0,063210674	-0,052378148	-0,043857474
41774	154,28516	-51,743362	-51,90823	-0,25067762	-0,062878102	-0,052036751	-0,043559812
41774	154,78516	-51,243362	-51,337036	-0,24957275	-0,062463965	-0,051567964	-0,043198332
41774	155,28516	-50,743362	-50,790764	-0,2483314	-0,061982162	-0,051279642	-0,042853508
41774	155,78516	-50,243362	-50,237335	-0,24628705	-0,061598755	-0,050861128	-0,042443443
41774	156,28516	-49,743362	-49,818623	-0,24483535	-0,061381496	-0,050583385	-0,04218046
41774	156,78516	-49,243362	-49,393291	-0,24379587	-0,06095377	-0,050299916	-0,04187515
41774	157,28516	-48,743362	-48,848301	-0,24216652	-0,060558312	-0,049878448	-0,041466959
41774	157,78516	-48,243362	-48,328102	-0,24088091	-0,060105301	-0,049514852	-0,041146424
41774	158,28516	-47,743362	-47,809879	-0,2389628	-0,059867442	-0,049190398	-0,040787756
41774	158,78516	-47,243362	-47,353012	-0,23777236	-0,059439864	-0,048908681	-0,040602546
41774	159,28516	-46,743362	-46,811573	-0,23633999	-0,058984824	-0,048529766	-0,04011178
41774	159,78516	-46,243362	-46,28421	-0,23442528	-0,058666553	-0,048105195	-0,039777581
41774	160,28516	-45,743362	-45,745575	-0,23267931	-0,058215216	-0,047786273	-0,039418988
41774	160,78516	-45,243362	-45,38673	-0,23117281	-0,057969898	-0,047439322	-0,039162472
41774	161,28516	-44,743362	-44,763321	-0,22954348	-0,057404451	-0,046965908	-0,038739383
41774	161,78516	-44,243362	-44,247181	-0,22814001	-0,057048321	-0,046616927	-0,038299505
41774	162,28516	-43,743362	-43,885426	-0,2268023	-0,05671382	-0,046314772	-0,038102828
41774	162,78516	-43,243362	-43,310387	-0,22526051	-0,056298357	-0,046015654	-0,037657753
41774	163,28516	-42,743362	-42,910107	-0,22405149	-0,055929486	-0,045660868	-0,037404642
41774	163,78516	-42,243362	-42,250225	-0,22211418	-0,05541278	-0,045218062	-0,036893889
41774	164,28516	-41,743362	-41,820839	-0,22039783	-0,055098575	-0,044917677	-0,036609534
41774	164,78516	-41,243362	-41,368202	-0,2190192	-0,054738436	-0,044527635	-0,036315776
41774	165,28516	-40,743362	-40,861324	-0,21689898	-0,054310281	-0,044213086	-0,036024105
41774	165,78516	-40,243362	-40,360443	-0,2158798	-0,053940319	-0,043805793	-0,035560954
41774	166,28516	-39,743362	-39,779533	-0,21374404	-0,053514015	-0,043340683	-0,035231009
41774	166,78516	-39,243362	-39,130772	-0,21202345	-0,053001735	-0,042840421	-0,034734137
41774	167,28516	-38,743362	-38,977222	-0,21130127	-0,052778307	-0,042700022	-0,03453593
41774	167,78516	-38,243362	-38,327686	-0,20894881	-0,052308384	-0,042243354	-0,034177125
41774	168,28516	-37,743362	-37,819561	-0,20736256	-0,05187504	-0,041889653	-0,033799585
41774	168,78516	-37,243362	-37,408226	-0,20603025	-0,051596805	-0,041559473	-0,033480022
41774	169,28516	-36,743362	-36,701271	-0,20373929	-0,051038627	-0,041088983	-0,033057321
41774	169,78516	-36,243362	-36,364944	-0,20278668	-0,050615031	-0,040724166	-0,032758325
41774	170,28516	-35,743362	-35,849373	-0,2012071	-0,050261706	-0,040365547	-0,032304022
41774	170,78516	-35,243362	-35,363899	-0,19963226	-0,049787678	-0,039935123	-0,031955387
41774	171,28516	-34,743362	-34,85878	-0,19781497	-0,049454443	-0,039634611	-0,031686466
41774	171,78516	-34,243362	-34,211983	-0,19550267	-0,048908677	-0,039054785	-0,031240737
41774	172,28516	-33,743362	-33,88726	-0,19412872	-0,04861353	-0,038853377	-0,030945882
41774	172,78516	-33,243362	-33,274094	-0,19215693	-0,04805018	-0,038384341	-0,030457551
41774	173,28516	-32,743362	-32,799088	-0,19057284	-0,047727056	-0,037893824	-0,030107088
41774	173,78516	-32,243362	-32,357597	-0,18891259	-0,047277734	-0,037538346	-0,029800037
41774	174,28516	-31,743362	-31,736923	-0,18728103	-0,046763014	-0,037156094	-0,029368781
41774	174,78516	-31,243362	-31,357412	-0,18560037	-0,046430778	-0,036791276	-0,028997669
41774	175,28516	-30,743362	-30,839748	-0,18369097	-0,045964185	-0,036384396	-0,028637217
41774	175,78516	-30,243362	-30,270334	-0,18168439	-0,045509316	-0,035888877	-0,028241402
41774	176,28516	-29,743362	-29,806793	-0,1797424	-0,04516403	-0,035601966	-0,027963504
41774	176,78516	-29,243362	-29,312243	-0,17837894	-0,044621438	-0,035192557	-0,027543245
41774	177,28516	-28,743362	-28,790758	-0,17664188	-0,044189319	-0,034737486	-0,02709328
41774	177,78516	-28,243362	-28,439999	-0,17515562	-0,043855812	-0,034456316	-0,026886297
41774	178,28516	-27,743362	-27,81284	-0,17305058	-0,043380693	-0,033856936	-0,026389368
41774	178,78516	-27,243362	-27,298262	-0,1711174	-0,042891324	-0,033488732	-0,026128085
41774	179,28516	-26,743362	-26,864487	-0,16914508	-0,042460307	-0,033084985	-0,025688067
41774	179,78516	-26,243362	-26,195826	-0,16711113	-0,041776177	-0,03258495	-0,025186997
41774	180,28516	-25,743362	-25,844906	-0,16522403	-0,041482989	-0,03222895	-0,024911882
41774	180,78516	-25,243362	-25,28433	-0,16383703	-0,040960871	-0,031722959	-0,024481731
41774	181,28516	-24,743362	-24,847874	-0,16169316	-0,040591296	-0,031396661	-0,024104556
41774	181,78516	-24,243362	-24,331232	-0,15987265	-0,040063761	-0,030902212	-0,023715016
41774	182,28516	-23,743362	-23,842222	-0,15812126	-0,039596222	-0,030453263	-0,023335652
41774	182,78516	-23,243362	-23,271048	-0,15580794	-0,03907682	-0,030121431	-0,022920845
41774	183,28516	-22,743362	-22,924761	-0,15435249	-0,038703449	-0,029664796	-0,022545034
41774	183,78516	-22,243362	-22,319391	-0,15228905	-0,038122129	-0,029212335	-0,022184631
41774	184,28516	-21,743362	-21,826656	-0,15011385	-0,037730739	-0,028723931	-0,021835828
41774	184,78516	-21,243362	-21,410398	-0,14880113	-0,037279014	-0,028351421	-0,021482307
41774	185,28516	-20,743362	-20,812208	-0,14656459	-0,03671629	-0,027780134	-0,021016506
41774	185,78516	-20,243362	-20,366285	-0,14436918	-0,036232255	-0,027485548	-0,020590691
41774	186,28516	-19,743362	-19,852962	-0,14217421	-0,035723079	-0,026986286	-0,020320714
41774	186,78516	-19,243362	-19,263445	-0,1397399	-0,035138495	-0,026516471	-0,019726895
41774	187,28516	-18,743362	-18,909882	-0,13820277	-0,034687124	-0,026051763	-0,019493245
41774	187,78516	-18,243362	-18,269663	-0,13619462	-0,034160297	-0,025496468	-0,018937623
41774	188,28516	-17,743362	-17,817003	-0,13374625	-0,03363958	-0,025114728	-0,01846694
41774	188,78516	-17,243362	-17,281897	-0,13109045	-0,033067502	-0,024526127	-0,018187143
41774	189,28516	-16,743362	-16,82715	-0,12930933	-0,032515191	-0,0241153	-0,017722322
41774	189,78516	-16,243362	-16,341862	-0,12704283	-0,032044403	-0,023619995	-0,017405134
41774	190,28516	-15,743362	-15,823191	-0,12488545	-0,031493429	-0,023148429	-0,016949719
41774	190,78516	-15,243362	-15,291902	-0,12285821	-0,030839108	-0,02267671	-0,016550651
41774	191,28516	-14,743362	-14,713572	-0,12034045	-0,030224781	-0,022041168	-0,016092805
41774	191,78516	-14,243362	-14,131049	-0,11779191	-0,029546011	-0,021538001	-0,015576868
41774	192,28516	-13,743362	-13,789332	-0,11534724	-0,029184882	-0,021098945	-0,01518465
41774	192,78516	-13,243362	-13,226181	-0,11299364	-0,028491996	-0,020536087	-0,014762966
41774	193,28516	-12,743362	-12,827724	-0,11105507	-0,028121442	-0,020121995	-0,014341983
41774	193,78516	-12,243362	-12,288615	-0,10828618	-0,027402729	-0,019546509	-0,013916486
41774	194,28516	-11,743362	-11,719705	-0,10567622	-0,026733547	-0,018992331	-0,013580467
41774	194,78516	-11,243362	-11,300326	-0,10310875	-0,026213318	-0,018494146	-0,012954624
41774	195,28516	-10,743362	-10,802815	-0,10113241	-0,02560458	-0,017970562	-0,012593854
41774	195,78516	-10,243362	-10,37903	-0,0981929	-0,025003092	-0,017459955	-0,012224041
41774	196,28516	-9,7433624	-9,7011871	-0,095068805	-0,024092728	-0,016816517	-0,011741228
41774	196,78516	-9,2433624	-9,2507448	-0,092923202	-0,023539446	-0,016239194	-0,011221283
41774	197,28516	-8,7433624	-8,7450895	-0,089597449	-0,022868603	-0,015697051	-0,010756221
41774	197,78516	-8,2433624	-8,2139406	-0,086646758	-0,022041276	-0,015144113	-0,010374841
41774	198,28516	-7,7433624	-7,8597469	-0,083967529	-0,02148566	-0,014680589	-0,0099671865
41774	198,78516	-7,2433624	-7,2557254	-0,080797449	-0,020593056	-0,013903638	-0,009466989
41774	199,28516	-6,7433624	-6,7236071	-0,07715109	-0,019891817	-0,013309035	-0,0090045296
41774	199,78516	-6,2433624	-6,3075686	-0,074007757	-0,019112347	-0,012706339	-0,0085631944
41774	200,28516	-5,7433624	-5,7938156	-0,070025489	-0,0182977	-0,012113733	-0,0082105268
41774	200,78516	-5,2433624	-5,3124781	-0,066785574	-0,017477207	-0,011450078	-0,0077289017
41774	201,28516	-4,7433624	-4,9399323	-0,0634638	-0,016787615	-0,010933897	-0,0073810462
41774	201,78516	-4,2433624	-4,4246111	-0,059881374	-0,015905619	-0,010339584	-0,0069782794
41774	202,28516	-3,7433624	-3,7363451	-0,053712714	-0,01459723	-0,009254992	-0,0063153007
41774	202,78516	-3,2433624	-3,2105036	-0,049278945	-0,013448046	-0,008527644	-0,0058925902
41774	203,28516	-2,7433624	-2,7532318	-0,044592563	-0,012397476	-0,0077176802	-0,0054932912
41774	203,78516	-2,2433624	-2,334183	-0,040049687	-0,011306128	-0,0071164072	-0,0050346591
41774	204,28516	-1,7433624	-1,7708782	-0,034340285	-0,0098532736	-0,0063277073	-0,0046047233
41774	204,78516	-1,2433624	-1,2910347	-0,027557509	-0,0085226782	-0,0056463052	-0,0041951491
41774	205,28516	-1,4787109	-1,1955388	-0,023886539	-0,0077311927	-0,0052529462	-0,0041002855
41774	205,78516	-2,4287109	-2,2603664	-0,034480263	-0,0095710866	-0,0060925744	-0,0043348079
41774	206,28516	-3,378711	-2,9858835	-0,040847506	-0,010735764	-0,0067455526	-0,0044911699
41774	206,78516	-4,328711	-3,8850029	-0,047304515	-0,012105029	-0,0077414904	-0,004965981
41774	207,28516	-5,2787108	-5,2302051	-0,057768065	-0,01413033	-0,0091448724	-0,0057884823
41774	207,78516	-6,2287107	-6,2078962	-0,063752264	-0,015526475	-0,010197401	-0,0064537092
41774	208,28516	-7,1787109	-7,3114262	-0,070718177	-0,016910903	-0,011284517	-0,0071557299
41774	208,78516	-8,1287107	-8,2891054	-0,076064013	-0,018183798	-0,012357494	-0,0078675905
41774	209,28516	-9,0787106	-9,2127495	-0,081711493	-0,019326378	-0,013210591	-0,0085723102
41774	209,78516	-10,02871	-10,1553	-0,086289831	-0,020496137	-0,014212275	-0,0092477938
41774	210,28516	-10,978711	-11,132961	-0,091006748	-0,02159201	-0,015151471	-0,010053715
41774	210,78516	-11,928711	-12,030124	-0,095865041	-0,022552021	-0,016032718	-0,010650973
41774	211,28516	-12,878711	-13,027411	-0,10038123	-0,023740295	-0,016978456	-0,01139121
41774	211,78516	-13,828711	-13,992568	-0,10439613	-0,024710465	-0,017891264	-0,012222331
41774	212,28516	-14,77871	-14,815825	-0,10813665	-0,025723204	-0,018709406	-0,012893627
41774	212,78516	-15,728711	-15,840188	-0,11276056	-0,026678322	-0,019639071	-0,013634939
41774	213,28516	-16,678711	-16,747135	-0,11670273	-0,027574722	-0,020391326	-0,014380692
41774	213,78516	-17,62871	-17,703657	-0,12046827	-0,028575823	-0,021315629	-0,015144189
41774	214,28516	-18,578711	-18,692371	-0,12440814	-0,029544663	-0,02209219	-0,015946502
41774	214,78516	-19,528711	-19,696939	-0,1287443	-0,030470956	-0,023103217	-0,016658247
41774	215,28516	-20,47871	-20,517433	-0,13164924	-0,031392708	-0,023836451	-0,017377423
41774	215,78516	-21,428711	-21,537746	-0,13577156	-0,032287046	-0,024730602	-0,018131603
41774	216,28516	-22,37871	-22,441751	-0,13933885	-0,033199552	-0,025500253	-0,018842911
41774	216,78516	-23,328711	-23,36566	-0,14317529	-0,034011997	-0,026320316	-0,019506671
41774	217,28516	-24,278711	-24,393602	-0,14681935	-0,035002381	-0,027189102	-0,020362874
41774	217,78516	-25,22871	-25,292425	-0,15093337	-0,035821237	-0,027892772	-0,021035429
41774	218,28516	-26,178711	-26,219511	-0,15326682	-0,036678702	-0,028693922	-0,021732582
41774	218,78516	-27,12871	-27,27792	-0,15736359	-0,037691105	-0,029607274	-0,022499014
41774	219,28516	-28,078711	-28,212477	-0,16042434	-0,038474351	-0,030286975	-0,023113258
41774	219,78516	-29,028711	-29,003342	-0,16325109	-0,039245639	-0,030937383	-0,023840318
41774	220,28516	-29,97871	-30,042303	-0,16716947	-0,040102351	-0,031837303	-0,024679925
41774	220,78516	-30,928711	-30,890234	-0,17028572	-0,040915154	-0,032542426	-0,025251312
41774	221,28516	-31,87871	-31,939871	-0,17367737	-0,04172216	-0,033411533	-0,026032252
41774	221,78516	-32,828709	-32,808632	-0,17656106	-0,042439427	-0,034059223	-0,026779311
41774	222,28516	-33,778709	-33,806244	-0,17982207	-0,043354776	-0,034844358	-0,027496751
41774	222,78516	-34,72871	-34,704906	-0,1828478	-0,044109371	-0,035566483	-0,028145939
41774	223,28516	-35,678711	-35,735004	-0,18657884	-0,044986833	-0,036394943	-0,028972421
41774	223,78516	-36,628712	-36,637817	-0,1889281	-0,045713238	-0,037063066	-0,029655335
41774	224,28516	-37,578709	-37,600368	-0,19278245	-0,046516813	-0,037853021	-0,030378662
41774	224,78516	-38,528709	-38,604557	-0,19563051	-0,047342412	-0,038565632	-0,030996662
41774	225,28516	-39,47871	-39,63065	-0,19950296	-0,048153151	-0,039324243	-0,031790003
41774	225,78516	-40,428711	-40,538662	-0,20231295	-0,048932262	-0,040100407	-0,032534461
41774	226,28516	-41,378712	-41,343452	-0,20479192	-0,049574126	-0,040714677	-0,033145905
41774	226,78516	-42,328709	-42,319042	-0,20803711	-0,050377958	-0,041483589	-0,033810399
41774	227,28516	-43,278709	-43,334312	-0,21100479	-0,051198501	-0,042193282	-0,034523401
41774	227,78516	-44,22871	-44,177197	-0,21386606	-0,051891062	-0,04284817	-0,035183448
41774	228,28516	-45,178711	-45,220524	-0,21723306	-0,052737392	-0,043633558	-0,036009062
41774	228,78516	-46,128712	-46,16367	-0,2199613	-0,053530559	-0,044297714	-0,036670152
41774	229,28516	-47,078709	-47,140804	-0,22308731	-0,054275632	-0,045008555	-0,037282776
41774	229,78516	-48,028709	-48,059738	-0,22560027	-0,05496173	-0,045634076	-0,038009606
41774	230,28516	-48,97871	-49,102547	-0,22895005	-0,055776406	-0,046564516	-0,038755938
41774	230,78516	-49,928711	-49,988522	-0,23163503	-0,056489605	-0,047108456	-0,039468348
41774	231,28516	-50,878712	-51,054756	-0,23444258	-0,057281692	-0,047855232	-0,040123291
41774	231,78516	-51,828709	-51,808491	-0,23711932	-0,057869032	-0,048432134	-0,040714744
41774	232,28516	-52,778709	-52,860825	-0,24018237	-0,058746271	-0,049162798	-0,041515686
41774	232,78516	-53,72871	-53,770596	-0,24323487	-0,059489459	-0,049849957	-0,042127475
41774	233,28516	-54,678711	-54,780201	-0,24574268	-0,060233936	-0,050555695	-0,042927943
41774	233,78516	-55,628712	-55,70702	-0,2483836	-0,06090346	-0,051290184	-0,043439399
41774	234,28516	-56,578709	-56,556866	-0,25137904	-0,061562642	-0,051885258	-0,04410499
41774	234,78516	-57,528709	-57,555931	-0,25412828	-0,06238661	-0,05262538	-0,044882748
41774	235,28516	-58,47871	-58,614082	-0,25742608	-0,063142397	-0,053333923	-0,045613449
41774	235,78516	-59,428711	-59,581406	-0,2602782	-0,063837908	-0,054024331	-0,046073779
41774	236,28516	-60,378712	-60,360512	-0,26260078	-0,064460658	-0,054573242	-0,046767849
41774	236,78516	-61,328709	-61,479103	-0,26517802	-0,065305054	-0,055414915	-0,047567114
41774	237,28516	-62,278709	-62,312511	-0,26828563	-0,065877095	-0,055962812	-0,048129853
41774	237,78516	-63,22871	-63,333061	-0,27085221	-0,066613123	-0,056730662	-0,048834134
41774	238,28516	-64,178711	-64,274063	-0,2732335	-0,067293778	-0,057395279	-0,049593743
41774	238,78516	-65,128708	-65,135612	-0,27623662	-0,068000905	-0,057942223	-0,050125513
41774	239,28516	-66,078712	-66,122032	-0,27888381	-0,068710618	-0,058704153	-0,050831899
41774	239,78516	-67,028709	-67,061775	-0,28132632	-0,069374032	-0,059315871	-0,051371377
41774	240,28516	-67,978706	-68,062683	-0,28400806	-0,070123032	-0,060027063	-0,052040108
41774	240,78516	-68,928711	-68,971077	-0,28642005	-0,070797406	-0,060619451	-0,052736267
41774	241,28516	-69,878708	-69,971878	-0,28958869	-0,071436338	-0,061332904	-0,053450547
41774	241,78516	-70,828712	-70,795135	-0,29193839	-0,072096869	-0,061880331	-0,053946014
41774	242,28516	-71,778709	-71,758186	-0,29458731	-0,072793521	-0,062632285	-0,054615572
41774	242,78516	-72,728706	-72,79631	-0,29670805	-0,073530823	-0,063326888	-0,055362917
41774	243,28516	-73,678711	-73,772003	-0,29957366	-0,074256241	-0,064019367	-0,055965561
41774	243,78516	-74,628708	-74,700378	-0,30253237	-0,074871033	-0,064665243	-0,056625623
41774	244,28516	-75,578712	-75,670395	-0,30543238	-0,075669333	-0,065290965	-0,057351168
41774	244,78516	-76,528709	-76,538216	-0,30769104	-0,07622201	-0,065918669	-0,05786347
41774	245,28516	-77,478706	-77,474586	-0,31004071	-0,076871552	-0,06657844	-0,058591597
41774	245,78516	-78,428711	-78,480095	-0,31281531	-0,077672839	-0,067374654	-0,059238065
41774	246,28516	-79,378708	-79,463013	-0,31550878	-0,078291394	-0,067871802	-0,059849348
41774	246,78516	-80,328712	-80,347237	-0,31808701	-0,078997985	-0,068536207	-0,060489386
41774	247,28516	-81,278709	-81,380669	-0,32045484	-0,079742208	-0,069274135	-0,061258618
41774	247,78516	-82,228706	-82,189545	-0,32268393	-0,080266133	-0,069894642	-0,061802853
41774	248,28516	-83,178711	-83,281258	-0,32580987	-0,080999628	-0,070586354	-0,062439356
41774	248,78516	-84,128708	-84,216232	-0,32808661	-0,081692852	-0,07120274	-0,063035153
41774	249,28516	-85,078712	-85,097641	-0,3306295	-0,082333297	-0,071805745	-0,063647307
41774	249,78516	-86,028709	-85,971687	-0,3330068	-0,082932048	-0,072461143	-0,06425336
41774	250,28516	-86,978706	-86,949951	-0,33558014	-0,083610795	-0,073014639	-0,064847283
41774	250,78516	-87,928711	-87,95224	-0,33803263	-0,084350549	-0,073715128	-0,065539762
41774	251,28516	-88,878708	-89,023621	-0,34079954	-0,084997833	-0,074396178	-0,06623476
41774	251,78516	-89,828712	-89,876076	-0,34323722	-0,085607387	-0,075038284	-0,066860929
41774	252,28516	-90,778709	-90,790833	-0,3458344	-0,08625298	-0,075663641	-0,067484669
41774	252,78516	-91,728706	-91,730034	-0,34841245	-0,086912654	-0,076283887	-0,068019383
41774	253,28516	-92,678711	-92,734146	-0,35049805	-0,087606989	-0,076914392	-0,068736538
41774	253,78516	-93,628708	-93,69339	-0,35321003	-0,088263139	-0,077534199	-0,069385953
41774	254,28516	-94,578712	-94,717697	-0,35577369	-0,088936128	-0,078153387	-0,070138492
41774	254,78516	-95,528709	-95,595985	-0,35792395	-0,089547649	-0,078813776	-0,070550054
41774	255,28516	-96,478706	-96,548874	-0,36089	-0,090217903	-0,079460621	-0,071235314
41774	255,78516	-97,428711	-97,445404	-0,36335301	-0,090875462	-0,080084637	-0,071857221
41774	256,28516	-98,378708	-98,349266	-0,3654075	-0,091509499	-0,080722451	-0,072492741
41774	256,78516	-99,328712	-99,412155	-0,36817679	-0,092148453	-0,081425063	-0,073064812
41774	257,28516	-100,27871	-100,24098	-0,37044623	-0,092798337	-0,0819638	-0,073657602
41774	257,78516	-101,22871	-101,27563	-0,37290299	-0,093505047	-0,082623504	-0,074349076
41774	258,28516	-102,17871	-102,3185	-0,37498346	-0,094248757	-0,083343029	-0,07510715
41774	258,78516	-103,12871	-103,18672	-0,37771624	-0,094782643	-0,083921865	-0,075590014
41774	259,28516	-104,07871	-104,3489	-0,3804718	-0,095614664	-0,084613308	-0,076378055
41774	259,78516	-105,02871	-105,03799	-0,38204032	-0,096071899	-0,085135147	-0,076888099
41774	260,28516	-105,97871	-106,09624	-0,38502443	-0,096852094	-0,085897103	-0,077621497
41774	260,78516	-106,92871	-106,96811	-0,38712618	-0,097438283	-0,086446151	-0,078143075
41774	261,28516	-107,87871	-107,97442	-0,38979754	-0,098215759	-0,087205529	-0,078838632
41774	261,78516	-108,82871	-108,78345	-0,39205334	-0,098779343	-0,087741904	-0,079418011
41774	262,28516	-109,77871	-109,75332	-0,39462221	-0,099435508	-0,088357449	-0,080119975
41774	262,78516	-110,72871	-110,7243	-0,39670303	-0,10001583	-0,089027546	-0,080721624
41774	263,28516	-111,67871	-111,7505	-0,3991335	-0,10080177	-0,089694545	-0,081450887
41774	263,78516	-112,62871	-112,64151	-0,40196317	-0,10141348	-0,090378463	-0,082126595
41774	264,28516	-113,57871	-113,74989	-0,40470687	-0,10217558	-0,091095641	-0,082853943
41774	264,78516	-113,4211	-113,64633	-0,40462989	-0,10228445	-0,091179319	-0,082974516
41774	265,28516	-112,9211	-112,91003	-0,40324029	-0,10180704	-0,090849131	-0,082468867
41774	265,78516	-112,4211	-112,48846	-0,40256664	-0,10163626	-0,090640053	-0,082254402
41774	266,28516	-111,9211	-111,86333	-0,4013505	-0,10133912	-0,090355188	-0,081974946
41774	266,78516	-111,4211	-111,47701	-0,40044811	-0,10110162	-0,090080768	-0,081810117
41774	267,28516	-110,9211	-111,03139	-0,39958799	-0,10092311	-0,08985927	-0,081430987
41774	267,78516	-110,4211	-110,37034	-0,39828405	-0,10052702	-0,089589261	-0,081041276
41774	268,28516	-109,9211	-109,96233	-0,39731705	-0,10032583	-0,089403257	-0,080961332
41774	268,78516	-109,4211	-109,4259	-0,39585769	-0,099942274	-0,089071095	-0,080640495
41774	269,28516	-108,9211	-108,86473	-0,39524895	-0,099545456	-0,088709891	-0,080284148
41774	269,78516	-108,4211	-108,4127	-0,39431366	-0,099322937	-0,088510305	-0,080068596
41774	270,28516	-107,9211	-107,96825	-0,3926467	-0,099132642	-0,088262782	-0,079755418
41774	270,78516	-107,4211	-107,47922	-0,39203736	-0,098852828	-0,087934189	-0,079591706
41774	271,28516	-106,9211	-106,91259	-0,39032793	-0,098561838	-0,087682799	-0,079356976
41774	271,78516	-106,4211	-106,5873	-0,38991866	-0,098375313	-0,087541044	-0,079035468
41774	272,28516	-105,9211	-105,94429	-0,38900569	-0,097942069	-0,087156668	-0,078576475
41774	272,78516	-105,4211	-105,49582	-0,38767156	-0,097726785	-0,086917341	-0,078437477
41774	273,28516	-104,9211	-104,84549	-0,38643473	-0,097358219	-0,086484745	-0,078034148
41774	273,78516	-104,4211	-104,54575	-0,3853094	-0,097135291	-0,086342461	-0,077808797
41774	274,28516	-103,9211	-103,92145	-0,38381383	-0,096744083	-0,086002991	-0,077435575
41774	274,78516	-103,4211	-103,45301	-0,38338557	-0,096519828	-0,085727304	-0,07726068
41774	275,28516	-102,9211	-102,9482	-0,38199088	-0,096195139	-0,085439444	-0,077051155
41774	275,78516	-102,4211	-102,42155	-0,3808133	-0,095877245	-0,085182503	-0,076717526
41774	276,28516	-101,9211	-101,84497	-0,37944445	-0,095579058	-0,084790267	-0,076268338
41774	276,78516	-101,4211	-101,37815	-0,37811711	-0,095200434	-0,084562749	-0,075995766
41774	277,28516	-100,9211	-100,95681	-0,37732959	-0,09500818	-0,084228918	-0,075743735
41774	277,78516	-100,4211	-100,35307	-0,37591952	-0,09458743	-0,083877467	-0,075535752
41774	278,28516	-99,921097	-99,971992	-0,3746711	-0,094382778	-0,083720043	-0,0751279
41774	278,78516	-99,421097	-99,413048	-0,3740505	-0,094039902	-0,083390161	-0,074816555
41774	279,28516	-98,921097	-99,019577	-0,37276667	-0,093783304	-0,08318764	-0,074656017
41774	279,78516	-98,421097	-98,429108	-0,37141207	-0,093409769	-0,082802251	-0,074329779
41774	280,28516	-97,921097	-97,886703	-0,37034094	-0,093145318	-0,082494244	-0,073984757
41774	280,78516	-97,421097	-97,576447	-0,36950788	-0,092978932	-0,082248241	-0,073692165
41774	281,28516	-96,921097	-97,033447	-0,36846676	-0,092622004	-0,082027897	-0,073463738
41774	281,78516	-96,421097	-96,587982	-0,36725524	-0,092365324	-0,081728444	-0,073235795
41774	282,28516	-95,921097	-95,872452	-0,36532608	-0,09191709	-0,081371449	-0,072765641
41774	282,78516	-95,421097	-95,460182	-0,36499986	-0,091630407	-0,081115261	-0,072570831
41774	283,28516	-94,921097	-94,813286	-0,36313024	-0,091270506	-0,080703512	-0,072205834
41774	283,78516	-94,421097	-94,483917	-0,36197913	-0,091011472	-0,080512322	-0,071951218
41774	284,28516	-93,921097	-93,894775	-0,36071923	-0,090717867	-0,080153853	-0,071735188
41774	284,78516	-93,421097	-93,489662	-0,35992974	-0,09045063	-0,07990858	-0,071282975
41774	285,28516	-92,921097	-92,90744	-0,35861841	-0,090022929	-0,079567373	-0,071020022
41774	285,78516	-92,421097	-92,432014	-0,35760728	-0,089762695	-0,079325929	-0,07077954
41774	286,28516	-91,921097	-92,050316	-0,35656556	-0,089472637	-0,079017028	-0,070598006
41774	286,78516	-91,421097	-91,392311	-0,35512674	-0,089072414	-0,078658432	-0,070075788
41774	287,28516	-90,921097	-90,989586	-0,35395089	-0,088908978	-0,078416668	-0,069870859
41774	287,78516	-90,421097	-90,494957	-0,35311055	-0,088524096	-0,078121439	-0,06957566
41774	288,28516	-89,921097	-89,994484	-0,35157624	-0,088165052	-0,077857643	-0,069349416
41774	288,78516	-89,421097	-89,478348	-0,35050973	-0,087883078	-0,077489622	-0,068859674
41774	289,28516	-88,921097	-88,88987	-0,34910288	-0,087583408	-0,077261686	-0,068649903
41774	289,78516	-88,421097	-88,489716	-0,34781998	-0,087346166	-0,076950058	-0,068348587
41774	290,28516	-87,921097	-88,018181	-0,34683079	-0,087026045	-0,076625764	-0,06808418
41774	290,78516	-87,421097	-87,500977	-0,34578437	-0,086666897	-0,076382197	-0,067769907
41774	291,28516	-86,921097	-86,953186	-0,3444311	-0,086336389	-0,076011732	-0,067433164
41774	291,78516	-86,421097	-86,434097	-0,34297925	-0,085974194	-0,075707585	-0,067151621
41774	292,28516	-85,921097	-85,954086	-0,34192905	-0,085675895	-0,07535705	-0,066826649
41774	292,78516	-85,421097	-85,482025	-0,34077376	-0,085344575	-0,075144216	-0,066638522
41774	293,28516	-84,921097	-84,975456	-0,3399941	-0,085023239	-0,074763268	-0,066284776
41774	293,78516	-84,421097	-84,314392	-0,33796567	-0,084702052	-0,074363753	-0,065906838
41774	294,28516	-83,921097	-83,882484	-0,33714965	-0,084365897	-0,074135616	-0,065618172
41774	294,78516	-83,421097	-83,419106	-0,3356992	-0,084120698	-0,073853217	-0,065358765
41774	295,28516	-82,921097	-82,99559	-0,33460957	-0,083824381	-0,073623955	-0,065082185
41774	295,78516	-82,421097	-82,371147	-0,33366889	-0,083412111	-0,073172078	-0,064650021
41774	296,28516	-81,921097	-81,952148	-0,33221135	-0,083146483	-0,072908506	-0,064333357
41774	296,78516	-81,421097	-81,470901	-0,33143979	-0,082836039	-0,072604597	-0,064120121
41774	297,28516	-80,921097	-80,965721	-0,32990602	-0,082400456	-0,072321281	-0,063863471
41774	297,78516	-80,421097	-80,452629	-0,32854795	-0,08204674	-0,071963295	-0,06348189
41774	298,28516	-79,921097	-79,949799	-0,32706854	-0,081796877	-0,071720168	-0,063239492
41774	298,78516	-79,421097	-79,516159	-0,3259131	-0,081573613	-0,071377248	-0,062970877
41774	299,28516	-78,921097	-78,869606	-0,32503825	-0,081042789	-0,071039423	-0,062594108
41774	299,78516	-78,421097	-78,390182	-0,32344919	-0,080792971	-0,070745803	-0,062330585
41774	300,28516	-77,921097	-77,954514	-0,32224667	-0,080557942	-0,070377722	-0,062022127
41774	300,78516	-77,421097	-77,509148	-0,32135475	-0,080285572	-0,070107132	-0,061607733
41774	301,28516	-76,921097	-76,971367	-0,32008785	-0,07988102	-0,069800273	-0,061300922
41774	301,78516	-76,421097	-76,396698	-0,31847063	-0,079512782	-0,069349468	-0,061019115
41774	302,28516	-75,921097	-75,919952	-0,31715569	-0,07917133	-0,069118127	-0,060650777
41774	302,78516	-75,421097	-75,469337	-0,31608573	-0,078881323	-0,068792373	-0,060297154
41774	303,28516	-74,921097	-75,045845	-0,31494302	-0,078603543	-0,068508193	-0,060127858
41774	303,78516	-74,421097	-74,501717	-0,31347463	-0,078241825	-0,068202287	-0,059787761
41774	304,28516	-73,921097	-73,957565	-0,31195313	-0,077876396	-0,067788683	-0,059475869
41774	304,78516	-73,421097	-73,447937	-0,31113631	-0,077601522	-0,067417189	-0,059070777
41774	305,28516	-72,921097	-72,976112	-0,30960625	-0,077221826	-0,067162305	-0,058719303
41774	305,78516	-72,421097	-72,478409	-0,30849448	-0,076902278	-0,066821903	-0,058406726
41774	306,28516	-71,921097	-71,968407	-0,30759421	-0,076531924	-0,066556737	-0,058206864
41774	306,78516	-71,421097	-71,425621	-0,30575895	-0,076186284	-0,066214986	-0,057888951
41774	307,28516	-70,921097	-71,049019	-0,30468822	-0,07592959	-0,065952472	-0,057498973
41774	307,78516	-70,421097	-70,510414	-0,30365175	-0,075535417	-0,065560088	-0,05715432
41774	308,28516	-69,921097	-69,994385	-0,3020007	-0,075269379	-0,065188438	-0,056864731
41774	308,78516	-69,421097	-69,408089	-0,30045879	-0,074878491	-0,064826071	-0,056437287
41774	309,28516	-68,921097	-68,978287	-0,29917404	-0,074598983	-0,064521	-0,056189634
41774	309,78516	-68,421097	-68,545456	-0,29835317	-0,07432542	-0,064299047	-0,055931345
41774	310,28516	-67,921097	-68,073669	-0,29681221	-0,073957615	-0,063992172	-0,055626363
41774	310,78516	-67,421097	-67,415146	-0,29549572	-0,073491976	-0,063500613	-0,055215266
41774	311,28516	-66,921097	-66,933052	-0,2937507	-0,07321807	-0,063105822	-0,054883409
41774	311,78516	-66,421097	-66,383057	-0,29248178	-0,0727643	-0,062776685	-0,054498699
41774	312,28516	-65,921097	-65,996071	-0,2915968	-0,072470926	-0,062583447	-0,054134436
41774	312,78516	-65,421097	-65,401482	-0,29030138	-0,072124757	-0,062203415	-0,05386848
41774	313,28516	-64,921097	-64,98941	-0,28886154	-0,071789682	-0,061883599	-0,053592902
41774	313,78516	-64,421097	-64,377678	-0,28719056	-0,071391776	-0,061524443	-0,053306445
41774	314,28516	-63,921097	-63,975098	-0,28585222	-0,071115427	-0,061183192	-0,052924275
41774	314,78516	-63,421097	-63,437954	-0,28481659	-0,070771039	-0,060835272	-0,05249178
41774	315,28516	-62,921097	-62,953289	-0,2830328	-0,070348509	-0,060472012	-0,052267559
41774	315,78516	-62,421097	-62,507736	-0,28191245	-0,070057563	-0,060195059	-0,052060328
41774	316,28516	-61,921097	-62,002155	-0,28095964	-0,069716759	-0,059898362	-0,051625676
41774	316,78516	-61,421097	-61,446892	-0,2791104	-0,069308452	-0,059514306	-0,051256467
41774	317,28516	-60,921097	-60,92942	-0,27787772	-0,068968087	-0,059215177	-0,050912783
41774	317,78516	-60,421097	-60,463818	-0,27621078	-0,068673886	-0,058811828	-0,05064819
41774	318,28516	-59,921097	-59,995159	-0,27484584	-0,068299457	-0,058554836	-0,050357133
41774	318,78516	-59,421097	-59,480766	-0,27408892	-0,067929409	-0,058203213	-0,049960606
41774	319,28516	-58,921097	-58,986687	-0,2723825	-0,067516804	-0,057816949	-0,049643159
41774	319,78516	-58,421097	-58,522884	-0,27111456	-0,067246005	-0,057539143	-0,049289238
41774	320,28516	-57,921097	-58,105152	-0,27014554	-0,066998832	-0,057279773	-0,049058527
41774	320,78516	-57,421097	-57,49609	-0,26807365	-0,066530995	-0,05687594	-0,048644237
41774	321,28516	-56,921097	-56,945465	-0,26684865	-0,066103227	-0,056492627	-0,048259791
41774	321,78516	-56,421097	-56,413818	-0,26517445	-0,065739214	-0,056169748	-0,047981929
41774	322,28516	-55,921097	-56,023712	-0,26394156	-0,065425195	-0,055865467	-0,047713857
41774	322,78516	-55,421097	-55,535099	-0,2626771	-0,065115422	-0,055510923	-0,047373418
41774	323,28516	-54,921097	-54,901226	-0,26065785	-0,064677313	-0,05511488	-0,046893567
41774	323,78516	-54,421097	-54,412792	-0,25940832	-0,064309105	-0,054828696	-0,046624172
41774	324,28516	-53,921097	-53,88081	-0,25809315	-0,0639157	-0,05440921	-0,046228234
41774	324,78516	-53,421097	-53,463398	-0,25646186	-0,063618526	-0,054096181	-0,04600032
41774	325,28516	-52,921097	-52,997681	-0,25513145	-0,063242093	-0,053729147	-0,04561178
41774	325,78516	-52,421097	-52,427982	-0,25385335	-0,06284669	-0,053347379	-0,045294393
41774	326,28516	-51,921097	-51,992981	-0,25210288	-0,062532246	-0,053007249	-0,044966813
41774	326,78516	-51,421097	-51,456253	-0,25052804	-0,062112853	-0,05273943	-0,044561803
41774	327,28516	-50,921097	-50,972412	-0,24928036	-0,061749369	-0,052436441	-0,044281419
41774	327,78516	-50,421097	-50,558483	-0,24761325	-0,061352875	-0,051998489	-0,043923292
41774	328,28516	-49,921097	-49,973469	-0,2460202	-0,060909316	-0,051614393	-0,043602526
41774	328,78516	-49,421097	-49,515675	-0,24459118	-0,060513239	-0,051331565	-0,043194856
41774	329,28516	-48,921097	-48,954922	-0,24362373	-0,060213968	-0,051011384	-0,04279688
41774	329,78516	-48,421097	-48,452473	-0,24171907	-0,059872881	-0,050530341	-0,042385846
41774	330,28516	-47,921097	-47,974907	-0,24028465	-0,059508704	-0,050227575	-0,042161182
41774	330,78516	-47,421097	-47,521637	-0,23855835	-0,059074473	-0,049888343	-0,04183235
41774	331,28516	-46,921097	-46,991737	-0,23721433	-0,058714055	-0,049500421	-0,041506946
41774	331,78516	-46,421097	-46,486782	-0,23592277	-0,058300193	-0,04923455	-0,041085739
41774	332,28516	-45,921097	-45,967873	-0,23403358	-0,057925917	-0,048742052	-0,040786453
41774	332,78516	-45,421097	-45,413265	-0,23230144	-0,057526775	-0,04835958	-0,040374499
41774	333,28516	-44,921097	-45,013744	-0,231023	-0,057211064	-0,048111111	-0,04011685
41774	333,78516	-44,421097	-44,535484	-0,2293912	-0,056756072	-0,047756925	-0,039634597
41774	334,28516	-43,921097	-44,101974	-0,22823702	-0,0564542	-0,047444291	-0,039402124
41774	334,78516	-43,421097	-43,363255	-0,226557	-0,055915114	-0,046872333	-0,038946718
41774	335,28516	-42,921097	-42,964779	-0,22459382	-0,055597417	-0,046589654	-0,03871898
41774	335,78516	-42,421097	-42,487083	-0,22291091	-0,05520786	-0,046223979	-0,038213257
41774	336,28516	-41,921097	-42,06319	-0,221829	-0,054837365	-0,045940477	-0,038026962
41774	336,78516	-41,421097	-41,570313	-0,22002301	-0,054440174	-0,045504026	-0,037683327
41774	337,28516	-40,921097	-40,996525	-0,21839333	-0,054039836	-0,045158707	-0,037207678
41774	337,78516	-40,421097	-40,532883	-0,21675909	-0,053625196	-0,044750124	-0,03692019
41774	338,28516	-39,921097	-39,935638	-0,21526912	-0,053188633	-0,044372685	-0,036382448
41774	338,78516	-39,421097	-39,501854	-0,21356991	-0,052774023	-0,044031419	-0,036165636
41774	339,28516	-38,921097	-38,869156	-0,21190043	-0,052376539	-0,043596573	-0,035708617
41774	339,78516	-38,421097	-38,657505	-0,21071506	-0,052163027	-0,043347675	-0,035539959
41774	340,28516	-37,921097	-38,013809	-0,20846792	-0,051734779	-0,042919405	-0,035050508
41774	340,78516	-37,421097	-37,464783	-0,20702495	-0,051179152	-0,042556658	-0,034614924
41774	341,28516	-36,921097	-36,925827	-0,20527007	-0,050728355	-0,042113908	-0,034320951
41774	341,78516	-36,421097	-36,49078	-0,20338538	-0,05032593	-0,041794058	-0,03396691
41774	342,28516	-35,921097	-35,998619	-0,20215413	-0,049936894	-0,04135108	-0,033653561
41774	342,78516	-35,421097	-35,506584	-0,20059189	-0,049572095	-0,04093349	-0,033251032
41774	343,28516	-34,921097	-35,043793	-0,19884469	-0,049111258	-0,040587567	-0,032762855
41774	343,78516	-34,421097	-34,560101	-0,19720718	-0,048789322	-0,040207732	-0,032529179
41774	344,28516	-33,921097	-33,970322	-0,19569306	-0,048271272	-0,039743558	-0,03210517
41774	344,78516	-33,421097	-33,582859	-0,1942452	-0,0480216	-0,03947584	-0,031770024
41774	345,28516	-32,921097	-33,08604	-0,19198345	-0,047623474	-0,038976282	-0,031305548
41774	345,78516	-32,421097	-32,553913	-0,19026135	-0,047118753	-0,038600124	-0,031024493
41774	346,28516	-31,921097	-32,00275	-0,18852726	-0,046641029	-0,038231369	-0,030615743
41774	346,78516	-31,421097	-31,490017	-0,18695877	-0,046210106	-0,037795641	-0,03019717
41774	347,28516	-30,921097	-30,984268	-0,18491811	-0,045702901	-0,0374166	-0,029791288
41774	347,78516	-30,421097	-30,569313	-0,18366823	-0,045338731	-0,036991343	-0,029536426
41774	348,28516	-29,921097	-29,994602	-0,18198332	-0,044852518	-0,036556076	-0,029117966
41774	348,78516	-29,421097	-29,570738	-0,18002138	-0,044566136	-0,036265064	-0,028782543
41774	349,28516	-28,921097	-28,963995	-0,17790455	-0,043978639	-0,035682138	-0,028310431
41774	349,78516	-28,421097	-28,504309	-0,17596529	-0,043510504	-0,035281043	-0,027944388
41774	350,28516	-27,921097	-28,011806	-0,17399696	-0,043131322	-0,03492818	-0,027602298
41774	350,78516	-27,421097	-27,578587	-0,17248532	-0,042732548	-0,034583021	-0,027217479
41774	351,28516	-26,921097	-27,094912	-0,17066842	-0,042255867	-0,034128208	-0,026892932
41774	351,78516	-26,421097	-26,528896	-0,16839525	-0,041782357	-0,033656228	-0,026337601
41774	352,28516	-25,921097	-26,032585	-0,1668704	-0,041352764	-0,033223424	-0,026000265
41774	352,78516	-25,421097	-25,553885	-0,16485536	-0,040880676	-0,032752763	-0,025583573
41774	353,28516	-24,921097	-25,053539	-0,16319084	-0,040493105	-0,032373473	-0,025314808
41774	353,78516	-24,421097	-24,54422	-0,1612934	-0,04001458	-0,031936813	-0,025018251
41774	354,28516	-23,921097	-23,902092	-0,15887208	-0,039319031	-0,031417422	-0,024304423
41774	354,78516	-23,421097	-23,512579	-0,15733661	-0,039005943	-0,031018732	-0,024081971
41774	355,28516	-22,921097	-23,025593	-0,15522398	-0,038572636	-0,030570839	-0,023682773
41774	355,78516	-22,421097	-22,541063	-0,15310603	-0,03808568	-0,030180231	-0,023347246
41774	356,28516	-21,921097	-22,011528	-0,1515189	-0,037556227	-0,029701415	-0,022920812
41774	356,78516	-21,421097	-21,551184	-0,14999895	-0,037127331	-0,029239617	-0,022412032
41774	357,28516	-20,921097	-21,066841	-0,14801899	-0,036640704	-0,028794177	-0,022064691
41774	357,78516	-20,421097	-20,460449	-0,14516474	-0,036015846	-0,028283235	-0,021610444
41774	358,28516	-19,921097	-19,972651	-0,14348495	-0,035505489	-0,027730891	-0,021244995
41774	358,78516	-19,421097	-19,497353	-0,14184375	-0,035090521	-0,027299495	-0,020815598
41774	359,28516	-18,921097	-19,080803	-0,13941784	-0,034589503	-0,026891086	-0,020384172
41774	359,78516	-18,421097	-18,5336	-0,13730207	-0,034011152	-0,026443254	-0,020010414
41774	360,28516	-17,921097	-18,006693	-0,13497874	-0,033533704	-0,025948562	-0,019625483
41774	360,78516	-17,421097	-17,404995	-0,13248155	-0,032886434	-0,025284354	-0,019133775
41774	361,28516	-16,921097	-17,053959	-0,13095956	-0,032468066	-0,024961498	-0,018718086
41774	361,78516	-16,421097	-16,500637	-0,12841041	-0,031866863	-0,024458047	-0,018312808
41774	362,28516	-15,921097	-15,939803	-0,12592655	-0,031292174	-0,023987997	-0,017949853
41774	362,78516	-15,421097	-15,558829	-0,12437196	-0,030800529	-0,023564659	-0,017514959
41774	363,28516	-14,921097	-14,984474	-0,12151704	-0,030247521	-0,0229326	-0,017091908
41774	363,78516	-14,421097	-14,465688	-0,11913057	-0,02962929	-0,022367951	-0,016514573
41774	364,28516	-13,921097	-13,975921	-0,11678173	-0,029070817	-0,021900889	-0,016193669
41774	364,78516	-13,421097	-13,506577	-0,1147479	-0,028517306	-0,021543872	-0,015757293
41774	365,28516	-12,921097	-12,985407	-0,11209841	-0,027952712	-0,020942492	-0,015355699
41774	365,78516	-12,421097	-12,529821	-0,1100312	-0,027354926	-0,020390809	-0,014865781
41774	366,28516	-11,921097	-11,980168	-0,10710622	-0,026732072	-0,019808214	-0,01433952
41774	366,78516	-11,421097	-11,552807	-0,10485563	-0,026207224	-0,019307125	-0,013996371
41774	367,28516	-10,921097	-10,945354	-0,10243277	-0,02550317	-0,018782111	-0,013450187
41774	367,78516	-10,421097	-10,483592	-0,099607021	-0,024890684	-0,018271813	-0,013039697
41774	368,28516	-9,9210968	-9,9396849	-0,097182743	-0,024233304	-0,017547732	-0,012569187
41774	368,78516	-9,4210968	-9,4128103	-0,094125047	-0,023496993	-0,017022695	-0,012018242
41774	369,28516	-8,9210968	-8,9867516	-0,090815961	-0,02287453	-0,016473878	-0,011611226
41774	369,78516	-8,4210968	-8,5121937	-0,089212418	-0,022247538	-0,015982959	-0,011272678
41774	370,28516	-7,9210968	-8,0721273	-0,085502841	-0,02159775	-0,015430525	-0,010717498
41774	370,78516	-7,4210968	-7,3844233	-0,082174383	-0,020626683	-0,014693042	-0,010298806
41774	371,28516	-6,9210968	-7,0078402	-0,079284303	-0,020089814	-0,014208531	-0,0098383399
41774	371,78516	-6,4210968	-6,4991379	-0,075647302	-0,019245444	-0,013494696	-0,0094013102
41774	372,28516	-5,9210968	-5,9410987	-0,072177783	-0,018359112	-0,012851272	-0,0089220712
41774	372,78516	-5,4210968	-5,4631701	-0,068463795	-0,017591946	-0,012251504	-0,0084327357
41774	373,28516	-4,9210968	-5,0771422	-0,065481871	-0,016816374	-0,011617428	-0,0081272991
41774	373,78516	-4,4210968	-4,7251191	-0,0622169	-0,016292181	-0,011146903	-0,007869537
41774	374,28516	-3,9210968	-3,8520136	-0,055222843	-0,014638179	-0,010010004	-0,007101574
41774	374,78516	-3,4210968	-3,3765919	-0,051124942	-0,01365828	-0,0093573201	-0,0066521722
41774	375,28516	-2,9210968	-2,9798746	-0,046544675	-0,012744883	-0,00862379	-0,0062090955
41774	375,78516	-2,4210968	-2,4348722	-0,042033881	-0,01154643	-0,0078668129	-0,0057763979
41774	376,28516	-1,9210968	-1,9203219	-0,03640072	-0,010327242	-0,0071607996	-0,0053270073
41774	376,78516	-1,4210968	-1,475649	-0,030108297	-0,0090324972	-0,0064877216	-0,0049156942
41774	377,28516	-1	-1,0221581	-0,023696758	-0,0076629026	-0,0058261547	-0,0045647188
41774	377,78516	-1	-0,88586473	-0,021055829	-0,0070022293	-0,0055247732	-0,0042477478
41774	378,28516	-1	-0,9771809	-0,020967074	-0,0070848549	-0,0055025425	-0,0041452823
41774	378,78516	-1	-0,95238537	-0,021170989	-0,0069709187	-0,005516123	-0,0042639556
41774	379,28516	-1	-0,93651748	-0,021243991	-0,0068553514	-0,0054828525	-0,0042255046
41774	379,78516	-1	-1,0111313	-0,021146972	-0,0069577848	-0,0053976905	-0,0042796894
41774	380,28516	-1	-0,9900648	-0,021114573	-0,0068968497	-0,0053847823	-0,0040530874
41774	380,78516	-1	-1,0148604	-0,021398243	-0,006831463	-0,0053928401	-0,0040981811
41774	381,28516	-1	-1,0165181	-0,021190453	-0,0069396757	-0,0054076258	-0,0041341335
41774	381,78516	-1	-0,9881053	-0,021072989	-0,0067986515	-0,0052933507	-0,0041557928
41774	382,28516	-1	-1,0160134	-0,020871369	-0,0067557315	-0,0053456202	-0,0040072231
41774	382,78516	-1	-1,0549854	-0,02149524	-0,0068447175	-0,0053650904	-0,004083849
41774	383,28516	-1	-1,0586865	-0,021572027	-0,006795919	-0,0053050984	-0,0040492918
41774	383,78516	-1	-1,0745711	-0,021639302	-0,0068463627	-0,0052709058	-0,0040467423
41774	384,28516	-1	-1,0078828	-0,020882372	-0,0067194062	-0,0052825231	-0,0040527489
41774	384,78516	-1	-1,0440536	-0,020992558	-0,0067802607	-0,0052464548	-0,0039016027
41774	385,28516	-1	-1,0060631	-0,020899646	-0,0067390418	-0,0051767398	-0,0038397894
41774	385,78516	-1	-1,0556393	-0,020824268	-0,0067737303	-0,0052887779	-0,0039772023
41774	386,28516	-1	-1,0130312	-0,020931929	-0,0066361511	-0,0052345768	-0,0039389152
41774	386,78516	-1	-1,0610987	-0,020787271	-0,0066991872	-0,0052883793	-0,004059887
41774	387,28516	-1	-1,0231882	-0,020811077	-0,0066254139	-0,0052089728	-0,0039012234
41774	387,78516	-1	-1,0615531	-0,021182803	-0,0066911313	-0,0052418765	-0,0039211642
41774	388,28516	-1	-1,0354165	-0,020590868	-0,0066268668	-0,0051944535	-0,0039523966
41774	388,78516	-1	-1,0667517	-0,020815909	-0,0066931457	-0,0052115265	-0,0039301142
41774	389,28516	-1	-1,0239892	-0,021226343	-0,0066128951	-0,0051201861	-0,0039187837
41774	389,78516	-1	-1,0502766	-0,020589516	-0,0065561547	-0,0051610395	-0,0038785574
41774	390,28516	-1	-1,0185298	-0,020714395	-0,0065642735	-0,0051553026	-0,0038270378
41774	390,78516	-1	-1,0549202	-0,02060451	-0,0066251806	-0,0051800497	-0,0038298357
41774	391,28516	-1	-0,99135751	-0,020134542	-0,0065059043	-0,0051109884	-0,0038532671
41774	391,78516	-1	-1,077341	-0,020330621	-0,0065834494	-0,0052465554	-0,0038353843
41774	392,28516	-1	-1,0949038	-0,020589285	-0,0065680952	-0,0051996093	-0,0037824034
41774	392,78516	-1	-1,0396056	-0,020365138	-0,0065171444	-0,0051833466	-0,0038695324
41774	393,28516	-1	-1,0184329	-0,019936286	-0,006513576	-0,0051131546	-0,0038625617
41774	393,78516	-1	-1,0261368	-0,020611182	-0,0064353738	-0,0050975382	-0,0038279775
41774	394,28516	-1	-1,0617245	-0,020260934	-0,0065441788	-0,0050802454	-0,0039135176
41774	394,78516	-1	-1,0236483	-0,019880593	-0,0064893961	-0,0050805733	-0,003722121
41774	395,28516	-1	-1,0589976	-0,020270795	-0,0064827148	-0,0050849803	-0,003782856
41774	395,78516	-1	-1,0669305	-0,020485651	-0,0065174163	-0,0051228851	-0,0038360879
41774	396,28516	-1	-0,99954569	-0,019548904	-0,0063546868	-0,0050102677	-0,0037184837
41774	396,78516	-1	-1,0158401	-0,020005217	-0,0063974089	-0,0050405338	-0,0037992005
41774	397,28516	-1	-1,0622647	-0,019724086	-0,0064568929	-0,0050239693	-0,0037000589
41774	397,78516	-1	-1,0444988	-0,02007339	-0,0063920165	-0,0050234441	-0,0036168268
41774	398,28516	-1	-1,063766	-0,020550728	-0,0064179092	-0,0051202271	-0,0037672778
41774	398,78516	-1	-1,0220296	-0,019501254	-0,0063782609	-0,0050742421	-0,0036551049
41774	399,28516	-1	-1,0430813	-0,019861152	-0,0064296741	-0,0050341412	-0,00372166
41774	399,78516	-1	-1,0442827	-0,019367354	-0,0064120418	-0,0049877111	-0,0036483032
41774	400,28516	-1	-1,0258629	-0,019868452	-0,0063594333	-0,0049378369	-0,0036957338
41774	400,78516	-1	-1,0479242	-0,020010095	-0,0064886701	-0,0049305893	-0,0037475163
41774	401,28516	-1	-1,0244976	-0,019648915	-0,0064050294	-0,0049773194	-0,0037471929
41774	401,78516	-1	-1,0514799	-0,020433741	-0,0063519282	-0,0049300827	-0,0036355164
41774	402,28516	-1	-1,0816008	-0,019543769	-0,0064171162	-0,0049953014	-0,0036641727
41774	402,78516	-1	-1,0272917	-0,019919081	-0,0063381642	-0,0049232375	-0,0036599878
41774	403,28516	-1	-1,0529886	-0,019605283	-0,0063627162	-0,0049240105	-0,0037316899
41774	403,78516	-1	-1,0570046	-0,01961547	-0,0064452956	-0,0050469693	-0,0037507354
41774	404,28516	-1	-1,011543	-0,019391498	-0,0063233064	-0,004957065	-0,0036198422
41774	404,78516	-1	-1,0537337	-0,019800197	-0,0064014327	-0,004920315	-0,0035072288
41774	405,28516	-1	-1,0365807	-0,019958347	-0,0063551078	-0,0049809068	-0,0036763637
41774	405,78516	-1	-1,0937433	-0,019843061	-0,0065012234	-0,0049557332	-0,0037450586
41774	406,28516	-1	-1,0560192	-0,019437389	-0,006362367	-0,0049374308	-0,0036179961
41774	406,78516	-1	-1,0429956	-0,019537214	-0,0063346685	-0,0049620606	-0,003613262
41774	407,28516	-1,1354492	-1,0778923	-0,019726519	-0,0064268759	-0,0049221572	-0,0035820811
41774	407,78516	-2,0854492	-2,0918436	-0,029465765	-0,0082211923	-0,0057385862	-0,004019998
41774	408,28516	-3,0354493	-2,8476436	-0,036407623	-0,009475478	-0,0065108091	-0,0042765322
41774	408,78516	-3,9854491	-3,4548771	-0,041920681	-0,010454736	-0,0071480572	-0,0046374602
41774	409,28516	-4,9354491	-5,095273	-0,053211592	-0,012878354	-0,0089281984	-0,0055982629
41774	409,78516	-5,8854489	-5,9973764	-0,059857652	-0,014195095	-0,010013044	-0,0062510017
41774	410,28516	-6,8354492	-6,9278116	-0,066036321	-0,015499911	-0,010967504	-0,0069779647
41774	410,78516	-7,785449	-7,9124913	-0,072107926	-0,01683275	-0,012018239	-0,0076432084
41774	411,28516	-8,7354488	-8,9739304	-0,078459084	-0,018126914	-0,013191227	-0,0085096899
41774	411,78516	-9,6854486	-9,8777466	-0,083043337	-0,019325174	-0,014155054	-0,0093028899
41774	412,28516	-10,635449	-10,800925	-0,088057645	-0,020456716	-0,015109837	-0,010020957
41774	412,78516	-11,585449	-11,779991	-0,092761338	-0,021545056	-0,016119601	-0,010720665
41774	413,28516	-12,535449	-12,774147	-0,097626776	-0,022605132	-0,017045686	-0,011537903
41774	413,78516	-13,485449	-13,688306	-0,10164103	-0,023713563	-0,018035868	-0,012368027
41774	414,28516	-14,435449	-14,669318	-0,10646605	-0,02475163	-0,018965015	-0,013205084
41774	414,78516	-15,385449	-15,550126	-0,11026985	-0,025662467	-0,019798294	-0,013897297
41774	415,28516	-16,335449	-16,461151	-0,11425906	-0,026653118	-0,020645089	-0,014648154
41774	415,78516	-17,285448	-17,464592	-0,118884	-0,027690133	-0,021583486	-0,015572678
41774	416,28516	-18,235449	-18,395987	-0,1224509	-0,028607771	-0,022482313	-0,016257318
41774	416,78516	-19,18545	-19,470726	-0,12661028	-0,029701032	-0,02344653	-0,017200969
41774	417,28516	-20,135448	-20,275822	-0,13023946	-0,03044812	-0,024218375	-0,017721487
41774	417,78516	-21,085449	-21,224051	-0,13370448	-0,031424034	-0,025037499	-0,018580224
41774	418,28516	-22,035448	-22,203884	-0,13773194	-0,032376967	-0,025949264	-0,019273316
41774	418,78516	-22,985449	-23,163919	-0,14174978	-0,033296794	-0,026823513	-0,020187208
41774	419,28516	-23,93545	-24,061354	-0,14500332	-0,034160059	-0,027568452	-0,020737998
41774	419,78516	-24,885448	-25,042791	-0,14842331	-0,035130113	-0,02839073	-0,021533405
41774	420,28516	-25,835449	-25,8755	-0,15221135	-0,035846185	-0,029195994	-0,02223416
41774	420,78516	-26,785448	-26,945015	-0,15567185	-0,036844626	-0,030093282	-0,023169836
41774	421,28516	-27,735449	-27,91046	-0,15906167	-0,037722006	-0,030822497	-0,023776174
41774	421,78516	-28,68545	-28,807734	-0,1622906	-0,038506396	-0,03155658	-0,024534637
41774	422,28516	-29,635448	-29,726965	-0,16554581	-0,039315186	-0,032372836	-0,025257703
41774	422,78516	-30,585449	-30,646322	-0,16899763	-0,040149089	-0,033125069	-0,025981368
41774	423,28516	-31,535448	-31,661327	-0,17275546	-0,041071687	-0,033978939	-0,026715685
41774	423,78516	-32,485447	-32,611771	-0,17562033	-0,041807115	-0,034735437	-0,027489752
41774	424,28516	-33,435448	-33,535137	-0,17917114	-0,042682298	-0,035492256	-0,028219393
41774	424,78516	-34,385448	-34,552551	-0,18263394	-0,04344191	-0,036306638	-0,029031467
41774	425,28516	-35,335449	-35,454937	-0,18541618	-0,044258844	-0,037004508	-0,029749746
41774	425,78516	-36,28545	-36,442856	-0,18875222	-0,045126483	-0,037872136	-0,030393867
41774	426,28516	-37,235447	-37,267227	-0,19143774	-0,045790657	-0,038488641	-0,031027323
41774	426,78516	-38,185448	-38,287876	-0,19484949	-0,046668094	-0,039249882	-0,031846054
41774	427,28516	-39,135448	-39,127655	-0,19773299	-0,047448266	-0,039883059	-0,032528356
41774	427,78516	-40,085449	-40,125389	-0,20097341	-0,048245504	-0,040724032	-0,033178125
41774	428,28516	-41,03545	-41,178417	-0,20409417	-0,049050342	-0,041467357	-0,033930857
41774	428,78516	-41,985447	-41,994488	-0,20715027	-0,049767748	-0,042203084	-0,034694578
41774	429,28516	-42,935448	-43,130554	-0,21056046	-0,050657928	-0,04304409	-0,035515416
41774	429,78516	-43,885448	-44,05632	-0,21354851	-0,051507235	-0,043622002	-0,03611315
41774	430,28516	-44,835449	-44,938591	-0,21608481	-0,052159987	-0,044330899	-0,036787324
41774	430,78516	-45,78545	-45,913265	-0,21903729	-0,052974772	-0,045106504	-0,0375701
41774	431,28516	-46,735447	-46,903667	-0,22228402	-0,053772416	-0,045895532	-0,038244989
41774	431,78516	-47,685448	-47,865582	-0,22541516	-0,054519977	-0,046635278	-0,039020594
41774	432,28516	-48,635448	-48,693485	-0,22790155	-0,055202659	-0,047253907	-0,039531637
41774	432,78516	-49,585449	-49,680573	-0,23064557	-0,055963695	-0,047894854	-0,040189911
41774	433,28516	-50,53545	-50,685219	-0,23377389	-0,056746494	-0,048763972	-0,041051827
41774	433,78516	-51,485447	-51,674706	-0,23651002	-0,057475053	-0,049409583	-0,041816328
41774	434,28516	-52,435448	-52,439117	-0,23913243	-0,058086649	-0,049875677	-0,042280231
41774	434,78516	-53,385448	-53,547302	-0,24255431	-0,05901058	-0,050672185	-0,043084923
41774	435,28516	-54,335449	-54,477558	-0,24491259	-0,059745751	-0,051418949	-0,043843959
41774	435,78516	-55,28545	-55,426575	-0,24808757	-0,060423017	-0,052208483	-0,044566352
41774	436,28516	-56,235447	-56,366108	-0,25066441	-0,061211038	-0,052828375	-0,045139611
41774	436,78516	-57,185448	-57,303947	-0,25325245	-0,061842691	-0,053506158	-0,045793943
41774	437,28516	-58,135448	-58,195511	-0,2565591	-0,062598921	-0,054213066	-0,046496201
41774	437,78516	-59,085449	-59,136589	-0,25917903	-0,063252389	-0,054883681	-0,047144361
41774	438,28516	-60,03545	-60,141861	-0,26163241	-0,064052761	-0,05556871	-0,047872685
41774	438,78516	-60,985447	-61,011955	-0,26426846	-0,064656295	-0,056232147	-0,0483604
41774	439,28516	-61,935448	-62,097305	-0,26738033	-0,065478407	-0,056954656	-0,049096707
41774	439,78516	-62,885448	-62,999023	-0,27005687	-0,066155411	-0,057597205	-0,049809933
41774	440,28516	-63,835449	-63,955387	-0,27275893	-0,066843912	-0,058245003	-0,050612655
41774	440,78516	-64,785446	-64,824585	-0,27554199	-0,067476988	-0,058861632	-0,051133756
41774	441,28516	-65,735451	-65,838669	-0,27783477	-0,068176046	-0,059642434	-0,051807821
41774	441,78516	-66,685448	-66,74115	-0,28083694	-0,068838216	-0,060231861	-0,052392915
41774	442,28516	-67,635445	-67,767387	-0,2835367	-0,069636196	-0,060956221	-0,053202048
41774	442,78516	-68,585449	-68,577072	-0,28601664	-0,070214815	-0,061520204	-0,05374461
41774	443,28516	-69,535446	-69,707436	-0,28893229	-0,07104212	-0,062386259	-0,054441277
41774	443,78516	-70,485451	-70,550919	-0,29126492	-0,07163243	-0,062844485	-0,055059548
41774	444,28516	-71,435448	-71,606026	-0,29432306	-0,072381578	-0,063640721	-0,05575585
41774	444,78516	-72,385445	-72,373375	-0,29649392	-0,072940104	-0,064100824	-0,056376774
41774	445,28516	-73,335449	-73,420586	-0,29937184	-0,073692769	-0,064953893	-0,057155725
41774	445,78516	-74,285446	-74,412514	-0,30196512	-0,074425511	-0,065523855	-0,057709981
41774	446,28516	-75,235451	-75,283783	-0,30414259	-0,075040422	-0,066161893	-0,05830789
41774	446,78516	-76,185448	-76,201599	-0,3066982	-0,075750247	-0,066867039	-0,058898158
41774	447,28516	-77,135445	-77,26403	-0,30950412	-0,076419376	-0,067595169	-0,059682477
41774	447,78516	-78,085449	-78,251305	-0,31221354	-0,077169679	-0,068174541	-0,060178529
41774	448,28516	-79,035446	-79,126419	-0,31461099	-0,077802733	-0,068752721	-0,060852509
41774	448,78516	-79,985451	-80,184456	-0,31741619	-0,078536108	-0,069576249	-0,061575677
41774	449,28516	-80,935448	-80,971809	-0,31944114	-0,079085268	-0,070041731	-0,06213953
41774	449,78516	-81,885445	-82,040489	-0,32292333	-0,079842322	-0,070733443	-0,062917575
41774	450,28516	-82,835449	-82,970573	-0,32492906	-0,080527157	-0,07142064	-0,063486435
41774	450,78516	-83,785446	-83,962769	-0,32767251	-0,081155136	-0,072119445	-0,064130336
41774	451,28516	-84,735451	-84,844009	-0,32967839	-0,081861392	-0,072691068	-0,064803332
41774	451,78516	-85,685448	-85,75045	-0,33244395	-0,08238779	-0,07331194	-0,065364353
41774	452,28516	-86,635445	-86,750282	-0,33513802	-0,083098136	-0,073958591	-0,066018365
41774	452,78516	-87,585449	-87,687286	-0,33750921	-0,083730757	-0,074618071	-0,066624187
41774	453,28516	-88,535446	-88,616951	-0,3400434	-0,084405378	-0,07523945	-0,067295395
41774	453,78516	-89,485451	-89,657753	-0,34258401	-0,085183352	-0,07588581	-0,067920655
41774	454,28516	-90,435448	-90,407928	-0,34446719	-0,085670292	-0,076414973	-0,068524271
41774	454,78516	-91,385445	-91,628792	-0,3473672	-0,086499207	-0,077192649	-0,069124848
41774	455,28516	-92,335449	-92,345718	-0,34935239	-0,086998776	-0,077676207	-0,069650523
41774	455,78516	-93,285446	-93,330223	-0,35199037	-0,087682404	-0,078372553	-0,070363
41774	456,28516	-94,235451	-94,358803	-0,35486507	-0,088421032	-0,079092346	-0,07106512
41774	456,78516	-95,185448	-95,234482	-0,35728285	-0,089042708	-0,079619184	-0,071679428
41774	457,28516	-96,135445	-96,185066	-0,35917258	-0,089600004	-0,08023306	-0,072191864
41774	457,78516	-97,085449	-97,199417	-0,361837	-0,090308338	-0,080911286	-0,072843641
41774	458,28516	-98,035446	-98,079971	-0,36449108	-0,09091197	-0,08150968	-0,073445491
41774	458,78516	-98,985451	-99,088898	-0,36721021	-0,091598131	-0,082252815	-0,074180163
41774	459,28516	-99,935448	-99,871033	-0,36916056	-0,092262022	-0,082703926	-0,074618697
41774	459,78516	-100,88544	-100,95973	-0,37200913	-0,092936225	-0,083373651	-0,075245038
41774	460,28516	-101,83545	-101,99868	-0,3741481	-0,093595907	-0,083994642	-0,076022558
41774	460,78516	-102,78545	-102,90475	-0,37685513	-0,094234578	-0,084746987	-0,076675735
41774	461,28516	-103,73545	-103,845	-0,37875414	-0,094832815	-0,085344866	-0,077243142
41774	461,78516	-104,68545	-104,7891	-0,38139907	-0,095444016	-0,085888028	-0,077924736
41774	462,28516	-105,63544	-105,66023	-0,38334566	-0,096102677	-0,086515747	-0,078472361
41774	462,78516	-106,58545	-106,6031	-0,38568059	-0,096745424	-0,087134719	-0,079068571
41774	463,28516	-107,53545	-107,6431	-0,3885656	-0,097582012	-0,087751031	-0,079817228
41774	463,78516	-108,48545	-108,45823	-0,39065146	-0,098075174	-0,08832486	-0,080200918
41774	464,28516	-109,43545	-109,58212	-0,39345062	-0,098795407	-0,089035347	-0,081004836
41774	464,78516	-110,38544	-110,47736	-0,39495572	-0,099367425	-0,089620978	-0,081558339
41774	465,28516	-111,33545	-111,55224	-0,39800483	-0,10014538	-0,090336382	-0,08224912
41774	465,78516	-112,28545	-112,32925	-0,4002561	-0,10068762	-0,090880901	-0,082946666
41774	466,28516	-113,23545	-113,38138	-0,40281487	-0,10141529	-0,091558829	-0,083491638
41774	466,78516	-113,8	-113,80783	-0,40373498	-0,10176136	-0,091946051	-0,083785288
41774	467,28516	-113,8	-113,89541	-0,40431398	-0,10187489	-0,092045337	-0,083998799
41774	467,78516	-113,8	-113,85965	-0,40492228	-0,10191817	-0,092089072	-0,083950721
41774	468,28516	-113,8	-113,92876	-0,40504679	-0,1020491	-0,092212528	-0,084024303
41774	468,78516	-113,8	-113,8026	-0,40488365	-0,10199364	-0,092240013	-0,084076129
41774	469,28516	-113,8	-113,78416	-0,40503842	-0,10203691	-0,092201933	-0,084191658
41774	469,78516	-113,8	-113,83088	-0,40538704	-0,10205682	-0,092286266	-0,084187724
41774	470,28516	-113,8	-113,81641	-0,40530491	-0,10211151	-0,09233354	-0,084233396
41774	470,78516	-113,8	-113,92678	-0,40518937	-0,10220844	-0,09236531	-0,084246159
41774	471,28516	-113,8	-113,92552	-0,4056772	-0,10220166	-0,092433378	-0,084304415
41774	471,78516	-113,8	-113,85648	-0,40554565	-0,10220591	-0,092466377	-0,084359169
41774	472,28516	-113,8	-113,90293	-0,40545651	-0,10223804	-0,092430815	-0,084331162
41774	472,78516	-113,8	-113,82133	-0,40585098	-0,10230207	-0,092412524	-0,084245779
41774	473,28516	-113,8	-113,89314	-0,40580839	-0,10235846	-0,092485845	-0,084361352
41774	473,78516	-113,8	-113,80192	-0,40550643	-0,10227063	-0,092469499	-0,084433682
41774	474,28516	-113,8	-113,85606	-0,40574044	-0,10238007	-0,092565283	-0,084348135
41774	474,78516	-113,8	-113,78371	-0,40607598	-0,10228197	-0,092561074	-0,08451958
41774	475,28516	-113,8	-113,92367	-0,40612566	-0,10241938	-0,092652835	-0,084461413
41774	475,78516	-113,8	-113,81178	-0,40613461	-0,10232999	-0,09260603	-0,084434815
41774	476,28516	-113,8	-113,79493	-0,40603068	-0,10237733	-0,092628941	-0,084426083
41774	476,78516	-113,8	-113,89175	-0,40585014	-0,10243591	-0,092752092	-0,084562927
41774	477,28516	-113,8	-113,81614	-0,40618062	-0,10244748	-0,092628688	-0,084481522
41774	477,78516	-113,8	-113,7716	-0,40592125	-0,10252441	-0,092617959	-0,084479868
41774	478,28516	-113,8	-113,83077	-0,40593475	-0,10254265	-0,092728607	-0,084516801
41774	478,78516	-113,8	-113,90581	-0,4064413	-0,10260946	-0,092730373	-0,084579192
41774	479,28516	-113,8	-113,85075	-0,40651903	-0,10257624	-0,092775516	-0,084572859
41774	479,78516	-113,8	-113,93502	-0,40655497	-0,10261471	-0,092862859	-0,084546283
41774	480,28516	-113,8	-113,93654	-0,40644443	-0,10265382	-0,092752844	-0,084672384
41774	480,78516	-113,8	-113,75723	-0,40625834	-0,10254548	-0,092766479	-0,084496848
41774	481,28516	-113,8	-113,78012	-0,40652332	-0,10260033	-0,092818111	-0,084563531
41774	481,78516	-113,8	-113,91714	-0,40681708	-0,10266078	-0,092894092	-0,084598504
41774	482,28516	-113,8	-113,83462	-0,40674925	-0,10262721	-0,092823401	-0,084584117
41774	482,78516	-113,8	-113,90066	-0,40618506	-0,10268933	-0,0929299	-0,08466813
41774	483,28516	-113,8	-113,82533	-0,40638399	-0,10264458	-0,092877664	-0,084598638
41774	483,78516	-113,8	-113,89486	-0,40668848	-0,10266826	-0,092883468	-0,084783174
41774	484,28516	-113,8	-113,86118	-0,40667763	-0,10272373	-0,092868946	-0,084656134
41774	484,78516	-113,8	-113,87482	-0,40685761	-0,10275663	-0,092913091	-0,08473096
41774	485,28516	-113,8	-113,82893	-0,40665805	-0,10279104	-0,092849448	-0,084777631
41774	485,78516	-113,8	-113,7761	-0,40678835	-0,10266714	-0,092922412	-0,08476945
41774	486,28516	-113,8	-113,73154	-0,40636885	-0,10271224	-0,092859857	-0,084694199
41774	486,78516	-113,8	-113,85967	-0,40669104	-0,10273723	-0,092917427	-0,08470919
41774	487,28516	-113,8	-113,98106	-0,4068853	-0,10288256	-0,093026638	-0,084790036
41774	487,78516	-113,8	-113,91201	-0,406611	-0,10285888	-0,09299317	-0,084847741
41774	488,28516	-113,8	-113,83132	-0,40679654	-0,10281181	-0,093059175	-0,084815487
41774	488,78516	-113,8	-113,91544	-0,40683985	-0,102922	-0,093098968	-0,084948368
41774	489,28516	-113,8	-113,91516	-0,40705284	-0,10285581	-0,093025148	-0,084803961
41774	489,78516	-113,8	-113,90075	-0,40723363	-0,10288616	-0,093005732	-0,084774159
41774	490,28516	-113,8	-113,91866	-0,40708286	-0,10289514	-0,09310241	-0,084837906
41774	490,78516	-113,8	-113,9453	-0,40688205	-0,10291187	-0,093065336	-0,084872231
41774	491,28516	-113,8	-114,02438	-0,40732279	-0,10298957	-0,09317217	-0,085059598
41774	491,78516	-113,8	-113,75886	-0,40678951	-0,10285102	-0,092932865	-0,084823973
41774	492,28516	-113,8	-113,74662	-0,40710086	-0,10286183	-0,092989877	-0,084778972
41774	492,78516	-113,8	-113,85444	-0,40687743	-0,10290602	-0,093040094	-0,084838405
41774	493,28516	-113,8	-113,78929	-0,40709704	-0,10285453	-0,093027025	-0,084904633
41774	493,78516	-113,8	-113,76984	-0,4071216	-0,10285757	-0,093003012	-0,084966324
41774	494,28516	-113,8	-113,91019	-0,40704316	-0,10299265	-0,0930508	-0,084925048
41774	494,78516	-113,8	-113,89754	-0,40705839	-0,10297196	-0,092990465	-0,0849066
41774	495,28516	-113,8	-113,91223	-0,40699887	-0,10298368	-0,093063295	-0,084984474
41774	495,78516	-113,8	-113,86077	-0,40706873	-0,10297947	-0,093023315	-0,084910251
41774	496,28516	-113,8	-113,85073	-0,40732369	-0,10301063	-0,093093425	-0,084834181
41774	496,78516	-112,82344	-112,91593	-0,40530914	-0,10245492	-0,092511371	-0,084302954
41774	497,28516	-110,32344	-110,29895	-0,3995342	-0,10085405	-0,091056451	-0,082890458
41774	497,78516	-107,82344	-107,86097	-0,39392161	-0,099438481	-0,089563772	-0,081466474
41774	498,28516	-105,32344	-105,24564	-0,38849476	-0,097807005	-0,08817634	-0,080006354
41774	498,78516	-102,82344	-102,83158	-0,38265836	-0,096414044	-0,086636089	-0,078498274
41774	499,28516	-100,32344	-100,45623	-0,37707865	-0,094964966	-0,085218273	-0,077071249
41774	499,78516	-97,823441	-97,828331	-0,371223	-0,093368687	-0,083708644	-0,075458199
41774	500,28516	-95,323441	-95,206955	-0,36510447	-0,091721229	-0,082186818	-0,073919773
41774	500,78516	-92,823441	-92,70813	-0,35939977	-0,090151876	-0,080629766	-0,072412804
41774	501,28516	-90,323441	-90,033447	-0,35296103	-0,088486418	-0,079007283	-0,070844434
41774	501,78516	-87,823441	-87,876038	-0,34745315	-0,0870976	-0,077733442	-0,069498427
41774	502,28516	-85,323441	-85,327583	-0,34150782	-0,085539833	-0,076106049	-0,067923829
41774	502,78516	-82,823441	-82,815804	-0,3356348	-0,083858833	-0,074535102	-0,06629689
41774	503,28516	-80,323441	-80,261002	-0,32937664	-0,082260258	-0,072909236	-0,064899735
41774	503,78516	-77,823441	-77,749573	-0,32302436	-0,080625236	-0,071320496	-0,063186161
41774	504,28516	-75,323441	-75,325943	-0,31661215	-0,079004623	-0,069776908	-0,061586123
41774	504,78516	-72,823441	-72,810394	-0,31073296	-0,077392034	-0,068194024	-0,06007345
41774	505,28516	-70,323441	-70,226532	-0,30381131	-0,075624011	-0,066418663	-0,05845632
41774	505,78516	-67,823441	-67,797226	-0,29717892	-0,07394398	-0,064908013	-0,056802243
41774	506,28516	-65,323441	-65,290672	-0,2907072	-0,07220614	-0,063139349	-0,055164021
41774	506,78516	-62,823441	-62,821831	-0,28436807	-0,070546687	-0,061536413	-0,053607985
41774	507,28516	-60,323441	-60,293297	-0,27726296	-0,068744496	-0,05980128	-0,052001879
41774	507,78516	-57,823441	-57,766026	-0,26994601	-0,066900477	-0,058144562	-0,050222479
41774	508,28516	-55,323441	-55,440983	-0,26352406	-0,065175951	-0,056486875	-0,048647664
41774	508,78516	-52,823441	-52,784405	-0,25569525	-0,06329108	-0,054644939	-0,046884414
41774	509,28516	-50,323441	-50,332066	-0,24821021	-0,061387986	-0,052880727	-0,04514695
41774	509,78516	-47,823441	-47,654366	-0,24071608	-0,059428088	-0,051004611	-0,043336805
41774	510,28516	-45,323441	-45,32188	-0,23329994	-0,057654053	-0,049347471	-0,041557238
41774	510,78516	-42,823441	-42,859142	-0,22534214	-0,055677012	-0,047529157	-0,03988453
41774	511,28516	-40,323441	-40,404091	-0,21779326	-0,053783026	-0,045612793	-0,038036782
41774	511,78516	-37,823441	-37,770851	-0,20933507	-0,051710486	-0,043614142	-0,036167789
41774	512,28516	-35,323441	-35,332066	-0,20109147	-0,04957366	-0,041775092	-0,034188189
41774	512,78516	-32,823441	-32,802013	-0,19238004	-0,047452744	-0,03968915	-0,032464389
41774	513,28516	-30,323441	-30,321362	-0,18407044	-0,045347881	-0,037663992	-0,030535439
41774	513,78516	-27,823441	-27,778481	-0,17451288	-0,043117084	-0,035607737	-0,028586626
41774	514,28516	-25,323441	-25,309933	-0,16572189	-0,04093045	-0,033389837	-0,026602395
41774	514,78516	-22,823441	-22,781866	-0,15604749	-0,038549364	-0,031240549	-0,024595102
41774	515,28516	-20,323441	-20,358475	-0,14623986	-0,036145177	-0,029004168	-0,022590576
41774	515,78516	-17,823441	-17,902948	-0,13602827	-0,033683527	-0,026615605	-0,020566944
41774	516,28516	-15,323441	-15,361684	-0,1248755	-0,030884475	-0,024168979	-0,018369779
41774	516,78516	-12,823441	-12,822164	-0,1129776	-0,028045602	-0,021570537	-0,016070556
41774	517,28516	-10,323441	-10,312829	-0,10063152	-0,025036864	-0,018764472	-0,013866659
41774	517,78516	-7,8234406	-7,8610497	-0,086593606	-0,021693887	-0,015981823	-0,011516722
41774	518,28516	-5,3234406	-5,3629856	-0,069192916	-0,017795825	-0,012764532	-0,0092447614
41774	518,78516	-2,8234406	-3,3455491	-0,051889546	-0,014023593	-0,0097969193	-0,0072078598
41774	519,28516	-1	-0,95994955	-0,024639152	-0,0080594346	-0,006256476	-0,005026693
41774	519,78516	-1	-0,76148099	-0,01967079	-0,0069210264	-0,0058723725	-0,0046042893
41774	520,28516	-1	-0,78875387	-0,019586436	-0,006862673	-0,0057022199	-0,0045341505
41774	520,78516	-1	-0,75874478	-0,019384688	-0,0066521233	-0,0055802092	-0,0043762866
41774	521,28516	-1	-0,80498868	-0,01924769	-0,0066605788	-0,0055323895	-0,0043379227
41774	521,78516	-1	-0,84520692	-0,019807253	-0,0065687476	-0,0054958109	-0,0043665427
41774	522,28516	-1	-0,89018047	-0,020168768	-0,0066791326	-0,0055553559	-0,0043953555
41774	522,78516	-1	-0,91939044	-0,020117091	-0,0067158272	-0,0054647103	-0,0043123369
41774	523,28516	-1	-0,92543662	-0,020182552	-0,0067266854	-0,0053995159	-0,0042121536
41774	523,78516	-1	-0,96299314	-0,020714372	-0,0067204884	-0,0053775944	-0,0042382441
41774	524,28516	-1	-0,92359257	-0,020036917	-0,0066247648	-0,005337486	-0,0043021333
41774	524,78516	0	0,11708774	3,8490677	-0,0031586848	-0,0046912655	-0,0032903976

Datenerfassung						Zeit:	524,90332	s	15.05.2014 11:32:51
Ch 1 Kraft	Ch 1 Weg	1944 A	1944 B	1281068
kN	mm	mm	mm	mm
0,149386	4,8414917	0,00017853919	0,00012197345	0,024039244
-115,091	-0,40792671	-0,10320929	-0,093242578	-0,085161574
