Datum : 	9.7.2014
Durchmesser :	98,7
Datum	Laufzeit	Ch 1 Kraft Sollwert	Ch 1 Kraft	Ch 1 Weg	1944 B	1281068	2157
d	s	kN	kN	mm	mm	mm	mm
41829	19,775391	-0,38596573	-0,0056084245	4,9698024	0,22682062	0,0029073723	-0,018329926
41829	20,275391	-0,77729088	-0,00012665987	4,8966928	0,22683425	0,0027845933	-0,018354654
41829	20,775391	-1,1686161	0,0046472996	4,7824783	0,22681041	0,0029217135	-0,018329784
41829	21,275391	-1,5599413	-0,043094158	4,6129942	0,22679098	0,0028015408	-0,018355522
41829	21,775391	-1,9512664	-0,0059548765	4,3648796	0,22675045	0,0028093751	-0,018363211
41829	22,275391	-2,3425915	-0,039495528	4,0356202	0,22677051	0,0028761579	-0,018390344
41829	22,775391	-2,7339168	0,0068601221	3,6236525	0,22679417	0,0028155101	-0,018313712
41829	23,275391	-3,125242	-0,035030767	3,1246438	0,22675847	0,0028718782	-0,018403947
41829	23,775391	-3,5165672	-0,0093393028	2,5399506	0,22679467	0,0027871067	-0,018335486
41829	24,275391	-3,9078925	-0,057354569	1,8461823	0,2267348	0,0028475649	-0,018380336
41829	24,775391	-3,927	-0,0044126064	1,0651886	0,2267848	0,002851272	-0,018363997
41829	25,275391	-3,927	-0,43278748	0,20956695	0,22664456	0,0024129357	-0,018202379
41829	25,775391	-3,927	-9,7089243	0,084865093	0,22149934	-0,00059488049	-0,020670621
41829	26,275391	-3,927	-8,7209167	0,087401271	0,22196205	-0,00031442317	-0,020525834
41829	26,775391	-3,927	-7,674994	0,090926886	0,22250141	2,8773386e-05	-0,020037467
41829	27,275391	-3,927	-6,7656898	0,0941962	0,22301623	0,00029763172	-0,01975983
41829	27,775391	-3,927	-6,2627587	0,096315145	0,22337504	0,00034076671	-0,019574573
41829	28,275391	-3,927	-5,7477169	0,098505616	0,2235567	0,00047889643	-0,019333709
41829	28,775391	-3,927	-5,3838511	0,1006484	0,22380684	0,00064200512	-0,019270867
41829	29,275391	-3,927	-5,1823816	0,1014635	0,22390784	0,00068579637	-0,019172702
41829	29,775391	-5,7094221	-6,0906558	-0,0038191676	-0,00050216913	-0,00029774514	-0,00044682994
41829	30,275391	-7,6594219	-8,2842875	-0,012089312	-0,0017560869	-0,0010821912	-0,0011559874
41829	30,775391	-9,6094217	-10,079691	-0,019709766	-0,0026564896	-0,0015305816	-0,0018697511
41829	31,275391	-11,559422	-11,863201	-0,02733022	-0,0035220236	-0,0020158084	-0,0024738908
41829	31,775391	-13,509422	-13,718376	-0,034822524	-0,0044609308	-0,0028017641	-0,003085373
41829	32,275391	-15,459422	-15,66931	-0,042660534	-0,0054754317	-0,0034715126	-0,0038737599
41829	32,775391	-17,409422	-17,636963	-0,049100816	-0,0063250661	-0,0042771637	-0,004575016
41829	33,275391	-19,359423	-19,340988	-0,055320561	-0,0071918815	-0,0049119256	-0,0052579101
41829	33,775391	-21,309422	-21,302752	-0,061888993	-0,0080263466	-0,0057088425	-0,0059492104
41829	34,275391	-23,259422	-23,36997	-0,068305433	-0,008879751	-0,0065445499	-0,0068197995
41829	34,775391	-25,209423	-25,33585	-0,075395405	-0,0097679347	-0,0072877128	-0,007492397
41829	35,275391	-27,159422	-27,166485	-0,080573559	-0,010571703	-0,0081286924	-0,0083051538
41829	35,775391	-29,109423	-29,091488	-0,08675307	-0,011449173	-0,0089039896	-0,0089997202
41829	36,275391	-31,059423	-31,081312	-0,092484057	-0,012234136	-0,0097157182	-0,0098302364
41829	36,775391	-33,009422	-33,013805	-0,098371506	-0,01302202	-0,01059251	-0,010546346
41829	37,275391	-34,959423	-35,024132	-0,10440946	-0,0138392	-0,011430582	-0,011449062
41829	37,775391	-36,909424	-36,810673	-0,10921061	-0,014669478	-0,012339359	-0,012056061
41829	38,275391	-38,859425	-38,873653	-0,11477321	-0,01544255	-0,01314746	-0,013052782
41829	38,775391	-40,809422	-40,839409	-0,12101829	-0,016293332	-0,013979452	-0,01369379
41829	39,275391	-42,759422	-42,814087	-0,1268357	-0,017025411	-0,014887488	-0,014601147
41829	39,775391	-44,709423	-44,660847	-0,13203174	-0,017840281	-0,015571168	-0,015254837
41829	40,275391	-46,659424	-46,72578	-0,13729781	-0,018685862	-0,016556226	-0,016140565
41829	40,775391	-48,609425	-48,585167	-0,14260709	-0,019479826	-0,017450038	-0,016917806
41829	41,275391	-50,559422	-50,489037	-0,14753193	-0,020295754	-0,018251153	-0,01776267
41829	41,775391	-52,509422	-52,436012	-0,15231371	-0,021014675	-0,019205697	-0,018468022
41829	42,275391	-54,459423	-54,455864	-0,15863925	-0,021920979	-0,020023037	-0,019346787
41829	42,775391	-56,409424	-56,412914	-0,16274601	-0,022657081	-0,020892549	-0,020109301
41829	43,275391	-58,359425	-58,340775	-0,16805381	-0,023508072	-0,021843426	-0,020977359
41829	43,775391	-60,309422	-60,263252	-0,17366558	-0,024254888	-0,02264489	-0,021659071
41829	44,275391	-62,259422	-62,188122	-0,1782164	-0,025149137	-0,023569334	-0,022518761
41829	44,775391	-64,209427	-64,143394	-0,18304437	-0,025856405	-0,024328573	-0,023323212
41829	45,275391	-66,159424	-66,11042	-0,18842667	-0,026704058	-0,025301015	-0,024155211
41829	45,775391	-68,109421	-68,009033	-0,19255877	-0,027456239	-0,026162028	-0,024898697
41829	46,275391	-70,059425	-69,902237	-0,19867569	-0,028208047	-0,02703486	-0,025710914
41829	46,775391	-72,009422	-72,003258	-0,20321757	-0,029017165	-0,027911959	-0,026493531
41829	47,275391	-73,959427	-73,900772	-0,20736903	-0,029732451	-0,02886555	-0,027370181
41829	47,775391	-75,909424	-75,791321	-0,21326691	-0,030560046	-0,029713463	-0,028133154
41829	48,275391	-77,859421	-77,853584	-0,21750927	-0,031302422	-0,030632684	-0,02901102
41829	48,775391	-79,809425	-79,817505	-0,22257268	-0,032060713	-0,031490363	-0,02985247
41829	49,275391	-80,911865	-80,973915	-0,22554398	-0,032548428	-0,032076132	-0,030313389
41829	49,775391	-78,961868	-78,975967	-0,22170991	-0,031712741	-0,03125165	-0,029626762
41829	50,275391	-77,011864	-76,887001	-0,21773726	-0,030828148	-0,030343706	-0,028762594
41829	50,775391	-75,061867	-74,968674	-0,21338016	-0,030075639	-0,029670484	-0,028082382
41829	51,275391	-73,11187	-72,943909	-0,20950586	-0,029199228	-0,028779456	-0,027249169
41829	51,775391	-71,161865	-71,003021	-0,2050519	-0,028375432	-0,027998269	-0,026537126
41829	52,275391	-69,211868	-68,9655	-0,20079315	-0,027606115	-0,027072685	-0,025664562
41829	52,775391	-67,261864	-67,105156	-0,19635111	-0,026814848	-0,026276784	-0,024997152
41829	53,275391	-65,311867	-65,138275	-0,19242913	-0,025962085	-0,025441712	-0,024147445
41829	53,775391	-63,361866	-63,218414	-0,18723458	-0,02523604	-0,024652492	-0,02347834
41829	54,275391	-61,411865	-61,240314	-0,18339008	-0,024440855	-0,023761384	-0,022648992
41829	54,775391	-59,461864	-59,288101	-0,17885715	-0,023623988	-0,023000587	-0,021852372
41829	55,275391	-57,511868	-57,333817	-0,17409474	-0,022776395	-0,022175299	-0,021132847
41829	55,775391	-55,561867	-55,433899	-0,16940683	-0,022033677	-0,02138993	-0,020324113
41829	56,275391	-53,611866	-53,491009	-0,16420633	-0,021258146	-0,020531904	-0,019691115
41829	56,775391	-51,661865	-51,435932	-0,16034544	-0,020475909	-0,019564804	-0,018779565
41829	57,275391	-49,711864	-49,536667	-0,15571117	-0,019605264	-0,018816706	-0,018002693
41829	57,775391	-47,761868	-47,577827	-0,15031695	-0,018831402	-0,017928069	-0,017247792
41829	58,275391	-45,811867	-45,61787	-0,14492273	-0,018009305	-0,017065106	-0,016454777
41829	58,775391	-43,861866	-43,586281	-0,14055967	-0,017249256	-0,016278062	-0,01562842
41829	59,275391	-41,911865	-41,747669	-0,13532639	-0,016460463	-0,015395529	-0,014819989
41829	59,775391	-39,961864	-39,798698	-0,13022721	-0,015721053	-0,01470653	-0,014058444
41829	60,275391	-38,011868	-37,788162	-0,12484044	-0,014924884	-0,013800323	-0,013174228
41829	60,775391	-36,061867	-35,810421	-0,11981428	-0,014120758	-0,012890438	-0,012343142
41829	61,275391	-34,111866	-33,885437	-0,11413395	-0,013326153	-0,012113008	-0,011519153
41829	61,775391	-32,161865	-31,983152	-0,10863543	-0,012529269	-0,011405702	-0,010673614
41829	62,275391	-30,211866	-30,032135	-0,10352433	-0,011751279	-0,010437539	-0,0098302765
41829	62,775391	-28,261866	-28,096102	-0,09765327	-0,010918766	-0,0096776159	-0,0090463581
41829	63,275391	-26,311865	-26,130602	-0,091212988	-0,010083258	-0,0088593932	-0,0082667284
41829	63,775391	-24,361866	-24,245647	-0,086407363	-0,0093402267	-0,0081339255	-0,0074495915
41829	64,275391	-22,411865	-22,236059	-0,080032647	-0,0083494633	-0,0072404952	-0,0065957122
41829	64,775391	-20,461864	-20,241741	-0,073562562	-0,0075341463	-0,0065057115	-0,0057529807
41829	65,275391	-18,511866	-18,370996	-0,067059696	-0,0066849142	-0,0057467832	-0,0050524585
41829	65,775391	-16,561865	-16,427904	-0,061054528	-0,0056236684	-0,0048656934	-0,0042543821
41829	66,275391	-14,611865	-14,425751	-0,053170323	-0,0045590997	-0,0041479818	-0,0034901332
41829	66,775391	-12,661865	-12,493168	-0,046014786	-0,0035262406	-0,003420454	-0,0027964842
41829	67,275391	-10,711865	-10,562562	-0,037683547	-0,0023941845	-0,0027482999	-0,0020826869
41829	67,775391	-8,7618647	-8,6105766	-0,029028952	-0,0012774318	-0,002187452	-0,0014973842
41829	68,275391	-6,8118649	-6,5951219	-0,019623339	8,4027648e-05	-0,0015122341	-0,00082237646
41829	68,775391	-4,861865	-4,8315654	-0,010041893	0,0013308376	-0,0009717659	-0,00028341264
41829	69,275391	-4,9248514	-4,5362711	-0,0069081783	0,0017319322	-0,00079768477	-0,00012855791
41829	69,775391	-6,8748517	-6,5756998	-0,016275048	0,00059308112	-0,0013285228	-0,00079369918
41829	70,275391	-8,824852	-8,6772966	-0,026001036	-0,00049076974	-0,0019971058	-0,0014352221
41829	70,775391	-10,774852	-10,639853	-0,034093857	-0,0015104413	-0,0026479545	-0,0021122452
41829	71,275391	-12,724852	-12,575231	-0,041863322	-0,0024278015	-0,0034840875	-0,002686644
41829	71,775391	-14,674851	-14,581965	-0,049252808	-0,0033260733	-0,004109249	-0,0034977105
41829	72,275391	-16,624851	-16,49781	-0,055861473	-0,0043093115	-0,0047607413	-0,0041105282
41829	72,775391	-18,574852	-18,588064	-0,062346458	-0,0052999705	-0,005655014	-0,0049236175
41829	73,275391	-20,524853	-20,44821	-0,068484247	-0,0061315149	-0,0063538128	-0,005567627
41829	73,775391	-22,474852	-22,424892	-0,074733794	-0,0070307106	-0,0072275926	-0,0063658301
41829	74,275391	-24,424852	-24,327578	-0,081059337	-0,0077925175	-0,0080060875	-0,0070508737
41829	74,775391	-26,374851	-26,376034	-0,086703897	-0,008643806	-0,0087885018	-0,0078402329
41829	75,275391	-28,324852	-28,23699	-0,092045963	-0,0094898492	-0,0095971646	-0,008563295
41829	75,775391	-30,274853	-30,14653	-0,097846985	-0,010189787	-0,01042029	-0,0093047554
41829	76,275391	-32,224854	-32,197906	-0,10351241	-0,011083156	-0,011381576	-0,010097907
41829	76,775391	-34,17485	-34,123253	-0,10845065	-0,011925191	-0,012116804	-0,010868987
41829	77,275391	-36,124851	-36,049225	-0,11454821	-0,01262629	-0,012931139	-0,011596227
41829	77,775391	-38,074852	-37,984573	-0,12030452	-0,013477609	-0,013840725	-0,012355412
41829	78,275391	-40,024853	-39,883984	-0,12428761	-0,014188975	-0,01469749	-0,013070498
41829	78,775391	-41,974854	-41,950645	-0,12994558	-0,015110135	-0,015518458	-0,013841477
41829	79,275391	-43,924854	-43,842968	-0,13501793	-0,01586403	-0,016410634	-0,01467398
41829	79,775391	-45,874851	-45,829597	-0,13985783	-0,016724512	-0,017156499	-0,015432498
41829	80,275391	-47,824852	-47,902836	-0,14575273	-0,017535657	-0,018161919	-0,016211703
41829	80,775391	-49,774853	-49,689785	-0,14926493	-0,018264964	-0,018892147	-0,016957421
41829	81,275391	-51,724854	-51,689835	-0,15552938	-0,019068107	-0,019756835	-0,017752027
41829	81,775391	-53,674854	-53,615807	-0,16042292	-0,019858509	-0,020681938	-0,018519146
41829	82,275391	-55,624851	-55,478409	-0,16368777	-0,020603746	-0,021388225	-0,019239239
41829	82,775391	-57,574852	-57,50565	-0,16980916	-0,02147083	-0,022408402	-0,020112798
41829	83,275391	-59,524853	-59,429737	-0,17451793	-0,022216797	-0,023158606	-0,020767514
41829	83,775391	-61,474854	-61,470932	-0,17984807	-0,023061112	-0,024090268	-0,021633951
41829	84,275391	-63,424854	-63,319775	-0,18475354	-0,023795292	-0,024974382	-0,022323309
41829	84,775391	-65,374855	-65,261322	-0,18885583	-0,024600103	-0,025776053	-0,023214815
41829	85,275391	-67,324852	-67,309837	-0,19408762	-0,02536355	-0,026681291	-0,023932666
41829	85,775391	-69,274857	-69,244797	-0,19854605	-0,026215896	-0,027593294	-0,024769703
41829	86,275391	-71,224854	-71,105423	-0,20297468	-0,026986197	-0,028280653	-0,025433274
41829	86,775391	-73,17485	-73,130676	-0,2083689	-0,027747035	-0,02928929	-0,026296774
41829	87,275391	-75,124855	-75,055252	-0,21298975	-0,028574631	-0,030087249	-0,027027979
41829	87,775391	-77,074852	-77,007027	-0,21777898	-0,029405519	-0,031063408	-0,027862296
41829	88,275391	-75,792778	-75,767342	-0,21538883	-0,028944761	-0,030414034	-0,027398001
41829	88,775391	-73,842773	-73,754585	-0,21061301	-0,028059781	-0,02959675	-0,026685243
41829	89,275391	-71,892776	-71,749176	-0,20642877	-0,027297959	-0,028883237	-0,025858164
41829	89,775391	-69,942772	-69,802879	-0,20273626	-0,026457787	-0,027906371	-0,025083885
41829	90,275391	-67,992775	-67,817726	-0,19831508	-0,025688529	-0,027171148	-0,024290524
41829	90,775391	-66,042778	-65,837044	-0,19379407	-0,024861589	-0,026348092	-0,023568418
41829	91,275391	-64,092773	-63,931831	-0,18977374	-0,024077103	-0,025440462	-0,022754995
41829	91,775391	-62,142776	-61,970722	-0,18521547	-0,023291513	-0,024696445	-0,022017609
41829	92,275391	-60,192776	-60,003872	-0,18074512	-0,022466734	-0,023784257	-0,021279212
41829	92,775391	-58,242775	-58,185238	-0,17561466	-0,021747932	-0,023062475	-0,020539301
41829	93,275391	-56,292774	-56,156067	-0,17175823	-0,020942047	-0,022163285	-0,019744424
41829	93,775391	-54,342773	-54,182896	-0,16709119	-0,020114154	-0,021281119	-0,018966887
41829	94,275391	-52,392773	-52,22237	-0,16229302	-0,019357815	-0,020454329	-0,018107403
41829	94,775391	-50,442776	-50,245277	-0,15801936	-0,018508717	-0,019555746	-0,017449215
41829	95,275391	-48,492775	-48,361633	-0,15298277	-0,017749056	-0,018781396	-0,016636554
41829	95,775391	-46,542774	-46,246426	-0,1479879	-0,016892046	-0,017898163	-0,015882153
41829	96,275391	-44,592773	-44,288841	-0,14288872	-0,016099393	-0,016962675	-0,015046609
41829	96,775391	-42,642773	-42,411812	-0,13826191	-0,015317246	-0,016279493	-0,014314092
41829	97,275391	-40,692776	-40,470345	-0,13263822	-0,014526799	-0,015431924	-0,01346692
41829	97,775391	-38,742775	-38,477448	-0,12754053	-0,013793588	-0,014486934	-0,012688227
41829	98,275391	-36,792774	-36,563889	-0,12302399	-0,01302515	-0,013755525	-0,011805915
41829	98,775391	-34,842773	-34,745819	-0,11790395	-0,012233302	-0,012907967	-0,011162863
41829	99,275391	-32,892773	-32,720997	-0,11174381	-0,011488229	-0,012154683	-0,010240061
41829	99,775391	-30,942774	-30,801146	-0,10624379	-0,010683358	-0,011211403	-0,0095067304
41829	100,27539	-28,992773	-28,765747	-0,10063499	-0,0098640025	-0,010372075	-0,0085829878
41829	100,77539	-27,042774	-26,891924	-0,095181167	-0,0089889616	-0,009551405	-0,0078601837
41829	101,27539	-25,092773	-24,973455	-0,08969754	-0,0081774741	-0,0086836796	-0,007063536
41829	101,77539	-23,142775	-23,043503	-0,082997978	-0,0073084831	-0,0079566762	-0,0063078627
41829	102,27539	-21,192774	-21,071554	-0,076982379	-0,0064573288	-0,0071293353	-0,0054452457
41829	102,77539	-19,242773	-19,11285	-0,070914626	-0,0055754185	-0,0062789004	-0,0047463197
41829	103,27539	-17,292774	-17,07774	-0,064271688	-0,0045927316	-0,0055372678	-0,0039063822
41829	103,77539	-15,342773	-15,140149	-0,056564808	-0,0035463423	-0,0047200304	-0,0032841899
41829	104,27539	-13,392774	-13,219195	-0,050203502	-0,0024713427	-0,0040849079	-0,0024728719
41829	104,77539	-11,442774	-11,235888	-0,042137504	-0,0014452338	-0,0032872956	-0,0019432455
41829	105,27539	-9,4927731	-9,2327471	-0,033023953	-0,00025586784	-0,0025736887	-0,0012691449
41829	105,77539	-7,5427732	-7,3942561	-0,024160743	0,00078982115	-0,0020546003	-0,00076427869
41829	106,27539	-5,5927734	-5,4492521	-0,014430285	0,0020286739	-0,0013808176	-9,3594193e-05
41829	106,77539	-3,927	-4,2025614	-0,0061243773	0,0028793812	-0,00079111097	0,00019322149
41829	107,27539	-3,927	-3,8215761	-0,0036433339	0,0032029897	-0,00065849355	0,00030480884
41829	107,77539	-3,927	-3,640892	-0,0023409724	0,0033841282	-0,00055601215	0,00040180236
41829	108,27539	-3,927	-3,7329924	-0,0023767352	0,0033474565	-0,00067156676	0,00034860522
41829	108,77539	-3,927	-3,7466829	-0,0026360154	0,0034232587	-0,00063292525	0,00038653426
41829	109,27539	-3,927	-3,7722979	-0,0031396747	0,0035294592	-0,00062786473	0,0003255289
41829	109,77539	-3,927	-3,8002338	-0,0025629997	0,0035405457	-0,00050805649	0,00040275045
41829	110,27539	-3,927	-3,8407557	-0,0036463141	0,0034479797	-0,00064117782	0,00033206493
41829	110,77539	-3,927	-3,8205981	-0,0030592084	0,0036339164	-0,00063861039	0,00042329729
41829	111,27539	-3,927	-3,830431	-0,0028192997	0,0035362989	-0,0006132336	0,00036377273
41829	111,77539	-3,927	-3,8206837	-0,0028848648	0,0036339462	-0,00054126384	0,00048573688
41829	112,27539	-3,927	-3,9008613	-0,0028595328	0,003609702	-0,00062540703	0,00040550716
41829	112,77539	-3,927	-3,811851	-0,0029563904	0,0037059039	-0,00061439368	0,00045410357
41829	113,27539	-3,927	-3,827069	-0,0031203032	0,0036925524	-0,00066243485	0,00042098947
41829	113,77539	-3,927	-3,8349237	-0,0026032329	0,0036885291	-0,0005623108	0,00042573363
41829	114,27539	-3,927	-3,8560014	-0,0021979213	0,0037070811	-0,00055120635	0,00042527914
41829	114,77539	-3,927	-3,8802624	-0,002630055	0,0036665201	-0,00062956952	0,00045439973
41829	115,27539	-3,927	-3,9179065	-0,0030398369	0,003697142	-0,00058359012	0,00039247237
41829	115,77539	-3,927	-3,8569345	-0,0021293759	0,0036953688	-0,00044949097	0,00050006062
41829	116,27539	-3,927	-3,8903897	-0,0022277236	0,0036886781	-0,00055519975	0,00043652952
41829	116,77539	-3,927	-3,8301778	-0,0027343631	0,0037475079	-0,00060085382	0,00050742738
41829	117,27539	-3,927	-3,901614	-0,0025823712	0,0036481768	-0,00058938126	0,0004484728
41829	117,77539	-3,927	-3,8323085	-0,0029236078	0,0038004369	-0,00061067916	0,00051125884
41829	118,27539	-3,927	-3,9411671	-0,0023752451	0,0037903041	-0,00054484076	0,00041558966
41829	118,77539	-3,927	-3,8510003	-0,0033512712	0,0038047135	-0,0005354337	0,00050633028
41829	119,27539	-3,927	-3,9247329	-0,0028803945	0,0037966967	-0,00058906706	0,00045504794
41829	119,77539	-3,927	-3,8869567	-0,0031560659	0,0037264824	-0,00052009051	0,00048818439
41829	120,27539	-3,927	-3,8797557	-0,0025674701	0,0037559569	-0,00055509002	0,00045579113
41829	120,77539	-3,927	-3,8707089	-0,0026106834	0,003749758	-0,00056716491	0,00051517785
41829	121,27539	-3,927	-3,8966389	-0,0024482608	0,0037523806	-0,00049525657	0,00052719004
41829	121,77539	-3,927	-3,8350263	-0,0022739172	0,0038466752	-0,00043282963	0,00052524544
41829	122,27539	-3,927	-3,8743522	-0,0026345253	0,0038182437	-0,00056203193	0,00057001784
41829	122,77539	-3,927	-3,8823037	-0,0021442771	0,0038012713	-0,00051669392	0,00045249425
41829	123,27539	-3,927	-3,8696713	-0,0022262335	0,0038370937	-0,00044164181	0,00053158402
41829	123,77539	-3,927	-3,8777907	-0,0026971102	0,0039082617	-0,00051306869	0,00047622807
41829	124,27539	-3,927	-3,8583446	-0,002874434	0,0038939118	-0,00046057679	0,0005935505
41829	124,77539	-3,927	-3,8859379	-0,0026866794	0,0038486421	-0,00056709617	0,00047242455
41829	125,27539	-3,927	-3,8570259	-0,0025674701	0,003861174	-0,00044772108	0,00053646788
41829	125,77539	-3,927	-3,8322303	-0,0020980835	0,0038677454	-0,00046297876	0,00055063516
41829	126,27539	-3,927	-3,8636978	-0,0028967857	0,0038747787	-0,00052585558	0,00054855086
41829	126,77539	-3,927	-3,9143879	-0,0027656555	0,0038484931	-0,00036906416	0,00054101646
41829	127,27539	-3,927	-3,8789418	-0,0027671456	0,0038596094	-0,00050644652	0,00056922808
41829	127,77539	-3,927	-3,7955399	-0,0021129847	0,0038829744	-0,00046110107	0,00055863336
41829	128,27539	-3,927	-3,8712509	-0,0023126602	0,0038980544	-0,00040948857	0,00053016469
41829	128,77539	-3,927	-3,8520675	-0,0020548701	0,0039074421	-0,00052974856	0,00059077516
41829	129,27539	-3,927	-3,8775709	-0,0026479363	0,0038612634	-0,00044720052	0,00051309355
41829	129,77539	-3,927	-3,8506668	-0,0022903085	0,0039380938	-0,00041717969	0,00055873394
41829	130,27539	-3,927	-3,8434212	-0,0028774142	0,0038992912	-0,00052846764	0,00055331551
41829	130,77539	-3,927	-3,847856	-0,0021502376	0,0039085597	-0,00053792307	0,00053245761
41829	131,27539	-3,927	-3,8615241	-0,0021532178	0,0038173944	-0,00053261901	0,00060869567
41829	131,77539	-3,927	-3,9256177	-0,0024989247	0,0039034039	-0,00047716559	0,00045501068
41829	132,27539	-3,927	-3,828382	-0,0024572015	0,0039702803	-0,00039958884	0,00061403215
41829	132,77539	-3,927	-3,9001777	-0,0022336841	0,0039380044	-0,00049447943	0,00049535558
41829	133,27539	-3,927	-3,8546362	-0,0020653009	0,0039641708	-0,00045335232	0,0006263908
41829	133,77539	-3,927	-3,9145014	-0,0023558736	0,0039222836	-0,0005423589	0,00056047365
41829	134,27539	-3,927	-3,8690195	-0,0025600195	0,0039630234	-0,00056945166	0,00055479258
41829	134,77539	-3,927	-3,9117298	-0,0025257468	0,00395827	-0,00049065531	0,00055991672
41829	135,27539	-3,927	-3,8085971	-0,001783669	0,0039546639	-0,00046017711	0,00060036033
41829	135,77539	-3,927	-3,777571	-0,0014975667	0,0040036291	-0,0004198791	0,00061227567
41829	136,27539	-3,927	-3,9081945	-0,0023856759	0,0039665997	-0,00042805361	0,00063189864
41829	136,77539	-4,1821756	-3,983248	-0,0020489097	0,0038806349	-0,00049047865	0,000603294
41829	137,27539	-6,1321759	-5,3930154	-0,0088378787	0,003078863	-0,00092340313	0,00014588051
41829	137,77539	-8,0821762	-7,9486165	-0,021651387	0,0016510487	-0,0018192841	-0,00058255903
41829	138,27539	-10,032176	-9,9693871	-0,029973686	0,0005864352	-0,0024883056	-0,0012550745
41829	138,77539	-11,982176	-11,949592	-0,03849864	-0,00043641031	-0,0031430977	-0,001934221
41829	139,27539	-13,932176	-14,009548	-0,046305358	-0,0015190244	-0,0038641947	-0,0026099216
41829	139,77539	-15,882176	-15,844192	-0,052647293	-0,002410084	-0,0045831464	-0,0032847356
41829	140,27539	-17,832176	-17,924629	-0,06019026	-0,0034612715	-0,0054888488	-0,0040000323
41829	140,77539	-19,782177	-19,803139	-0,066262484	-0,0043479353	-0,0062371003	-0,0047048405
41829	141,27539	-21,732176	-21,799963	-0,07238239	-0,0052125454	-0,0069469013	-0,0054638423
41829	141,77539	-23,682177	-23,831831	-0,078833103	-0,0060967207	-0,0078741377	-0,0062042084
41829	142,27539	-25,632175	-25,76042	-0,084762275	-0,0068376958	-0,0085541951	-0,0069751851
41829	142,77539	-27,582176	-27,525936	-0,090277195	-0,0076620579	-0,0094190063	-0,007674301
41829	143,27539	-29,532177	-29,547342	-0,095441937	-0,0085694343	-0,010200381	-0,0085372301
41829	143,77539	-31,482176	-31,47221	-0,10081679	-0,0093356073	-0,011075459	-0,0091898507
41829	144,27539	-33,432175	-33,337429	-0,1058042	-0,010075644	-0,011911483	-0,010057174
41829	144,77539	-35,382175	-35,333057	-0,1115784	-0,01094161	-0,012756544	-0,010692581
41829	145,27539	-37,332176	-37,339485	-0,11752695	-0,011730567	-0,013630708	-0,011555418
41829	145,77539	-39,282177	-39,235538	-0,12224615	-0,012577668	-0,014467498	-0,012240263
41829	146,27539	-41,232178	-41,144024	-0,12837201	-0,013331741	-0,01528973	-0,01301031
41829	146,77539	-43,182178	-43,194931	-0,13329238	-0,014153644	-0,016224286	-0,013796715
41829	147,27539	-45,132175	-45,045689	-0,13871193	-0,014923811	-0,017035071	-0,014598184
41829	147,77539	-47,082176	-47,04998	-0,14328659	-0,015753269	-0,017856089	-0,015317631
41829	148,27539	-49,032177	-48,91637	-0,14785528	-0,016615257	-0,018649336	-0,016046863
41829	148,77539	-50,982178	-50,948025	-0,15324056	-0,017454967	-0,019524632	-0,01692228
41829	149,27539	-52,932178	-52,994049	-0,15854985	-0,018242732	-0,020513421	-0,017652621
41829	149,77539	-54,882175	-54,848492	-0,16302913	-0,018994004	-0,021219574	-0,01850858
41829	150,27539	-56,832176	-56,765835	-0,16835481	-0,019800901	-0,022125484	-0,019183697
41829	150,77539	-58,782177	-58,565273	-0,17258972	-0,020493969	-0,022997476	-0,019929679
41829	151,27539	-60,732178	-60,602909	-0,17778426	-0,02136755	-0,023883762	-0,020708943
41829	151,77539	-62,682178	-62,667969	-0,18255115	-0,022236079	-0,024880856	-0,021578494
41829	152,27539	-64,632179	-64,605209	-0,18797517	-0,02302283	-0,025707074	-0,022342861
41829	152,77539	-66,582176	-66,545601	-0,19223094	-0,02383697	-0,026429618	-0,023122706
41829	153,27539	-68,532181	-68,440826	-0,19690692	-0,024583891	-0,027350795	-0,023866311
41829	153,77539	-70,482178	-70,42424	-0,20198226	-0,025383025	-0,028246777	-0,024651954
41829	154,27539	-72,432175	-72,219696	-0,20615458	-0,026199505	-0,029000428	-0,025376009
41829	154,77539	-74,382179	-74,341415	-0,21123439	-0,027096972	-0,029985873	-0,026260052
41829	155,27539	-76,332176	-76,256798	-0,21539927	-0,027834922	-0,030757753	-0,026963564
41829	155,77539	-77,400002	-77,386551	-0,21833926	-0,028335601	-0,031379104	-0,027469821
41829	156,27539	-77,400002	-77,526917	-0,21888316	-0,028286576	-0,031416491	-0,027528485
41829	156,77539	-77,400002	-77,348366	-0,21924078	-0,028304741	-0,031283714	-0,027512599
41829	157,27539	-77,400002	-77,374977	-0,21947175	-0,028305173	-0,031396408	-0,027456572
41829	157,77539	-77,400002	-77,346764	-0,21986365	-0,02828227	-0,031420033	-0,02755931
41829	158,27539	-77,400002	-77,369598	-0,2190128	-0,028308362	-0,031465884	-0,027543847
41829	158,77539	-77,400002	-77,311127	-0,21934807	-0,028354272	-0,031379115	-0,027576841
41829	159,27539	-77,400002	-77,187241	-0,21973401	-0,028245971	-0,031297229	-0,027463248
41829	159,77539	-77,400002	-77,249062	-0,21941811	-0,028281778	-0,031424884	-0,027542518
41829	160,27539	-77,400002	-77,340042	-0,21997243	-0,028326154	-0,031384811	-0,027531996
41829	160,77539	-77,400002	-77,32872	-0,21988153	-0,028321832	-0,031478919	-0,027556863
41829	161,27539	-77,400002	-77,335571	-0,219886	-0,028370023	-0,031489089	-0,027618296
41829	161,77539	-77,400002	-77,186638	-0,21956265	-0,028264448	-0,031259164	-0,027453765
41829	162,27539	-77,400002	-77,323692	-0,22078604	-0,028304651	-0,031398192	-0,027646104
41829	162,77539	-77,400002	-77,243515	-0,22049099	-0,028286412	-0,031351268	-0,02755709
41829	163,27539	-77,400002	-77,319878	-0,219962	-0,028376684	-0,03151986	-0,027619995
41829	163,77539	-77,400002	-77,191681	-0,22005588	-0,028246701	-0,031448595	-0,027555395
41829	164,27539	-77,400002	-77,223862	-0,22027791	-0,028257728	-0,031377465	-0,027593181
41829	164,77539	-77,400002	-77,319992	-0,22013336	-0,028324887	-0,031485714	-0,027564701
41829	165,27539	-77,400002	-77,258354	-0,22016168	-0,028338909	-0,031398505	-0,027640581
41829	165,77539	-77,400002	-77,302162	-0,21970868	-0,028372824	-0,031531557	-0,027598144
41829	166,27539	-77,400002	-77,248055	-0,22035688	-0,028283685	-0,031461816	-0,027616318
41829	166,77539	-77,400002	-77,373154	-0,22007376	-0,028400868	-0,031495687	-0,027607754
41829	167,27539	-77,400002	-77,287041	-0,22031665	-0,028352797	-0,031496588	-0,027671255
41829	167,77539	-77,400002	-77,207001	-0,22052526	-0,02828452	-0,031536575	-0,027610611
41829	168,27539	-77,400002	-77,360786	-0,22014081	-0,028265968	-0,031500399	-0,027705869
41829	168,77539	-77,400002	-77,229362	-0,21979213	-0,028234452	-0,031551573	-0,027583722
41829	169,27539	-77,400002	-77,415657	-0,22091717	-0,028362677	-0,031529941	-0,027712215
41829	169,77539	-77,400002	-77,334732	-0,22007972	-0,028328776	-0,031537555	-0,027632739
41829	170,27539	-77,400002	-77,240906	-0,2208516	-0,028281078	-0,031471618	-0,027666507
41829	170,77539	-77,400002	-77,347191	-0,22076964	-0,028328463	-0,031550005	-0,027683722
41829	171,27539	-77,400002	-77,290154	-0,22090375	-0,028368518	-0,031516831	-0,027692897
41829	171,77539	-77,400002	-77,295204	-0,2204597	-0,028328702	-0,031449582	-0,027652912
41829	172,27539	-77,400002	-77,367683	-0,22076517	-0,028325632	-0,031607039	-0,027747523
41829	172,77539	-77,400002	-77,323593	-0,2205655	-0,028352872	-0,031594701	-0,027702369
41829	173,27539	-77,400002	-77,202187	-0,22034645	-0,028279915	-0,031437851	-0,027620761
41829	173,77539	-77,400002	-77,207298	-0,22045523	-0,028300032	-0,031523824	-0,027654042
41829	174,27539	-77,400002	-77,184799	-0,22023171	-0,028195977	-0,031476494	-0,027627582
41829	174,77539	-77,400002	-77,354813	-0,22069663	-0,028385803	-0,031598724	-0,027704425
41829	175,27539	-77,400002	-77,241623	-0,22051334	-0,028268948	-0,031513911	-0,027677016
41829	175,77539	-77,400002	-77,299706	-0,22049695	-0,028286055	-0,03155015	-0,027674641
41829	176,27539	-77,400002	-77,221046	-0,22027045	-0,028276891	-0,03154207	-0,027657181
41829	176,77539	-77,400002	-77,333443	-0,22080839	-0,02829352	-0,031487275	-0,027649125
41829	177,27539	-77,400002	-77,343292	-0,22115707	-0,028276548	-0,031667441	-0,027702445
41829	177,77539	-77,400002	-77,280212	-0,22062361	-0,028304279	-0,031536184	-0,027687522
41829	178,27539	-77,400002	-77,327469	-0,22060424	-0,02827321	-0,03156596	-0,027662747
41829	178,77539	-77,400002	-77,260895	-0,22076517	-0,028296813	-0,031629086	-0,027717816
41829	179,27539	-77,400002	-77,450607	-0,22096336	-0,028426856	-0,031684738	-0,027742377
41829	179,77539	-77,400002	-77,373863	-0,22138804	-0,028331071	-0,031610742	-0,027797366
41829	180,27539	-77,400002	-77,301048	-0,22104681	-0,02833347	-0,031631965	-0,027728664
41829	180,77539	-77,400002	-77,399353	-0,22075921	-0,028389886	-0,031610679	-0,027710494
41829	181,27539	-77,400002	-77,198784	-0,22102296	-0,028301671	-0,031617172	-0,027646646
41829	181,77539	-77,400002	-77,271858	-0,22063255	-0,028301165	-0,031625628	-0,027723227
41829	182,27539	-77,400002	-77,39193	-0,22105724	-0,028354287	-0,031594787	-0,027695283
41829	182,77539	-77,400002	-77,288086	-0,22059828	-0,02839385	-0,0315754	-0,02763553
41829	183,27539	-77,400002	-77,324608	-0,22130013	-0,028355524	-0,03157223	-0,027814392
41829	183,77539	-77,400002	-77,301193	-0,22075921	-0,028358132	-0,031685308	-0,027716205
41829	184,27539	-77,400002	-77,372772	-0,22136122	-0,02842696	-0,031594984	-0,027744889
41829	184,77539	-77,400002	-77,180809	-0,22093505	-0,028289497	-0,03151774	-0,027643727
41829	185,27539	-77,400002	-77,304398	-0,22098422	-0,028306872	-0,031613544	-0,027725212
41829	185,77539	-76,306252	-76,274788	-0,21906197	-0,027913392	-0,031189483	-0,027263889
41829	186,27539	-73,806252	-73,829529	-0,21383762	-0,026932359	-0,030140966	-0,026367912
41829	186,77539	-71,306252	-71,06604	-0,20770729	-0,025844321	-0,029050458	-0,025297673
41829	187,27539	-68,806252	-68,707893	-0,2024442	-0,024903029	-0,027898801	-0,024358518
41829	187,77539	-66,306252	-66,093727	-0,19662827	-0,023836493	-0,026890181	-0,02336085
41829	188,27539	-63,806252	-63,661907	-0,19110888	-0,022858635	-0,025842268	-0,022339851
41829	188,77539	-61,306252	-61,151268	-0,18583834	-0,021883264	-0,024758667	-0,021427376
41829	189,27539	-58,806252	-58,609695	-0,17965138	-0,020856738	-0,023668705	-0,020346992
41829	189,77539	-56,306252	-56,040115	-0,17341226	-0,019690037	-0,022573607	-0,019397303
41829	190,27539	-53,806252	-53,535027	-0,1679942	-0,018730044	-0,021484664	-0,018367607
41829	190,77539	-51,306252	-51,127903	-0,16169846	-0,017674699	-0,02046633	-0,017491195
41829	191,27539	-48,806252	-48,570835	-0,15526265	-0,016773805	-0,019289251	-0,016379561
41829	191,77539	-46,306252	-46,005638	-0,14944673	-0,015657932	-0,018244574	-0,015447109
41829	192,27539	-43,806252	-43,510326	-0,14245659	-0,014632598	-0,017068306	-0,014349196
41829	192,77539	-41,306252	-41,135933	-0,13686121	-0,013704821	-0,016102435	-0,013417297
41829	193,27539	-38,806252	-38,606892	-0,12966394	-0,012786165	-0,014983607	-0,012321516
41829	193,77539	-36,306252	-36,124462	-0,12369454	-0,011672184	-0,013876678	-0,011339237
41829	194,27539	-33,806252	-33,553993	-0,11541247	-0,010614112	-0,012833821	-0,010238898
41829	194,77539	-31,306252	-31,150688	-0,10910779	-0,0095990002	-0,011674069	-0,009247263
41829	195,27539	-28,806252	-28,574286	-0,10132045	-0,0084604919	-0,010597286	-0,0081583485
41829	195,77539	-26,306252	-26,10821	-0,094425678	-0,0074938238	-0,0095439386	-0,0071813054
41829	196,27539	-23,806252	-23,582766	-0,08636713	-0,0064829737	-0,0084961187	-0,0061647892
41829	196,77539	-21,306252	-21,083153	-0,079107285	-0,0053004324	-0,00754508	-0,0051556528
41829	197,27539	-18,806252	-18,57502	-0,070080161	-0,0041371733	-0,0064530782	-0,0042439364
41829	197,77539	-16,306252	-16,132189	-0,061745942	-0,0028637797	-0,005452401	-0,0032991804
41829	198,27539	-13,806252	-13,661899	-0,05209446	-0,0015255958	-0,0045572994	-0,0024334267
41829	198,77539	-11,306252	-11,139587	-0,042369962	-0,00012600422	-0,0035207584	-0,0016688257
41829	199,27539	-8,8062515	-8,6303797	-0,031280518	0,0013776571	-0,0025737428	-0,0008816123
41829	199,77539	-6,3062515	-6,1760936	-0,019440055	0,0028682649	-0,001724042	-0,00022719987
41829	200,27539	-3,927	-3,9708447	-0,0060781837	0,0043153465	-0,00089345849	0,0004318282
41829	200,77539	-3,927	-3,8919709	-0,0053614378	0,0044072419	-0,00089141162	0,00044417195
41829	201,27539	-3,927	-3,6553292	-0,003965199	0,0045246333	-0,00068399671	0,0005524084
41829	201,77539	-3,927	-3,6354289	-0,0035002828	0,0046939105	-0,00068931747	0,00053916499
41829	202,27539	-3,927	-3,6632233	-0,0035330653	0,0046641827	-0,00081132131	0,0005768761
41829	202,77539	-3,927	-3,8110242	-0,0036582351	0,004634425	-0,0007006785	0,00054261275
41829	203,27539	-3,927	-3,8174727	-0,0033155084	0,0046776384	-0,00082051463	0,00056332164
41829	203,77539	-3,927	-3,8164313	-0,0031203032	0,0046955794	-0,00060680293	0,00055634603
41829	204,27539	-3,927	-3,7702825	-0,0039964914	0,0047156066	-0,00077017187	0,0005731862
41829	204,77539	-3,927	-3,8559251	-0,0040560961	0,0047533065	-0,00071004656	0,00065420941
41829	205,27539	-3,927	-3,8660746	-0,0033006072	0,0047275871	-0,00071552716	0,00055788271
41829	205,77539	-3,927	-3,7979372	-0,0035688281	0,0048158318	-0,00072938867	0,0005916208
41829	206,27539	-3,927	-3,7919376	-0,0034019351	0,004895702	-0,00065939146	0,0005909577
41829	206,77539	-3,927	-3,807025	-0,0033706427	0,0049162954	-0,00075498672	0,00064024515
41829	207,27539	-3,927	-3,8781762	-0,0034347177	0,0048823655	-0,00070227921	0,00057584606
41829	207,77539	-3,927	-3,8224757	-0,0037133694	0,0048864484	-0,00062921632	0,00069417059
41829	208,27539	-3,927	-3,8532	-0,00372082	0,0049140304	-0,00071152078	0,00060754828
41829	208,77539	-3,927	-3,8841796	-0,003169477	0,0049228668	-0,0007235083	0,00066540763
41829	209,27539	-3,927	-3,8900824	-0,0032275915	0,0048630983	-0,00062988931	0,00063679181
41829	209,77539	-3,927	-3,8506837	-0,0031262636	0,0048486292	-0,00067203154	0,00074162707
41829	210,27539	-3,927	-3,8842819	-0,0034168363	0,0049199909	-0,00068144605	0,00064966083
41829	210,77539	-3,927	-3,8864465	-0,0034019351	0,0049385279	-0,00067066879	0,00066269562
41829	211,27539	-3,927	-3,8312209	-0,0028207898	0,0049705356	-0,00064661755	0,000643868
41829	211,77539	-3,927	-3,8298051	-0,0039100647	0,0050339401	-0,00056883256	0,00072089396
41829	212,27539	-3,927	-3,8614831	-0,0028833747	0,0049863011	-0,00072471116	0,00068539754
41829	212,77539	-3,927	-3,8772728	-0,0029668212	0,0049773902	-0,00063392543	0,00073785894
41829	213,27539	-3,927	-3,8805604	-0,00372082	0,0049825311	-0,00066003099	0,00070039555
41829	213,77539	-3,927	-3,7592781	-0,00308007	0,0050649643	-0,0005953174	0,00074265338
41829	214,27539	-3,927	-3,888417	-0,0029325485	0,0050012767	-0,00060172757	0,00065626577
41829	214,77539	-3,927	-3,8931034	-0,0025972724	0,0049972534	-0,00059065473	0,00069961511
41829	215,27539	-3,927	-3,850637	-0,0037685037	0,0050302744	-0,00059308833	0,00073292106
41829	215,77539	-3,927	-3,8294587	-0,0030532479	0,0050384104	-0,00064397574	0,00076006539
41829	216,27539	-3,927	-3,8404016	-0,0024691224	0,0051098615	-0,00061730685	0,00076161139
41829	216,77539	-3,927	-3,8379226	-0,0030517578	0,0051222891	-0,00058674504	0,00077795982
41829	217,27539	-3,927	-3,8681812	-0,0030100346	0,0050569028	-0,00066306879	0,00076714531
41829	217,77539	-3,927	-3,9394386	-0,0027954578	0,0050001293	-0,0005763396	0,00070562772
41829	218,27539	0	0,0085495412	3,9013729	0,008091554	0,0017632338	0,00083755143

Datenerfassung						Zeit:	218,38477	s	09.07.2014 10:13:55
Ch 1 Kraft	Ch 1 W2TK Mittel	1944 A	1944 B	1281068
kN	mm	mm	mm	mm
0,056480989	-0,00016802254	0,00025901385	0,22689335	0,0030832363
-81,654015	-0,00032900411	-0,00017647538	-0,032877699	-0,032483291
