Datum : 	9.7.2014
Durchmesser :	98,7
Datum	Laufzeit	Ch 1 Kraft Sollwert	Ch 1 Kraft	Ch 1 Weg	1944 B	1281068	2157
d	s	kN	kN	mm	mm	mm	mm
41829	17,255859	-0,37601021	-0,0080335885	4,9866018	0,15185565	-0,027178781	0,0082992632
41829	17,755859	-0,7685203	-0,010251999	4,9313993	0,1518915	-0,027321976	0,0082887318
41829	18,255859	-1,1610304	0,019675121	4,8275337	0,15188915	-0,027211946	0,0082891565
41829	18,755859	-1,5535405	-0,029226765	4,6616955	0,15189746	-0,027224226	0,0082437415
41829	19,255859	-1,9460506	0,0029224902	4,4148593	0,15188667	-0,027221577	0,0082989056
41829	19,755859	-2,3385608	-0,025575981	4,0953665	0,15190104	-0,027192259	0,0082760509
41829	20,255859	-2,7310708	-0,0026263297	3,7019281	0,15188482	-0,027289305	0,0082750376
41829	20,755859	-3,1235809	-0,030741096	3,2171144	0,1518127	-0,027224297	0,0082255248
41829	21,255859	-3,5160911	-0,0083688647	2,6369319	0,15195063	-0,027142685	0,008284552
41829	21,755859	-3,908601	-0,035960227	1,9568934	0,15190923	-0,027227145	0,0082068052
41829	22,255859	-3,927	0,016620383	1,1955454	0,15191668	-0,027151115	0,0083148573
41829	22,755859	-3,927	-0,02939254	0,3600806	0,15180379	-0,027247481	0,0082781333
41829	23,255859	-3,927	-10,389767	-0,11209697	0,14695793	-0,030815167	0,0048829783
41829	23,755859	-3,927	-9,3839045	-0,11076778	0,14724782	-0,030386709	0,0052356739
41829	24,255859	-3,927	-8,1000071	-0,10657907	0,14775777	-0,030039659	0,0057312921
41829	24,755859	-3,927	-7,1778784	-0,10185391	0,14823416	-0,029641537	0,005999295
41829	25,255859	-3,927	-6,4759364	-0,099797547	0,14857572	-0,029600458	0,0062816925
41829	25,755859	-3,927	-5,8986859	-0,097444654	0,14884132	-0,029292077	0,0064765234
41829	26,255859	-3,927	-5,4830685	-0,094863772	0,14906615	-0,029173108	0,0066291913
41829	26,755859	-3,927	-5,2724948	-0,094252825	0,14912999	-0,029143233	0,0066961739
41829	27,255859	-5,7132306	-6,339345	-0,0039801002	-0,00052380562	-0,0003498545	-0,00053230673
41829	27,755859	-7,6632304	-8,2273779	-0,011830032	-0,001401335	-0,0010922611	-0,0011536721
41829	28,255859	-9,6132307	-10,117176	-0,019781291	-0,0022288561	-0,0016384323	-0,0019338876
41829	28,755859	-11,563231	-12,006815	-0,026766956	-0,0030441284	-0,0023365149	-0,0025354363
41829	29,255859	-13,51323	-13,897876	-0,034296513	-0,0038952231	-0,0030175124	-0,0033059996
41829	29,755859	-15,463231	-15,65241	-0,040744245	-0,004670471	-0,0035992968	-0,0039213207
41829	30,255859	-17,413231	-17,662159	-0,048236549	-0,0054754317	-0,0044359663	-0,0047673583
41829	30,755859	-19,363232	-19,472773	-0,054681301	-0,0062158704	-0,0051455391	-0,0053967666
41829	31,255859	-21,313231	-21,422817	-0,061058998	-0,0069797337	-0,0059167244	-0,006178895
41829	31,755859	-23,263231	-23,320414	-0,066256523	-0,0077482462	-0,0067499592	-0,0069472194
41829	32,255859	-25,21323	-25,316137	-0,072681904	-0,0085016787	-0,0074738609	-0,0076093376
41829	32,755859	-27,163231	-27,259468	-0,079081953	-0,0092481077	-0,0084599042	-0,0084649324
41829	33,255859	-29,113232	-29,119797	-0,084665418	-0,010035872	-0,0091395034	-0,0090888981
41829	33,755859	-31,063231	-31,144142	-0,090457499	-0,010709345	-0,010023196	-0,0099832378
41829	34,255859	-33,013229	-33,017452	-0,096184015	-0,011495084	-0,010915783	-0,010642186
41829	34,755859	-34,96323	-34,936825	-0,10132045	-0,012127638	-0,011604714	-0,011395112
41829	35,255859	-36,913231	-36,952862	-0,10771751	-0,012906045	-0,012660851	-0,012221439
41829	35,755859	-38,863232	-38,873016	-0,11220127	-0,01357308	-0,013443754	-0,012963148
41829	36,255859	-40,813232	-40,833206	-0,1180321	-0,014303714	-0,01426459	-0,013781842
41829	36,755859	-42,763233	-42,761723	-0,12337714	-0,015035927	-0,015162699	-0,014481846
41829	37,255859	-44,71323	-44,724182	-0,12774318	-0,015745401	-0,015950043	-0,015368409
41829	37,755859	-46,663231	-46,719109	-0,13430566	-0,016467929	-0,017037967	-0,0161139
41829	38,255859	-48,613232	-48,569878	-0,13851225	-0,017148077	-0,017723521	-0,016864367
41829	38,755859	-50,563232	-50,525093	-0,143601	-0,0179241	-0,018479789	-0,017646793
41829	39,255859	-52,513233	-52,428856	-0,14826357	-0,018643826	-0,019432075	-0,01841737
41829	39,755859	-54,46323	-54,482014	-0,153777	-0,019301414	-0,02029136	-0,019228853
41829	40,255859	-56,413231	-56,320892	-0,15942752	-0,020060331	-0,021255372	-0,019973587
41829	40,755859	-58,363232	-58,278847	-0,16332865	-0,020855308	-0,022083636	-0,020816077
41829	41,255859	-60,313232	-60,288452	-0,16844124	-0,021568	-0,02287196	-0,021606039
41829	41,755859	-62,263233	-62,241699	-0,17425567	-0,022339225	-0,023757195	-0,022385405
41829	42,255859	-64,213234	-64,161713	-0,17900616	-0,023026884	-0,024568237	-0,023193251
41829	42,755859	-66,163231	-66,075188	-0,18278509	-0,023677826	-0,025425218	-0,023965556
41829	43,255859	-68,113235	-67,984436	-0,18807352	-0,024484664	-0,026284428	-0,024764588
41829	43,755859	-70,063232	-69,927834	-0,19315779	-0,025157481	-0,027080918	-0,025510784
41829	44,255859	-72,013229	-71,988113	-0,19763559	-0,025984377	-0,027991444	-0,026376922
41829	44,755859	-73,963234	-73,874939	-0,20246953	-0,026716739	-0,028886922	-0,027164031
41829	45,255859	-75,913231	-75,794212	-0,20712465	-0,027444243	-0,029665725	-0,027899396
41829	45,755859	-77,863235	-77,774406	-0,21197647	-0,028170586	-0,030615542	-0,028763341
41829	46,255859	-79,813232	-79,639404	-0,21586418	-0,028870791	-0,03138024	-0,029475324
41829	46,755859	-80,908058	-81,016922	-0,21963418	-0,029507607	-0,032054383	-0,030181214
41829	47,255859	-78,958061	-78,903427	-0,21588504	-0,028814405	-0,031189295	-0,029325087
41829	47,755859	-77,008057	-76,90258	-0,21182448	-0,028049082	-0,030428058	-0,028619038
41829	48,255859	-75,05806	-74,919189	-0,20757169	-0,027261108	-0,029610705	-0,027859762
41829	48,755859	-73,108055	-73,012054	-0,20340681	-0,026636839	-0,028793739	-0,027103391
41829	49,255859	-71,158058	-71,130013	-0,19998699	-0,025983751	-0,028066751	-0,026392814
41829	49,755859	-69,208061	-69,136749	-0,19488335	-0,025233716	-0,027320877	-0,025563721
41829	50,255859	-67,258057	-67,193504	-0,19126236	-0,024589986	-0,026447464	-0,024890006
41829	50,755859	-65,30806	-65,045738	-0,18750429	-0,023799509	-0,025583088	-0,024045452
41829	51,255859	-63,358059	-63,256336	-0,18249005	-0,023127615	-0,024793653	-0,023323972
41829	51,755859	-61,408058	-61,283764	-0,17862767	-0,022479892	-0,023924384	-0,022566088
41829	52,255859	-59,458057	-59,333504	-0,17415434	-0,021772683	-0,023134664	-0,021847505
41829	52,755859	-57,508057	-57,370937	-0,16964525	-0,021098942	-0,022477014	-0,021047838
41829	53,255859	-55,558056	-55,402981	-0,16538352	-0,020384997	-0,021532886	-0,020271637
41829	53,755859	-53,608059	-53,354408	-0,16070902	-0,019575417	-0,020633666	-0,019445155
41829	54,255859	-51,658058	-51,430225	-0,1554206	-0,018886805	-0,019811012	-0,018668437
41829	54,755859	-49,708057	-49,524967	-0,15186518	-0,018212914	-0,018910358	-0,017977843
41829	55,255859	-47,758057	-47,489166	-0,14656186	-0,017452538	-0,018047187	-0,017147025
41829	55,755859	-45,808056	-45,591774	-0,14087111	-0,016832471	-0,017271155	-0,016461518
41829	56,255859	-43,858059	-43,708996	-0,13647228	-0,016143411	-0,016426465	-0,015633589
41829	56,755859	-41,908058	-41,627129	-0,13106614	-0,015354007	-0,01568063	-0,014880726
41829	57,255859	-39,958057	-39,699463	-0,12681186	-0,01470387	-0,014824673	-0,014058216
41829	57,755859	-38,008057	-37,88026	-0,1208514	-0,014109582	-0,014050984	-0,013393333
41829	58,255859	-36,058056	-35,862038	-0,11609048	-0,013279319	-0,013182252	-0,012484441
41829	58,755859	-34,108055	-33,828213	-0,10998547	-0,012500525	-0,012182144	-0,011728067
41829	59,255859	-32,158058	-31,967594	-0,10448545	-0,011822194	-0,011391863	-0,010969533
41829	59,755859	-30,208057	-30,072441	-0,099940598	-0,011145622	-0,010663654	-0,010159303
41829	60,255859	-28,258057	-28,042311	-0,093650818	-0,010421872	-0,0098003484	-0,0094536673
41829	60,755859	-26,308056	-26,135576	-0,088591874	-0,0096685886	-0,0090171266	-0,0085801948
41829	61,255859	-24,358057	-24,164288	-0,08277148	-0,0089226663	-0,0081483694	-0,0079321153
41829	61,755859	-22,408056	-22,166697	-0,076504052	-0,0081899762	-0,0073325587	-0,0070598368
41829	62,255859	-20,458057	-20,315369	-0,070407987	-0,0074865818	-0,0064494261	-0,0064762942
41829	62,755859	-18,508057	-18,476273	-0,064222515	-0,0067313313	-0,005722235	-0,005627282
41829	63,255859	-16,558056	-16,390457	-0,057446957	-0,0058182776	-0,0048071183	-0,004897451
41829	63,755859	-14,608056	-14,449932	-0,049911439	-0,0051198006	-0,0040850416	-0,0041219201
41829	64,255859	-12,658056	-12,514889	-0,043958426	-0,0042996109	-0,003348537	-0,0033532083
41829	64,755859	-10,708056	-10,595407	-0,036327541	-0,0035196543	-0,0024688672	-0,0027362779
41829	65,255859	-8,7580566	-8,6718941	-0,027678907	-0,0025705695	-0,0018003985	-0,0020322874
41829	65,755859	-6,8080564	-6,6890736	-0,01783967	-0,0015096962	-0,0010930833	-0,0012840685
41829	66,255859	-4,8580561	-4,8596597	-0,0072687864	-0,00049903989	-0,00056475919	-0,00072547235
41829	66,755859	-4,9286604	-4,5056138	-0,0054687262	-0,00034189224	-0,00043049949	-0,00057756715
41829	67,255859	-6,8786602	-6,4855909	-0,01463294	-0,0012632012	-0,0010281608	-0,0012062062
41829	67,755859	-8,82866	-8,6262369	-0,023634732	-0,0022542179	-0,0016481972	-0,0020271372
41829	68,255859	-10,778661	-10,632607	-0,03194958	-0,0031771362	-0,0024800084	-0,0027032308
41829	68,755859	-12,728661	-12,716035	-0,039935112	-0,0040581524	-0,003275322	-0,0035145693
41829	69,255859	-14,67866	-14,585328	-0,0469625	-0,0046784282	-0,0041201008	-0,0041548591
41829	69,755859	-16,62866	-16,549442	-0,053398311	-0,0055143535	-0,0048308028	-0,0048386343
41829	70,255859	-18,578661	-18,569771	-0,059986115	-0,0061475635	-0,005614059	-0,0056417659
41829	70,755859	-20,52866	-20,436728	-0,065690279	-0,0068968832	-0,0064882264	-0,0062686224
41829	71,255859	-22,478661	-22,397993	-0,071027875	-0,0076423883	-0,0073473784	-0,0070306007
41829	71,755859	-24,428661	-24,35323	-0,077106059	-0,0083186924	-0,0083271088	-0,0077709965
41829	72,255859	-26,37866	-26,356922	-0,083513558	-0,0090759397	-0,0091518229	-0,0084508806
41829	72,755859	-28,328661	-28,358545	-0,089222193	-0,0098394156	-0,0099914474	-0,0092274547
41829	73,255859	-30,278662	-30,198166	-0,094260275	-0,010505795	-0,010881955	-0,0099022631
41829	73,755859	-32,228661	-32,217487	-0,099885464	-0,011166573	-0,01171028	-0,010755673
41829	74,255859	-34,178661	-34,169239	-0,10530055	-0,011825025	-0,012624342	-0,011457114
41829	74,755859	-36,128662	-36,05405	-0,11078119	-0,012489706	-0,013518645	-0,012153732
41829	75,255859	-38,078663	-38,013805	-0,11553913	-0,013214827	-0,014404554	-0,012951484
41829	75,755859	-40,02866	-39,920059	-0,12065023	-0,013886571	-0,015300225	-0,013661508
41829	76,255859	-41,978661	-41,988873	-0,12647659	-0,014704436	-0,01618119	-0,014508853
41829	76,755859	-43,928661	-43,780025	-0,1302436	-0,01524654	-0,016902417	-0,01517716
41829	77,255859	-45,878662	-45,813534	-0,13637096	-0,015937328	-0,017868465	-0,015987458
41829	77,755859	-47,828663	-47,865322	-0,14129728	-0,016732842	-0,018732795	-0,016797114
41829	78,255859	-49,77866	-49,639198	-0,14560819	-0,017418116	-0,019659976	-0,017446063
41829	78,755859	-51,728661	-51,62093	-0,15006363	-0,017985791	-0,020355051	-0,018292909
41829	79,255859	-53,678661	-53,538631	-0,15529096	-0,018744707	-0,021200484	-0,018968668
41829	79,755859	-55,628662	-55,491913	-0,16001761	-0,019477785	-0,02203957	-0,019792443
41829	80,255859	-57,578663	-57,575851	-0,16530901	-0,020173967	-0,022936227	-0,020551857
41829	80,755859	-59,52866	-59,509445	-0,17039329	-0,020906568	-0,023796253	-0,021430153
41829	81,255859	-61,478661	-61,412506	-0,17428398	-0,021638483	-0,024723675	-0,022171877
41829	81,755859	-63,428661	-63,313618	-0,17904937	-0,022230297	-0,025387522	-0,022906031
41829	82,255859	-65,378662	-65,257935	-0,18347651	-0,022983968	-0,02638966	-0,023660254
41829	82,755859	-67,328659	-67,250122	-0,18841475	-0,023733169	-0,027089225	-0,024492841
41829	83,255859	-69,278664	-69,182266	-0,19392222	-0,024386108	-0,028043712	-0,025146581
41829	83,755859	-71,228661	-71,148354	-0,198026	-0,025271624	-0,02881795	-0,026050827
41829	84,255859	-73,178665	-73,025833	-0,20211786	-0,025822699	-0,029645663	-0,026752543
41829	84,755859	-75,128662	-75,065727	-0,20688623	-0,026698351	-0,030526552	-0,027551334
41829	85,255859	-77,078659	-77,021858	-0,21127462	-0,027386546	-0,031336095	-0,028419761
41829	85,755859	-75,788963	-75,701973	-0,20838529	-0,026991844	-0,030786758	-0,027832821
41829	86,255859	-73,838966	-73,789429	-0,20499676	-0,026258171	-0,030104984	-0,027209345
41829	86,755859	-71,888969	-71,733604	-0,20120889	-0,025510222	-0,029228646	-0,026375663
41829	87,255859	-69,938965	-69,796509	-0,19708425	-0,02484253	-0,02844736	-0,02565803
41829	87,755859	-67,988968	-67,761696	-0,19209981	-0,024085402	-0,027648315	-0,024872407
41829	88,255859	-66,038963	-65,919334	-0,18844455	-0,023379207	-0,026831731	-0,024104359
41829	88,755859	-64,088966	-63,978127	-0,18421113	-0,022710234	-0,026023356	-0,023399733
41829	89,255859	-62,138966	-61,995785	-0,18018037	-0,022040308	-0,025180355	-0,022559956
41829	89,755859	-60,188965	-59,949482	-0,17584413	-0,021314263	-0,024383711	-0,021834355
41829	90,255859	-58,238964	-58,063038	-0,17054528	-0,020665467	-0,023556918	-0,021060485
41829	90,755859	-56,288967	-56,158615	-0,16714782	-0,019898742	-0,02273749	-0,02040872
41829	91,255859	-54,338966	-54,169216	-0,16272068	-0,019178778	-0,02189213	-0,019573823
41829	91,755859	-52,388966	-52,248112	-0,15782118	-0,018562645	-0,021113144	-0,018874159
41829	92,255859	-50,438965	-50,122547	-0,15287399	-0,017803997	-0,020172983	-0,018007845
41829	92,755859	-48,488964	-48,264935	-0,14794469	-0,017108142	-0,019361466	-0,017276332
41829	93,255859	-46,538967	-46,435402	-0,14332086	-0,016526133	-0,018459259	-0,016592147
41829	93,755859	-44,588966	-44,314365	-0,13833642	-0,015742064	-0,017593365	-0,015742548
41829	94,255859	-42,638966	-42,371422	-0,13314188	-0,014973342	-0,016772628	-0,015004721
41829	94,755859	-40,688965	-40,437462	-0,12898594	-0,014317185	-0,015816132	-0,014252452
41829	95,255859	-38,738964	-38,630173	-0,1240626	-0,013718754	-0,015158232	-0,013551174
41829	95,755859	-36,788967	-36,608109	-0,11831671	-0,013051897	-0,014198443	-0,01269618
41829	96,255859	-34,838966	-34,709831	-0,11336505	-0,012323081	-0,013515666	-0,01192827
41829	96,755859	-32,888966	-32,679184	-0,1073271	-0,0116162	-0,012494699	-0,011140643
41829	97,255859	-30,938965	-30,710592	-0,10222048	-0,010890394	-0,011610979	-0,010289269
41829	97,755859	-28,988966	-28,692099	-0,096818805	-0,010169804	-0,010771105	-0,0095369238
41829	98,255859	-27,038965	-26,850267	-0,091248751	-0,0095249116	-0,0099447817	-0,0087937694
41829	98,755859	-25,088964	-24,912518	-0,085474551	-0,0087363422	-0,0091584092	-0,0080754831
41829	99,255859	-23,138966	-22,933764	-0,079555809	-0,0080127716	-0,00828976	-0,0072633661
41829	99,755859	-21,188965	-20,993971	-0,073567033	-0,0072866082	-0,0073609054	-0,0065881796
41829	100,25586	-19,238964	-19,14913	-0,067773461	-0,0066111088	-0,0065559624	-0,0058278143
41829	100,75586	-17,288965	-17,19924	-0,060974061	-0,005813688	-0,0056971172	-0,0051156357
41829	101,25586	-15,338964	-15,114137	-0,054676831	-0,0050635636	-0,0047868136	-0,0043255463
41829	101,75586	-13,388965	-13,18086	-0,046990812	-0,004270792	-0,0039199344	-0,0036117956
41829	102,25586	-11,438965	-11,25351	-0,039646029	-0,0034295022	-0,00310095	-0,0029095393
41829	102,75586	-9,488965	-9,3987513	-0,03156662	-0,0025831461	-0,0022957951	-0,0022892095
41829	103,25586	-7,5389647	-7,3821378	-0,022757053	-0,0017156303	-0,0015018852	-0,0016243737
41829	103,75586	-5,5889645	-5,4998546	-0,012016296	-0,00071936846	-0,00085578882	-0,00089076534
41829	104,25586	-3,927	-4,2066555	-0,0050053	-7,5697899e-05	-0,00034823138	-0,00056857429
41829	104,75586	-3,927	-3,8053486	-0,0019684434	0,00022861362	-0,0001614622	-0,00030313805
41829	105,25586	-3,927	-3,7203879	-0,0011742115	0,00029608607	-0,00019614882	-0,00036420114
41829	105,75586	-3,927	-3,6918111	-0,00040978193	0,00034937263	-6,1908468e-05	-0,00030708499
41829	106,25586	-3,927	-3,7945435	-0,0007390976	0,000364393	-0,00023173165	-0,00040185638
41829	106,75586	-3,927	-3,7910435	-0,00083297491	0,00030818582	-0,00016268701	-0,00040080212
41829	107,25586	-3,927	-3,8544164	-0,00061690807	0,00037527084	-0,00015619768	-0,00037566759
41829	107,75586	-3,927	-3,7850738	-0,00087469816	0,00038519502	-0,00015802913	-0,00032766722
41829	108,25586	-3,927	-3,8344934	-0,00068843365	0,00032457709	-0,00014653939	-0,00028872862
41829	108,75586	-3,927	-3,8620028	-0,00084787607	0,00032553077	-0,00018132257	-0,00037757866
41829	109,25586	-3,927	-3,8369949	-0,00049322844	0,00033652782	-0,00012104059	-0,0002513025
41829	109,75586	-3,927	-3,8501453	-0,00076293945	0,00027015805	-0,00012877157	-0,00030508637
41829	110,25586	-3,927	-3,8683918	-0,0015005469	0,00037398934	-0,00016030142	-0,00027387775
41829	110,75586	-3,927	-3,9329715	-0,000692904	0,00028881431	-0,00022949852	-0,00036421232
41829	111,25586	-3,927	-3,8375204	-0,00079423189	0,00034728646	-0,0002212277	-0,00031048059
41829	111,75586	-3,927	-3,8701203	-0,00062733889	0,00033992529	-6,3291176e-05	-0,00028289482
41829	112,25586	-3,927	-3,9380174	-0,0010877848	0,0003452301	-0,00017692345	-0,00032428466
41829	112,75586	-3,927	-3,8626213	-0,00067949295	0,00031849742	-0,00011363298	-0,0002784282
41829	113,25586	-3,927	-3,8704984	-0,00083595514	0,00042286515	-6,4167281e-05	-0,00029982254
41829	113,75586	-3,927	-3,8799589	-0,00098049641	0,00042372942	-9,1744449e-05	-0,00025995076
41829	114,25586	-3,927	-3,8563404	-0,00078529119	0,00037971139	-8,7816035e-05	-0,00025046431
41829	114,75586	-3,927	-3,9636567	-0,00058412552	0,00033971667	-0,00013712302	-0,00033458322
41829	115,25586	-3,927	-3,8711205	-0,0013828278	0,00043526292	-8,9124034e-05	-0,00026756339
41829	115,75586	-3,927	-3,8910656	-0,0010445714	0,00042846799	-2,5702026e-05	-0,00031335466
41829	116,25586	-3,927	-3,9415267	-0,00065118074	0,00044825673	-7,584862e-05	-0,00030288845
41829	116,75586	-3,927	-3,8934331	-0,00075101852	0,00049519539	-7,4715732e-05	-0,00027485937
41829	117,25586	-3,927	-3,9129238	-0,0009149313	0,00043204427	-6,597154e-06	-0,00028818473
41829	117,75586	-3,927	-3,873611	-0,00081658363	0,00045177341	-0,00011421255	-0,00026949868
41829	118,25586	-3,927	-3,8971343	-0,00078380108	0,00045585632	-4,8259721e-05	-0,00023073703
41829	118,75586	-3,927	-3,9391146	-0,0011593103	0,0003913343	-6,3727719e-05	-0,0002519004
41829	119,25586	-3,927	-3,8670263	1,0430813e-05	0,00052750111	-8,121819e-05	-0,0002530925
41829	119,75586	-3,927	-3,8955007	-0,00070035458	0,00046488643	1,7288408e-05	-0,00032467768
41829	120,25586	-3,927	-3,9050915	-0,00064373016	0,00048932433	-8,6713473e-05	-0,00023879111
41829	120,75586	-3,927	-3,9058719	-2,2351742e-05	0,00048029423	-6,5455293e-05	-0,00034914911
41829	121,25586	-3,927	-3,8631744	-0,0010475516	0,00049087405	2,6709893e-05	-0,0002322495
41829	121,75586	-3,927	-3,8999207	-0,00052154064	0,00047463179	-7,0569695e-05	-0,00028125383
41829	122,25586	-3,927	-3,9000754	-0,0008225441	0,00054422021	-3,5067387e-05	-0,00017670169
41829	122,75586	-3,927	-3,8790536	-0,0004068017	0,00048899651	-0,00011137544	-0,00025594421
41829	123,25586	-3,927	-3,8696733	-0,00059455633	0,00051620603	-1,9834686e-05	-0,00019440986
41829	123,75586	-3,927	-3,9297249	-0,00085681677	0,00046801567	-4,042975e-06	-0,00029776618
41829	124,25586	-3,927	-3,8534329	-0,00055134296	0,00049623847	-6,276714e-05	-0,00020880252
41829	124,75586	-3,927	-3,906086	-0,0010833144	0,00054708123	-1,4897831e-05	-0,00024285167
41829	125,25586	-3,927	-3,900949	0,00012367964	0,00052809715	1,0957571e-05	-0,00025490671
41829	125,75586	-3,927	-3,9085336	-0,00028163195	0,00054824352	-1,2980395e-05	-0,00024570525
41829	126,25586	-3,927	-3,8396344	-0,00085234642	0,00053450465	-1,568156e-06	-0,0002096463
41829	126,75586	-3,927	-3,8971956	-0,00046938658	0,00045672059	-7,9150399e-05	-0,00017193519
41829	127,25586	-3,927	-3,9169211	-0,00031888485	0,00056275725	-7,9326317e-05	-0,00021760724
41829	127,75586	-3,927	-3,8371701	-0,00024139881	0,00055104494	-6,5798413e-06	-0,00012661703
41829	128,25586	-3,927	-3,9291513	-0,00098496675	0,00051191449	-1,4071109e-07	-0,0002423618
41829	128,75586	-3,927	-3,8459282	-0,00016987324	0,00053459406	3,4391953e-05	-0,00013250858
41829	129,25586	-3,927	-3,9176476	-0,00015795231	0,00054958463	-0,00010107239	-0,00025715493
41829	129,75586	-3,927	-3,8088672	4,0233135e-05	0,00055918097	0,00011145551	-0,00013807975
41829	130,25586	-3,927	-3,8641691	-0,00030249357	0,00054183602	9,8717137e-05	-0,00022325851
41829	130,75586	-3,927	-3,8683267	-0,00042170286	0,0005184114	-8,0755039e-05	-0,00019443221
41829	131,25586	-3,927	-3,9432738	-0,00083297491	0,0005171895	4,4154465e-05	-0,00020975247
41829	131,75586	-3,927	-3,9091222	-0,00028759241	0,00046342611	3,3947508e-05	-0,00021146238
41829	132,25586	-3,927	-3,8587992	-0,00024586916	0,00054252148	2,2893963e-05	-0,00013725273
41829	132,75586	-3,927	-3,9383564	-0,0012233853	0,00049501657	2,4367651e-05	-0,00021951273
41829	133,25586	-3,927	-3,877161	-0,00047683716	0,00050291419	1,3737865e-05	-0,00011045486
41829	133,75586	-3,927	-3,8540475	-0,00026971102	0,00058200955	-3,7983977e-05	-0,00019114092
41829	134,25586	-4,1859846	-3,9510429	-0,00051558018	0,00046417117	5,9530204e-05	-0,00018677302
41829	134,75586	-6,1359844	-5,3585787	-0,0073924661	-0,00020423532	-0,00051836384	-0,00075004064
41829	135,25586	-8,0859842	-7,9990568	-0,020040572	-0,0012902617	-0,0013777326	-0,0015599914
41829	135,75586	-10,035985	-10,05238	-0,029446185	-0,0022558272	-0,0022163212	-0,0023423433
41829	136,25586	-11,985985	-12,093807	-0,037142634	-0,0031517148	-0,0029973786	-0,0030206703
41829	136,75586	-13,935985	-13,919432	-0,043055415	-0,0039156079	-0,0037804968	-0,0036592949
41829	137,25586	-15,885984	-15,95512	-0,049968064	-0,0045958161	-0,0047169076	-0,004389707
41829	137,75586	-17,835985	-17,803617	-0,056940317	-0,0052939653	-0,0054507493	-0,0050977934
41829	138,25586	-19,785984	-19,750555	-0,062872469	-0,0060317516	-0,0063772597	-0,0057642441
41829	138,75586	-21,735985	-21,687424	-0,069007277	-0,0067527294	-0,0072279065	-0,0064811595
41829	139,25586	-23,685986	-23,599159	-0,07455945	-0,0074530244	-0,0080790371	-0,0072495639
41829	139,75586	-25,635984	-25,540865	-0,0809744	-0,0082437098	-0,009092696	-0,0079332236
41829	140,25586	-27,585985	-27,607538	-0,087487698	-0,0088457167	-0,0099015562	-0,0087472815
41829	140,75586	-29,535986	-29,533268	-0,092244148	-0,0096215308	-0,010855144	-0,0094160698
41829	141,25586	-31,485985	-31,454548	-0,0975281	-0,010284036	-0,011728529	-0,010222565
41829	141,75586	-33,435986	-33,372574	-0,10204315	-0,010885954	-0,012550996	-0,010860924
41829	142,25586	-35,385986	-35,378918	-0,10821819	-0,011602789	-0,013455026	-0,011752687
41829	142,75586	-37,335987	-37,278305	-0,11352748	-0,012308896	-0,014311428	-0,012367774
41829	143,25586	-39,285984	-39,18993	-0,11830926	-0,01295656	-0,015208041	-0,013184326
41829	143,75586	-41,235985	-41,201954	-0,12310743	-0,013664424	-0,016100574	-0,013893235
41829	144,25586	-43,185986	-43,177647	-0,12792647	-0,01438877	-0,01703836	-0,014707802
41829	144,75586	-45,135986	-45,046238	-0,13366044	-0,015057921	-0,017925002	-0,015380917
41829	145,25586	-47,085987	-47,072071	-0,13920367	-0,015785843	-0,018757585	-0,016221246
41829	145,75586	-49,035984	-48,891712	-0,14315695	-0,016447365	-0,019467423	-0,016877519
41829	146,25586	-50,985985	-50,948307	-0,14861673	-0,017125905	-0,020434292	-0,017709335
41829	146,75586	-52,935986	-52,809547	-0,15367866	-0,017809898	-0,021296646	-0,01838319
41829	147,25586	-54,885986	-54,949825	-0,15898347	-0,018621892	-0,022322202	-0,01931626
41829	147,75586	-56,835987	-56,740551	-0,16322434	-0,019221902	-0,023032589	-0,019971842
41829	148,25586	-58,785984	-58,7141	-0,16852617	-0,019980729	-0,023879766	-0,020839822
41829	148,75586	-60,735985	-60,628868	-0,17283559	-0,020635962	-0,024732579	-0,021551166
41829	149,25586	-62,685986	-62,571518	-0,17734468	-0,021449655	-0,025594661	-0,022319516
41829	149,75586	-64,635986	-64,555344	-0,18240213	-0,022076219	-0,02638921	-0,02309069
41829	150,25586	-66,585983	-66,495995	-0,18654764	-0,022780269	-0,027307358	-0,023870779
41829	150,75586	-68,535988	-68,406761	-0,19185692	-0,023553789	-0,028125688	-0,024616715
41829	151,25586	-70,485985	-70,408554	-0,196518	-0,024273127	-0,028932769	-0,025358731
41829	151,75586	-72,435989	-72,363159	-0,20069629	-0,024942636	-0,029756077	-0,026223741
41829	152,25586	-74,385986	-74,321686	-0,20520687	-0,025648028	-0,030597756	-0,026944058
41829	152,75586	-76,335983	-76,225243	-0,20958781	-0,026384979	-0,03149157	-0,027727716
41829	153,25586	-77,400002	-77,388512	-0,21222979	-0,026833773	-0,031957839	-0,02812849
41829	153,75586	-77,400002	-77,373482	-0,213103	-0,026949227	-0,032024954	-0,028247893
41829	154,25586	-77,400002	-77,291939	-0,2123192	-0,026867896	-0,03206487	-0,028187135
41829	154,75586	-77,400002	-77,356079	-0,21320879	-0,02688995	-0,031973768	-0,028271165
41829	155,25586	-77,400002	-77,236336	-0,21256804	-0,026864916	-0,032026887	-0,028184142
41829	155,75586	-77,400002	-77,222351	-0,21267533	-0,026915759	-0,031963196	-0,028212929
41829	156,25586	-77,400002	-77,285515	-0,21345466	-0,026906729	-0,032135367	-0,028210307
41829	156,75586	-77,400002	-77,274612	-0,21390021	-0,026955605	-0,03199498	-0,028205886
41829	157,25586	-77,400002	-77,256599	-0,21265745	-0,02695483	-0,032037929	-0,028229635
41829	157,75586	-77,400002	-77,439507	-0,21365732	-0,027018219	-0,03216156	-0,028281335
41829	158,25586	-77,400002	-77,27327	-0,21399558	-0,026936054	-0,03198142	-0,028247606
41829	158,75586	-77,400002	-77,33107	-0,21446198	-0,026962101	-0,032189459	-0,028216528
41829	159,25586	-77,400002	-77,388557	-0,2136007	-0,026965708	-0,032197505	-0,028244114
41829	159,75586	-77,400002	-77,242378	-0,21368563	-0,026977718	-0,032041352	-0,028238524
41829	160,25586	-77,400002	-77,376717	-0,21375567	-0,026967615	-0,032269649	-0,028263066
41829	160,75586	-77,400002	-77,251266	-0,2134636	-0,026938975	-0,032063723	-0,028216442
41829	161,25586	-77,400002	-77,304688	-0,21410584	-0,027036458	-0,032204065	-0,028248899
41829	161,75586	-77,400002	-77,292786	-0,21430552	-0,02705732	-0,032097079	-0,028267138
41829	162,25586	-77,400002	-77,229355	-0,21445751	-0,02695936	-0,032000061	-0,02826225
41829	162,75586	-77,400002	-77,2864	-0,21475852	-0,026943386	-0,03218906	-0,028211318
41829	163,25586	-77,400002	-77,245888	-0,21377355	-0,026977926	-0,032088034	-0,028292654
41829	163,75586	-77,400002	-77,316734	-0,21461844	-0,02700761	-0,032140777	-0,028209064
41829	164,25586	-77,400002	-77,24456	-0,21419227	-0,027029961	-0,032184247	-0,028270435
41829	164,75586	-77,400002	-77,237556	-0,21390915	-0,026988596	-0,032111093	-0,028299563
41829	165,25586	-77,400002	-77,256844	-0,2142638	-0,027022272	-0,03218304	-0,028299911
41829	165,75586	-77,400002	-77,388161	-0,21442324	-0,027054548	-0,032194145	-0,028270781
41829	166,25586	-77,400002	-77,285263	-0,21386147	-0,026979715	-0,0321013	-0,028259376
41829	166,75586	-77,400002	-77,313492	-0,21477342	-0,027059525	-0,032169215	-0,028290786
41829	167,25586	-77,400002	-77,317017	-0,21467507	-0,027047157	-0,032110676	-0,028269319
41829	167,75586	-77,400002	-77,189819	-0,21414757	-0,027015865	-0,032189928	-0,028249769
41829	168,25586	-77,400002	-77,368904	-0,21417439	-0,027100831	-0,032232024	-0,028300531
41829	168,75586	-77,400002	-77,348793	-0,21535903	-0,027022541	-0,032153655	-0,028299212
41829	169,25586	-77,400002	-77,344872	-0,21461099	-0,027007192	-0,032280698	-0,028248994
41829	169,75586	-77,400002	-77,332687	-0,21479726	-0,027029723	-0,03219251	-0,028299969
41829	170,25586	-77,400002	-77,310783	-0,21412969	-0,027050495	-0,032177638	-0,028249264
41829	170,75586	-77,400002	-77,303566	-0,21457672	-0,027048528	-0,032161482	-0,028350687
41829	171,25586	-77,400002	-77,215736	-0,21434724	-0,027011544	-0,032168362	-0,028223682
41829	171,75586	-77,400002	-77,31823	-0,2150625	-0,027098238	-0,032234136	-0,028339874
41829	172,25586	-77,400002	-77,29953	-0,21467656	-0,027067363	-0,032261133	-0,028240852
41829	172,75586	-77,400002	-77,2929	-0,21524429	-0,027004987	-0,032213401	-0,028350525
41829	173,25586	-77,400002	-77,25412	-0,21518916	-0,026965231	-0,032233857	-0,0283047
41829	173,75586	-77,400002	-77,386055	-0,21511167	-0,027041554	-0,032189015	-0,028372703
41829	174,25586	-77,400002	-77,218727	-0,21493584	-0,027049989	-0,032280773	-0,028257122
41829	174,75586	-77,400002	-77,251656	-0,21448284	-0,027007341	-0,032190159	-0,028266171
41829	175,25586	-77,400002	-77,292381	-0,21448284	-0,026999533	-0,032255046	-0,028263185
41829	175,75586	-77,400002	-77,305878	-0,21486729	-0,027065068	-0,032166146	-0,028211966
41829	176,25586	-77,400002	-77,338615	-0,21446794	-0,027065247	-0,032198869	-0,028331213
41829	176,75586	-77,400002	-77,212868	-0,21515489	-0,027085125	-0,032213096	-0,028205218
41829	177,25586	-77,400002	-77,346222	-0,21459609	-0,027092904	-0,032244764	-0,028343316
41829	177,75586	-77,400002	-77,34568	-0,21478534	-0,027149022	-0,032265741	-0,028347738
41829	178,25586	-77,400002	-77,428558	-0,21505952	-0,0270935	-0,032347687	-0,028285854
41829	178,75586	-77,400002	-77,330643	-0,21481961	-0,027080983	-0,032345176	-0,02828123
41829	179,25586	-77,400002	-77,299309	-0,21532178	-0,027084827	-0,032150038	-0,028249739
41829	179,75586	-77,400002	-77,484077	-0,21464378	-0,027140588	-0,032365862	-0,028411917
41829	180,25586	-77,400002	-77,291695	-0,21500885	-0,027014732	-0,03221222	-0,028301921
41829	180,75586	-77,400002	-77,352798	-0,21464825	-0,027179599	-0,032167908	-0,028313175
41829	181,25586	-77,400002	-77,321251	-0,21563172	-0,027092338	-0,032255158	-0,028329002
41829	181,75586	-77,400002	-77,406914	-0,21454394	-0,027138531	-0,032260817	-0,028286552
41829	182,25586	-77,400002	-77,353874	-0,2143532	-0,027123153	-0,032330971	-0,028371839
41829	182,75586	-77,400002	-77,252708	-0,21498203	-0,027090043	-0,032247368	-0,028266335
41829	183,25586	-76,301369	-76,331207	-0,2132073	-0,026748896	-0,031940091	-0,027945135
41829	183,75586	-73,801369	-73,729042	-0,20754039	-0,025799572	-0,030829886	-0,02696277
41829	184,25586	-71,301369	-71,14418	-0,20236224	-0,024860352	-0,02969333	-0,025967477
41829	184,75586	-68,801369	-68,623497	-0,19663125	-0,023918748	-0,028724432	-0,024998114
41829	185,25586	-66,301369	-66,287415	-0,19177347	-0,023130208	-0,027642017	-0,023983194
41829	185,75586	-63,801369	-63,666916	-0,18635988	-0,022147536	-0,026645401	-0,023085013
41829	186,25586	-61,301369	-61,11475	-0,18016547	-0,021278977	-0,025501641	-0,022085052
41829	186,75586	-58,801369	-58,585384	-0,17466098	-0,020317286	-0,024397196	-0,021126684
41829	187,25586	-56,301369	-56,104195	-0,16898811	-0,019502908	-0,023369018	-0,020127364
41829	187,75586	-53,801369	-53,741497	-0,16312152	-0,018605858	-0,022323627	-0,019241866
41829	188,25586	-51,301369	-51,176189	-0,1572296	-0,017604738	-0,021258295	-0,018183727
41829	188,75586	-48,801369	-48,61438	-0,15041083	-0,016776294	-0,020067347	-0,017237179
41829	189,25586	-46,301369	-46,097343	-0,14546812	-0,01593259	-0,018940162	-0,016233176
41829	189,75586	-43,801369	-43,622414	-0,13832897	-0,014982969	-0,017882492	-0,015222781
41829	190,25586	-41,301369	-41,001465	-0,13195723	-0,014096558	-0,016652292	-0,014168991
41829	190,75586	-38,801369	-38,594337	-0,12592822	-0,0132007	-0,015726402	-0,013160627
41829	191,25586	-36,301369	-36,047619	-0,11832416	-0,012372375	-0,014615425	-0,012233926
41829	191,75586	-33,801369	-33,663292	-0,11199862	-0,011474937	-0,013441943	-0,011246007
41829	192,25586	-31,301369	-31,215355	-0,10520816	-0,010617405	-0,012433282	-0,010382973
41829	192,75586	-28,801369	-28,710705	-0,098489225	-0,0097348988	-0,011147372	-0,0092981029
41829	193,25586	-26,301369	-26,075079	-0,090970099	-0,0088349283	-0,010125987	-0,0083052721
41829	193,75586	-23,801369	-23,603043	-0,083072484	-0,0079417229	-0,0089092497	-0,0074221771
41829	194,25586	-21,301369	-21,104309	-0,074866414	-0,0069455206	-0,0078187212	-0,0064368155
41829	194,75586	-18,801369	-18,591957	-0,066722929	-0,0059972107	-0,0066668908	-0,0054514352
41829	195,25586	-16,301369	-16,079229	-0,058557093	-0,0050658286	-0,0055188481	-0,0045045372
41829	195,75586	-13,801369	-13,594479	-0,049804151	-0,0040595829	-0,0043940335	-0,003552692
41829	196,25586	-11,301369	-11,161483	-0,040286779	-0,003028363	-0,0032990335	-0,0027528461
41829	196,75586	-8,8013687	-8,5630789	-0,029861927	-0,0019174516	-0,0021822152	-0,0018272698
41829	197,25586	-6,3013687	-6,1834083	-0,018002093	-0,00082975626	-0,0011869941	-0,001006864
41829	197,75586	-3,927	-4,0263252	-0,0049963593	0,00032907724	-0,00039348865	-0,0003136564
41829	198,25586	-3,927	-3,9086733	-0,0042244792	0,00049161911	-0,00029066368	-0,00021247566
41829	198,75586	-3,927	-3,5989656	-0,0024735928	0,00065225363	-0,00018884055	-0,00017316267
41829	199,25586	-3,927	-3,6784167	-0,0018179417	0,00063619018	-0,00015808293	-0,00010416843
41829	199,75586	-3,927	-3,7453287	-0,0026673079	0,00061190128	-0,00013085399	-0,00014126673
41829	200,25586	-3,927	-3,7657433	-0,0023573637	0,00056493282	-0,00023788541	-0,00013145618
41829	200,75586	-3,927	-3,8085449	-0,0029861927	0,0005851686	-0,00019695253	-0,00014395639
41829	201,25586	-3,927	-3,833631	-0,0027507544	0,00052091479	-0,00023784206	-0,00017376058
41829	201,75586	-3,927	-3,8372929	-0,002361834	0,00054258108	-0,0001080753	-0,00014164485
41829	202,25586	-3,927	-3,8942788	-0,002874434	0,00055542588	-0,00020472198	-0,00019370392
41829	202,75586	-3,927	-3,8360431	-0,0032097101	0,00058355927	-0,0002429208	-0,00021100976
41829	203,25586	-3,927	-3,9108043	-0,0032514334	0,00058239698	-0,00012917464	-0,00016637519
41829	203,75586	-3,927	-3,8683453	-0,0028014183	0,00066763163	-0,0001779197	-0,00015519373
41829	204,25586	-3,927	-3,8371048	-0,002720952	0,00063019991	-0,00013414973	-5,2267686e-05
41829	204,75586	-3,927	-3,9232001	-0,0021904707	0,0006338954	-0,00021630815	-0,00013014302
41829	205,25586	-3,927	-3,8088691	-0,0025168061	0,00067996979	-0,00017485996	-3,532134e-05
41829	205,75586	-3,927	-3,8711615	-0,0023171306	0,00066933036	-0,00013859868	-0,00018394366
41829	206,25586	-3,927	-3,848521	-0,0023677945	0,00062984228	-0,0002320872	-7,3598698e-05
41829	206,75586	-3,927	-3,8663354	-0,0021740794	0,0006069839	-0,00013221742	-0,00010793097
41829	207,25586	-3,927	-3,9036703	-0,002579391	0,00061747432	-0,00018270203	-0,00010194071
41829	207,75586	-3,927	-3,8789418	-0,00243783	0,0006544888	-0,00011041626	-4,2991713e-05
41829	208,25586	-3,927	-3,8749819	-0,0019907951	0,00062423944	-0,00013875288	-0,0001215972
41829	208,75586	-3,927	-3,8306787	-0,0021636486	0,00066334009	-0,00013154326	3,7357211e-05
41829	209,25586	-3,927	-3,9008503	-0,0027626753	0,00067549944	-0,00014743199	-0,00014043786
41829	209,75586	-3,927	-3,8752482	-0,0021845102	0,00062951446	-7,4665884e-05	6,6794455e-06
41829	210,25586	-3,927	-3,8976614	-0,0013783574	0,00069212914	-0,00016922351	-0,0001377929
41829	210,75586	-3,927	-3,8325415	-0,0023320317	0,0007326901	-0,00017352606	-0,00011092424
41829	211,25586	-3,927	-3,8617961	-0,0027045608	0,0006891489	-6,3292689e-05	-5,8842823e-05
41829	211,75586	-3,927	-3,8849564	-0,0018283725	0,00065875053	-7,2068942e-05	-4,2466447e-05
41829	212,25586	-3,927	-3,87045	-0,0022575259	0,00070461631	-6,5654334e-05	-2,9424205e-05
41829	212,75586	-3,927	-3,9670131	-0,0018239021	0,00068044662	-0,00012613826	-7,4103475e-05
41829	213,25586	-3,927	-3,8740225	-0,0020176172	0,00065821409	-0,00011230697	1,9224361e-05
41829	213,75586	-3,927	-3,8966537	-0,0019028783	0,00073716044	-2,9907787e-05	-5,8380887e-05
41829	214,25586	-3,927	-3,8977973	-0,0013187528	0,00066539645	-0,00016281877	-2,094917e-05
41829	214,75586	-3,927	-3,9052124	-0,0020861626	0,0007314384	-3,5267242e-06	-5,6307763e-05
41829	215,25586	-3,927	-3,8478765	-0,0016704202	0,00071561337	-0,00015571257	1,6689301e-06
41829	215,75586	-3,927	-3,8572717	-0,0019982457	0,00072547793	-6,8352827e-05	-3,5589561e-05
41829	216,25586	-3,927	-3,8451684	-0,0019237399	0,00075280666	-1,9372699e-05	4,1969121e-05
41829	216,75586	-3,927	-3,8372631	-0,0024050474	0,00079366565	-9,8811841e-05	1,4383346e-05
41829	217,25586	-3,927	-3,8528945	-0,0020712614	0,00075864792	-4,2323711e-05	1,9578263e-05
41829	217,75586	-3,927	-3,8684309	-0,0024423003	0,00073072314	-7,0057969e-05	8,058548e-05
41829	218,25586	-3,927	-3,8308556	-0,0015839934	0,00078544021	-8,4364372e-05	7,4356794e-06
41829	218,75586	-3,927	-3,8334858	-0,0017344952	0,00073152781	-1,8058427e-05	0,00012640655
41829	219,25586	-3,927	-3,9158463	-0,0016599894	0,00069701672	-0,00010455171	-3,901124e-05
41829	219,75586	-3,927	-3,8436725	-0,0022754073	0,00075745583	2,3415791e-05	5,1409006e-06
41829	220,25586	-3,927	-3,8394406	-0,0019311905	0,00075989962	-1,9790068e-05	5,1094219e-05
41829	220,75586	-3,927	-3,8714371	-0,0021785498	0,00077944994	-0,00010539028	-2,8796494e-06
41829	221,25586	-3,927	-3,8423109	-0,001513958	0,00078222156	-5,5659661e-05	9,3646348e-05
41829	221,75586	-3,927	-3,89185	-0,0020965934	0,00075232983	-0,00011469651	4,1153282e-05
41829	222,25586	-3,927	-3,8324242	-0,0020772219	0,00077420473	-4,0152972e-05	7,0404261e-05
41829	222,75586	-3,927	-3,8599186	-0,0021591783	0,00075110793	-9,4275965e-05	1,590699e-06
41829	223,25586	-3,927	-3,8658605	-0,0020340085	0,0007866025	-9,9664583e-05	2,1368265e-05
41829	223,75586	-3,927	-3,8937013	-0,0018790364	0,00076329708	-6,6527879e-05	5,7118014e-05
41829	224,25586	-3,927	-3,8957372	-0,0026226044	0,00076058507	-6,4151362e-05	1,3839453e-05
41829	224,75586	-3,927	-3,8925464	-0,0020891428	0,00075626373	2,9974832e-05	5,5896118e-05
41829	225,25586	-3,927	-3,8357153	-0,0011712313	0,00082206726	-3,3085813e-05	2,4948269e-05
41829	225,75586	-3,927	-3,8394816	-0,0024318695	0,00085347891	1,3778184e-05	6,8815425e-05
41829	226,25586	-3,927	-3,8930438	-0,0024750829	0,00085881352	-1,5090596e-05	5,1733106e-05
41829	226,75586	-3,927	-3,8491151	-0,0014960766	0,0007943511	-3,4362787e-05	5,4270029e-05
41829	227,25586	-3,927	-3,8044081	-0,0015348196	0,00082877278	-8,6343862e-06	7,7664852e-05
41829	227,75586	-3,927	-3,8454161	-0,0016450882	0,00090256333	-0,00014146251	5,4134056e-05
41829	228,25586	-3,927	-3,8805549	-0,0015974045	0,00085324049	1,6866856e-05	0,0001060348
41829	228,75586	-3,927	-3,8560684	-0,0019609928	0,00082159042	-1,9979465e-05	4,5837834e-05
41829	229,25586	-3,927	-3,7669857	-0,0011354685	0,00089162588	-4,8311194e-06	0,00010981038
41829	229,75586	-3,927	-3,8644745	-0,0017151237	0,00079926848	1,0409948e-05	2,8578565e-05
41829	230,25586	-3,927	-3,8087461	-0,0015228987	0,0008315146	-3,1701129e-05	0,00017902069
41829	230,75586	-3,927	-3,8455446	-0,0013560057	0,00091072917	-7,5443335e-05	6,2869862e-05
41829	231,25586	-3,927	-3,8899071	-0,0020116568	0,0008598268	4,3622764e-05	0,0001283139
41829	231,75586	-3,927	-3,8549621	-0,0021755695	0,00079661608	-0,00010304189	6,3208863e-05
41829	232,25586	-3,927	-3,9007478	-0,0019416213	0,00082936883	-1,0438765e-05	8,0749393e-05
41829	232,75586	-3,927	-3,8185959	-0,001513958	0,00088661909	-6,02154e-05	0,00012566522
41829	233,25586	-3,927	-3,8248935	-0,0020593405	0,00096082687	-6,9734953e-05	0,00011255965
41829	233,75586	-3,927	-3,8728957	-0,00128299	0,0008867085	3,1570758e-05	8,7942928e-05
41829	234,25586	-3,927	-3,8427451	-0,0013649464	0,00087156892	-5,8837453e-05	0,00010331348
41829	234,75586	-3,927	-3,8824136	-0,0012949109	0,00090539455	7,8228979e-05	6,6326931e-05
41829	235,25586	-3,927	-3,8898699	-0,0017151237	0,00087791681	-2,1977656e-05	5,9772283e-05
41829	235,75586	-3,927	-3,9428732	-0,0021576881	0,00082817674	-2,4636875e-05	9,8310411e-06
41829	236,25586	-3,927	-3,8583205	-0,0012770295	0,00086718798	7,2783885e-05	9,140186e-05
41829	236,75586	0	-0,020485371	2,3876576	0,0027679205	0,0014188152	0,0012342166

Datenerfassung						Zeit:	237,01563	s	09.07.2014 10:20:19
Ch 1 Kraft	Ch 1 W2TK Mittel	1944 A	1944 B	1281068
kN	mm	mm	mm	mm
0,043373555	-0,00018246158	0,00024032965	0,15205628	0,0017258618
-81,75206	-0,0003378113	-0,00027914159	-0,029810846	-0,032584
