Datum : 	25.3.2014
Durchmesser :	98,5
Datum	Laufzeit	Ch 1 Kraft Sollwert	Ch 1 Kraft	Ch 1 Weg	1944 A	1944 B	1281068
d	s	kN	kN	mm	mm	mm	mm
41723	29,625977	-1,9048828	-1,9133277	-0,16122758	-0,68230361	-0,10834094	0,059471231
41723	30,125977	-1,8048828	-1,8091202	-0,16143173	-0,68226916	-0,10824015	0,059462383
41723	30,625977	-1,7048829	-1,6970541	-0,16116202	-0,68221426	-0,10823686	0,059462566
41723	31,125977	-1,6048828	-1,6021523	-0,16063154	-0,68215513	-0,10813911	0,05944429
41723	31,625977	-1,5048828	-1,4955177	-0,15988052	-0,68207431	-0,10820476	0,059524961
41723	32,125977	-1,4048828	-1,4167074	-0,1588136	-0,68206447	-0,10813083	0,059533168
41723	32,625977	-1,3048828	-1,2995191	-0,15831292	-0,68203694	-0,1080646	0,059556361
41723	33,125977	-1,2048829	-1,210723	-0,15734732	-0,68205023	-0,10805067	0,059553601
41723	33,625977	-1,1048828	-1,1210237	-0,15699565	-0,68197602	-0,1080255	0,059581827
41723	34,125977	-1,0048828	-1,0225959	-0,15682578	-0,68188888	-0,10805521	0,059609719
41723	34,625977	-1	-0,9689424	-0,15612543	-0,68187082	-0,10800042	0,059659455
41723	35,125977	-1	-0,98258626	-0,15610158	-0,68183613	-0,10802338	0,059649438
41723	35,625977	-1	-0,99253654	-0,15612543	-0,68185449	-0,10804302	0,059635065
41723	36,125977	-1	-0,98795259	-0,15574098	-0,68190569	-0,10803982	0,059657767
41723	36,625977	-1	-1,005698	-0,15571117	-0,68190569	-0,10798407	0,059530672
41723	37,125977	-1	-1,0060631	-0,15588999	-0,68189692	-0,10799294	0,059659831
41723	37,625977	-1	-1,0136161	-0,15562922	-0,68184716	-0,10794794	0,059669718
41723	38,125977	-1	-1,0117664	-0,15579015	-0,68185735	-0,10799363	0,059651665
41723	38,625977	-1	-1,0057818	-0,1558423	-0,68183774	-0,10801267	0,059617195
41723	39,125977	-1	-1,0130332	-0,15567243	-0,68187433	-0,1080311	0,059707694
41723	39,625977	-2,7405274	-2,6046765	-0,0068470836	-0,00040453672	-0,00053186715	-0,00058855466
41723	40,125977	-4,6905274	-4,5269094	-0,016897917	-0,0011292696	-0,0010454506	-0,0010437449
41723	40,625977	-6,6405272	-5,8904591	-0,022952259	-0,0016031265	-0,0014781058	-0,0014461072
41723	41,125977	-8,5905275	-8,6647482	-0,035691261	-0,0026225448	-0,0023893714	-0,0022596798
41723	41,625977	-10,540527	-10,490273	-0,043337047	-0,0033220649	-0,0031232834	-0,0027899437
41723	42,125977	-12,490527	-12,700757	-0,051707029	-0,0040447712	-0,0038708597	-0,0034878214
41723	42,625977	-14,440528	-14,81758	-0,060519576	-0,0048368573	-0,0045951009	-0,0040707886
41723	43,125977	-16,390528	-16,643276	-0,066131353	-0,0054957271	-0,0052696168	-0,0046475502
41723	43,625977	-18,340528	-18,547651	-0,072327256	-0,0061315298	-0,0059610456	-0,0052845273
41723	44,125977	-20,290527	-20,43292	-0,07930398	-0,0068153739	-0,0066610873	-0,0059591299
41723	44,625977	-22,240528	-22,347427	-0,085653365	-0,0075545311	-0,0073569864	-0,0065759365
41723	45,125977	-24,190527	-24,276472	-0,091610849	-0,0082383752	-0,0081021339	-0,0072581805
41723	45,625977	-26,140528	-26,207565	-0,097686052	-0,0089007616	-0,0087323934	-0,007775791
41723	46,125977	-28,090528	-28,15139	-0,10364503	-0,0096876025	-0,0094907135	-0,0085151633
41723	46,625977	-30,040527	-30,106079	-0,10869801	-0,01036036	-0,010159656	-0,0091899745
41723	47,125977	-31,990528	-32,022945	-0,11566132	-0,011050463	-0,010985345	-0,0098478403
41723	47,625977	-33,940529	-33,975525	-0,12109131	-0,01178664	-0,011662349	-0,010705607
41723	48,125977	-35,89053	-35,920506	-0,12634695	-0,012401819	-0,012369841	-0,011408152
41723	48,625977	-37,840527	-37,87764	-0,13250113	-0,013108492	-0,013115391	-0,012009664
41723	49,125977	-39,790527	-39,81942	-0,13785213	-0,013822556	-0,013881743	-0,012802655
41723	49,625977	-41,740528	-41,7785	-0,14367104	-0,014570892	-0,014592215	-0,013635323
41723	50,125977	-43,690529	-43,741543	-0,14935434	-0,01523751	-0,015327021	-0,014256467
41723	50,625977	-45,64053	-45,706024	-0,15496761	-0,01595962	-0,016135395	-0,015104876
41723	51,125977	-47,590527	-47,666946	-0,16031116	-0,016636491	-0,016796559	-0,015731575
41723	51,625977	-49,540527	-49,574482	-0,16532838	-0,017374635	-0,017493665	-0,016487401
41723	52,125977	-51,490528	-51,502247	-0,17093718	-0,018013537	-0,018216535	-0,017297914
41723	52,625977	-53,440529	-53,466362	-0,17680526	-0,018731415	-0,018971518	-0,018057704
41723	53,125977	-55,39053	-55,412418	-0,18181354	-0,019472778	-0,01976341	-0,018958027
41723	53,625977	-57,34053	-57,380219	-0,18686205	-0,020248592	-0,020434111	-0,019608792
41723	54,125977	-59,290527	-59,351803	-0,19226521	-0,020880282	-0,021243468	-0,020297589
41723	54,625977	-61,240528	-61,325645	-0,19767135	-0,021697402	-0,02197209	-0,021222061
41723	55,125977	-63,190529	-63,256153	-0,20241886	-0,022417307	-0,022763312	-0,021899052
41723	55,625977	-65,140526	-65,209099	-0,20778179	-0,02309984	-0,023506701	-0,022682905
41723	56,125977	-67,09053	-67,142693	-0,21219105	-0,023836136	-0,024225891	-0,023473924
41723	56,625977	-69,040527	-69,091682	-0,21812022	-0,024526477	-0,024881467	-0,024251262
41723	57,125977	-70,990532	-71,024231	-0,22293776	-0,025197327	-0,02561219	-0,025081698
41723	57,625977	-72,940529	-73,0084	-0,22767186	-0,025958657	-0,026468426	-0,025769871
41723	58,125977	-74,890526	-74,946747	-0,23310184	-0,026711583	-0,027246043	-0,026486451
41723	58,625977	-76,84053	-76,890823	-0,23788661	-0,027501464	-0,02792272	-0,027442507
41723	59,125977	-78,790527	-78,831635	-0,24349391	-0,028157651	-0,028690755	-0,028166089
41723	59,625977	-80,740532	-80,809578	-0,24808943	-0,028926253	-0,029409632	-0,028901771
41723	60,125977	-82,690529	-82,739662	-0,2531454	-0,029649913	-0,030179083	-0,029760584
41723	60,625977	-84,640526	-84,721901	-0,25796592	-0,030482531	-0,030974239	-0,030404005
41723	61,125977	-86,59053	-86,645706	-0,26331842	-0,031166971	-0,031702548	-0,031218491
41723	61,625977	-88,540527	-88,599991	-0,26789159	-0,031882763	-0,032420143	-0,032005414
41723	62,125977	-90,490532	-90,551361	-0,27266145	-0,032560229	-0,03325066	-0,032879557
41723	62,625977	-92,440529	-92,468185	-0,27763695	-0,033388853	-0,033893928	-0,033771019
41723	63,125977	-94,390526	-94,410393	-0,28248876	-0,034053206	-0,034678251	-0,034407087
41723	63,625977	-96,34053	-96,368881	-0,28667897	-0,034786761	-0,035476625	-0,035180304
41723	64,125977	-98,290527	-98,315247	-0,2910912	-0,035558641	-0,036197484	-0,036015261
41723	64,625977	-100,24053	-100,25112	-0,29615462	-0,036197484	-0,036958963	-0,036802184
41723	65,125977	-102,19053	-102,28185	-0,30154139	-0,037000597	-0,037756234	-0,037546322
41723	65,625977	-104,14053	-104,23478	-0,30653924	-0,0378111	-0,038503855	-0,03843056
41723	66,125977	-106,09053	-106,18025	-0,31096339	-0,038556695	-0,039157972	-0,039238792
41723	66,625977	-108,04053	-108,07406	-0,31574965	-0,039243281	-0,039901942	-0,039899159
41723	67,125977	-109,99053	-109,99856	-0,32031685	-0,039986014	-0,040681094	-0,040737063
41723	67,625977	-111,94053	-112,00394	-0,32509565	-0,040777922	-0,041423589	-0,041509166
41723	68,125977	-113,89053	-114,00813	-0,32989234	-0,041529	-0,042216808	-0,042315844
41723	68,625977	-115,84053	-115,92242	-0,33432096	-0,042242706	-0,042975888	-0,043141346
41723	69,125977	-117,79053	-117,86161	-0,3390491	-0,042932808	-0,043751761	-0,043869365
41723	69,625977	-119,74053	-119,83054	-0,34387261	-0,043783605	-0,044509083	-0,04479859
41723	70,125977	-121,69053	-121,76113	-0,34778118	-0,044488311	-0,045248017	-0,045494217
41723	70,625977	-123,64053	-123,70561	-0,35241991	-0,045135915	-0,045947492	-0,046257779
41723	71,125977	-125,59053	-125,62521	-0,35727024	-0,045922637	-0,046724513	-0,047079958
41723	71,625977	-127,54053	-127,57649	-0,36166757	-0,046699643	-0,04744707	-0,047797471
41723	72,125977	-129,49052	-129,58351	-0,36642849	-0,047522783	-0,048249185	-0,048696417
41723	72,625977	-131,44054	-131,48775	-0,37103891	-0,048202157	-0,049064875	-0,049449302
41723	73,125977	-133,39053	-133,46655	-0,37468076	-0,04893589	-0,049792022	-0,050213989
41723	73,625977	-135,34053	-135,39421	-0,37961751	-0,049730539	-0,050459564	-0,05098024
41723	74,125977	-137,29053	-137,33185	-0,38452297	-0,05043608	-0,051218957	-0,051857211
41723	74,625977	-139,24052	-139,25095	-0,3885597	-0,051163614	-0,051986828	-0,052499849
41723	75,125977	-141,19054	-141,19728	-0,39336383	-0,051911712	-0,052763507	-0,053331465
41723	75,625977	-143,14053	-143,15585	-0,39802045	-0,052724004	-0,053569064	-0,054069772
41723	76,125977	-145,09053	-145,09813	-0,40187985	-0,05344069	-0,054270387	-0,054931272
41723	76,625977	-147,04053	-147,11719	-0,40635616	-0,054276705	-0,055023372	-0,055721723
41723	77,125977	-148,99052	-149,08871	-0,41026175	-0,055058479	-0,055801436	-0,056491796
41723	77,625977	-150,94054	-151,01149	-0,4151538	-0,055791855	-0,056580126	-0,057284944
41723	78,125977	-152,89053	-152,93341	-0,41939691	-0,056586623	-0,057306752	-0,058035161
41723	78,625977	-153,17734	-153,55322	-0,42153001	-0,056929052	-0,057741299	-0,058404282
41723	79,125977	-151,22734	-151,41663	-0,41809231	-0,056311071	-0,057211503	-0,057880186
41723	79,625977	-149,27734	-149,38344	-0,41491762	-0,055873334	-0,056609675	-0,057290282
41723	80,125977	-147,32735	-147,39122	-0,41101873	-0,055312872	-0,056038558	-0,056797497
41723	80,625977	-145,37735	-145,44122	-0,40770769	-0,054769635	-0,055494025	-0,05621716
41723	81,125977	-143,42734	-143,45415	-0,40432662	-0,054223061	-0,054941654	-0,055659797
41723	81,625977	-141,47734	-141,53928	-0,40062815	-0,053668559	-0,054465026	-0,055148005
41723	82,125977	-139,52734	-139,55121	-0,39726049	-0,053112566	-0,053857222	-0,054514915
41723	82,625977	-137,57735	-137,5815	-0,39389431	-0,052477539	-0,053275466	-0,053874709
41723	83,125977	-135,62735	-135,63338	-0,38977712	-0,051977634	-0,052657843	-0,053280387
41723	83,625977	-133,67734	-133,66498	-0,38594306	-0,051415205	-0,052121535	-0,052687783
41723	84,125977	-131,72734	-131,68375	-0,38243234	-0,050679862	-0,051511124	-0,052157056
41723	84,625977	-129,77734	-129,71948	-0,37911087	-0,050183296	-0,050964087	-0,051446464
41723	85,125977	-127,82735	-127,77261	-0,37448108	-0,049623966	-0,050324008	-0,050824739
41723	85,625977	-125,87734	-125,83231	-0,37126243	-0,04909122	-0,049701154	-0,050254274
41723	86,125977	-123,92735	-123,90293	-0,36689639	-0,048384845	-0,049098745	-0,0496183
41723	86,625977	-121,97734	-121,9687	-0,36346167	-0,047825277	-0,048479855	-0,049021959
41723	87,125977	-120,02734	-120,02055	-0,35914183	-0,04722929	-0,047875881	-0,048445195
41723	87,625977	-118,07734	-118,05489	-0,35568178	-0,046640277	-0,047182992	-0,047700524
41723	88,125977	-116,12734	-116,09274	-0,35178363	-0,046030164	-0,046691507	-0,047210798
41723	88,625977	-114,17735	-114,13297	-0,34774393	-0,045427501	-0,046031401	-0,046419565
41723	89,125977	-112,22734	-112,16597	-0,34381598	-0,044799209	-0,045400381	-0,045809258
41723	89,625977	-110,27734	-110,19705	-0,33964068	-0,044176757	-0,04475525	-0,045242112
41723	90,125977	-108,32734	-108,27788	-0,33549666	-0,043578446	-0,044151679	-0,044517379
41723	90,625977	-106,37734	-106,33578	-0,33131093	-0,043057859	-0,04349722	-0,043884285
41723	91,125977	-104,42735	-104,38741	-0,32715201	-0,042309046	-0,042878151	-0,043236542
41723	91,625977	-102,47734	-102,45087	-0,32354891	-0,041747451	-0,042259306	-0,042591497
41723	92,125977	-100,52734	-100,49897	-0,31918138	-0,041097045	-0,041666269	-0,042051617
41723	92,625977	-98,577339	-98,545181	-0,31539649	-0,040419459	-0,04100059	-0,041257769
41723	93,125977	-96,627342	-96,636375	-0,31117797	-0,039838314	-0,040393263	-0,040632874
41723	93,625977	-94,677345	-94,652847	-0,30716211	-0,039190412	-0,039696917	-0,039926354
41723	94,125977	-92,727341	-92,667496	-0,30307919	-0,038522243	-0,039039195	-0,039315425
41723	94,625977	-90,777344	-90,737015	-0,29818863	-0,037921727	-0,038360164	-0,038511749
41723	95,125977	-88,827339	-88,766258	-0,2939567	-0,037269473	-0,037725285	-0,037866969
41723	95,625977	-86,877342	-86,832741	-0,28917938	-0,036642194	-0,037047103	-0,037112705
41723	96,125977	-84,927345	-84,917725	-0,28567016	-0,035974622	-0,036417484	-0,036557741
41723	96,625977	-82,977341	-82,952179	-0,28076321	-0,035258532	-0,035751686	-0,035839129
41723	97,125977	-81,027344	-81,011063	-0,27657747	-0,034681618	-0,035106584	-0,035144694
41723	97,625977	-79,077339	-79,052437	-0,27211159	-0,034071207	-0,034374684	-0,034509778
41723	98,125977	-77,127342	-77,082024	-0,26760548	-0,033312619	-0,033792138	-0,033733193
41723	98,625977	-75,177345	-75,145828	-0,26222914	-0,032729506	-0,033071175	-0,032999549
41723	99,125977	-73,227341	-73,15033	-0,2579689	-0,032033622	-0,032313272	-0,032332111
41723	99,625977	-71,277344	-71,221329	-0,25386363	-0,031369984	-0,031674176	-0,031612597
41723	100,12598	-69,327339	-69,27256	-0,24877042	-0,030689716	-0,031001836	-0,030796569
41723	100,62598	-67,377342	-67,322647	-0,2437219	-0,029999673	-0,030284613	-0,030223049
41723	101,12598	-65,427345	-65,391586	-0,23896247	-0,029357314	-0,029534265	-0,029486503
41723	101,62598	-63,477341	-63,453632	-0,23434609	-0,02856946	-0,028924987	-0,028697679
41723	102,12598	-61,52734	-61,512768	-0,22944361	-0,027886927	-0,028159261	-0,027992012
41723	102,62598	-59,577343	-59,539665	-0,22469163	-0,027137518	-0,027470976	-0,027201205
41723	103,12598	-57,627342	-57,568787	-0,22005737	-0,026453674	-0,026787892	-0,026491096
41723	103,62598	-55,677341	-55,626076	-0,21466762	-0,025780022	-0,026070476	-0,025776835
41723	104,12598	-53,727341	-53,64286	-0,20894259	-0,024996698	-0,025264859	-0,024971316
41723	104,62598	-51,77734	-51,712143	-0,20370036	-0,02437526	-0,024570912	-0,024282401
41723	105,12598	-49,827343	-49,767063	-0,19912422	-0,023611426	-0,023909882	-0,023579024
41723	105,62598	-47,877342	-47,834991	-0,19351244	-0,022855043	-0,023123518	-0,022852475
41723	106,12598	-45,927341	-45,872246	-0,18829107	-0,022071123	-0,02241686	-0,022076538
41723	106,62598	-43,977341	-43,928707	-0,18322468	-0,021346331	-0,021591425	-0,021247664
41723	107,12598	-42,02734	-41,987457	-0,17690212	-0,020568848	-0,020924419	-0,02058674
41723	107,62598	-40,077339	-40,060627	-0,17198473	-0,019856632	-0,020072207	-0,019728916
41723	108,12598	-38,127342	-38,10014	-0,16630292	-0,019111276	-0,019300207	-0,019104758
41723	108,62598	-36,177341	-36,11412	-0,16051084	-0,018282592	-0,018615171	-0,018345704
41723	109,12598	-34,227341	-34,159203	-0,15503913	-0,017444432	-0,017829552	-0,017572071
41723	109,62598	-32,27734	-32,192612	-0,14880896	-0,016593695	-0,017051533	-0,016851516
41723	110,12598	-30,327341	-30,286375	-0,14254153	-0,015936077	-0,016303599	-0,016148271
41723	110,62598	-28,37734	-28,336369	-0,13652742	-0,015135288	-0,015541151	-0,015236299
41723	111,12598	-26,427341	-26,365475	-0,13054907	-0,014260828	-0,014705375	-0,014565828
41723	111,62598	-24,477341	-24,45759	-0,12393445	-0,013504207	-0,013902724	-0,013736368
41723	112,12598	-22,52734	-22,479273	-0,11803657	-0,0125314	-0,013089061	-0,013025718
41723	112,62598	-20,577341	-20,537931	-0,11172593	-0,011791348	-0,01227203	-0,012286305
41723	113,12598	-18,62734	-18,573593	-0,10533631	-0,010897517	-0,011478364	-0,011442748
41723	113,62598	-16,67734	-16,637211	-0,09855181	-0,010058761	-0,010640904	-0,010771068
41723	114,12598	-14,727341	-14,660677	-0,091284513	-0,0091896057	-0,009776637	-0,010060478
41723	114,62598	-12,77734	-12,726389	-0,084267557	-0,0082840323	-0,008940801	-0,0092814658
41723	115,12598	-10,82734	-10,797581	-0,076888502	-0,0074185133	-0,008127287	-0,0085409032
41723	115,62598	-8,8773403	-8,850708	-0,069357455	-0,0065425038	-0,0072551668	-0,0076617943
41723	116,12598	-6,92734	-6,9397755	-0,060346723	-0,005569756	-0,0064703822	-0,0069752447
41723	116,62598	-4,9773402	-5,3545294	-0,052653253	-0,0048705339	-0,0057311803	-0,0063721677
41723	117,12598	-3,0273402	-3,3387263	-0,041407347	-0,0040445924	-0,0048724413	-0,0056134872
41723	117,62598	-1,07734	-1,1039637	-0,026574731	-0,0031987429	-0,0037421882	-0,0047093928
41723	118,12598	-2,8547852	-2,1240971	-0,030857325	-0,0034224391	-0,0040289313	-0,0048334813
41723	118,62598	-4,8047853	-4,2717586	-0,0424698	-0,004019022	-0,0048385859	-0,0055247061
41723	119,12598	-6,7547851	-5,5044537	-0,049123168	-0,004442215	-0,0052789152	-0,0059784316
41723	119,62598	-8,7047853	-8,5099621	-0,061550736	-0,0054166317	-0,006317541	-0,006957355
41723	120,12598	-10,654785	-10,758739	-0,0691697	-0,0062633157	-0,0070627183	-0,007606362
41723	120,62598	-12,604785	-12,744264	-0,076931715	-0,0069906116	-0,0077026039	-0,0084408009
41723	121,12598	-14,554786	-14,680985	-0,083360076	-0,0076881647	-0,0084488392	-0,008978785
41723	121,62598	-16,504786	-16,597458	-0,088860095	-0,0084106922	-0,009175539	-0,0098135313
41723	122,12598	-18,454786	-18,54631	-0,095896423	-0,0090600848	-0,0098242611	-0,010403136
41723	122,62598	-20,404785	-20,468885	-0,1012221	-0,0097462535	-0,010567859	-0,01105973
41723	123,12598	-22,354786	-22,406136	-0,1074478	-0,010435939	-0,01132971	-0,011850419
41723	123,62598	-24,304785	-24,365015	-0,11314005	-0,011184514	-0,011989027	-0,012544267
41723	124,12598	-26,254786	-26,275837	-0,1188755	-0,011802197	-0,012654886	-0,013183066
41723	124,62598	-28,204786	-28,223019	-0,1256302	-0,012497783	-0,013417512	-0,013992858
41723	125,12598	-30,154785	-30,200766	-0,13056844	-0,013287842	-0,014148325	-0,014650856
41723	125,62598	-32,104786	-32,145958	-0,13615936	-0,013886809	-0,014888093	-0,015376176
41723	126,12598	-34,054787	-34,12326	-0,14211535	-0,014715254	-0,015629992	-0,016209347
41723	126,62598	-36,004787	-36,041069	-0,14804602	-0,015327394	-0,016334131	-0,01695089
41723	127,12598	-37,954784	-38,036034	-0,15303046	-0,016012669	-0,017043769	-0,017767385
41723	127,62598	-39,904785	-39,975597	-0,15853643	-0,016755283	-0,017741039	-0,018476816
41723	128,12598	-41,854786	-41,920948	-0,16376525	-0,017342389	-0,018424556	-0,019185059
41723	128,62598	-43,804787	-43,875603	-0,16927421	-0,018017113	-0,019207224	-0,019984344
41723	129,12598	-45,754787	-45,796661	-0,17404109	-0,018740356	-0,019945666	-0,020737145
41723	129,62598	-47,704784	-47,752422	-0,18010437	-0,019424736	-0,020648599	-0,021417381
41723	130,12598	-49,654785	-49,671085	-0,18446892	-0,020085096	-0,021357253	-0,022183806
41723	130,62598	-51,604786	-51,638737	-0,18977523	-0,020859301	-0,022045568	-0,022952391
41723	131,12598	-53,554787	-53,561893	-0,19532293	-0,021425307	-0,022761673	-0,023624228
41723	131,62598	-55,504787	-55,54372	-0,20004213	-0,02215308	-0,023513868	-0,024443777
41723	132,12598	-57,454788	-57,515377	-0,20538419	-0,02277112	-0,024185166	-0,025187766
41723	132,62598	-59,404785	-59,487022	-0,21027923	-0,023471951	-0,024937987	-0,025915263
41723	133,12598	-61,354786	-61,443775	-0,21590292	-0,024167955	-0,025672078	-0,026646921
41723	133,62598	-63,304787	-63,387783	-0,22077709	-0,024876416	-0,026376843	-0,027377844
41723	134,12598	-65,254784	-65,362892	-0,22480786	-0,025576949	-0,027111009	-0,028260227
41723	134,62598	-67,204788	-67,285332	-0,23005754	-0,026219964	-0,027743176	-0,028911809
41723	135,12598	-69,154785	-69,220543	-0,23509562	-0,026846647	-0,028538272	-0,029663399
41723	135,62598	-71,10479	-71,134171	-0,23981035	-0,027536154	-0,029199108	-0,030452035
41723	136,12598	-73,054787	-73,105087	-0,24467111	-0,028219342	-0,029901162	-0,031178106
41723	136,62598	-75,004784	-75,052475	-0,2488032	-0,028883696	-0,030570537	-0,031856999
41723	137,12598	-76,954788	-77,038033	-0,25415421	-0,029591024	-0,031314105	-0,032662034
41723	137,62598	-78,904785	-78,966766	-0,25870055	-0,030249894	-0,03205961	-0,033345804
41723	138,12598	-80,85479	-80,927757	-0,26287884	-0,030900896	-0,032745779	-0,034181718
41723	138,62598	-82,804787	-82,887436	-0,26780218	-0,031654596	-0,033460692	-0,034841694
41723	139,12598	-84,754784	-84,8106	-0,2723217	-0,032219589	-0,034135103	-0,035602205
41723	139,62598	-86,704788	-86,772461	-0,27702302	-0,032890499	-0,034887344	-0,036331076
41723	140,12598	-88,654785	-88,702042	-0,28220266	-0,033539414	-0,035500139	-0,037052497
41723	140,62598	-90,60479	-90,626472	-0,28629303	-0,034180939	-0,036239177	-0,037742749
41723	141,12598	-92,554787	-92,574944	-0,29047728	-0,034887016	-0,036951527	-0,038540225
41723	141,62598	-94,504784	-94,532639	-0,29520988	-0,035558045	-0,037622273	-0,039178129
41723	142,12598	-96,454788	-96,507187	-0,30024946	-0,036283255	-0,038346738	-0,039949801
41723	142,62598	-98,404785	-98,447235	-0,30383617	-0,03690505	-0,039035141	-0,040677279
41723	143,12598	-100,35479	-100,45103	-0,30920953	-0,037556589	-0,039731756	-0,041363198
41723	143,62598	-102,30479	-102,38917	-0,31360239	-0,038165987	-0,040424705	-0,042195477
41723	144,12598	-104,25479	-104,32996	-0,31770617	-0,038864315	-0,041191235	-0,042837441
41723	144,62598	-106,20479	-106,27621	-0,32218248	-0,039481401	-0,041807115	-0,043503441
41723	145,12598	-108,15479	-108,21342	-0,3267318	-0,040175676	-0,042507187	-0,044314776
41723	145,62598	-110,10479	-110,10181	-0,33140182	-0,040778458	-0,043182373	-0,044995025
41723	146,12598	-112,05479	-112,07836	-0,33532083	-0,041442156	-0,04384926	-0,045645449
41723	146,62598	-114,00479	-114,04471	-0,33948272	-0,042159617	-0,044550717	-0,046389487
41723	147,12598	-115,95479	-115,99635	-0,34429729	-0,042742431	-0,045256615	-0,047160871
41723	147,62598	-117,90479	-118,00848	-0,34839958	-0,043468475	-0,045975938	-0,047741264
41723	148,12598	-119,85479	-119,94243	-0,35283118	-0,044160962	-0,046650678	-0,048582789
41723	148,62598	-121,80479	-121,86138	-0,3570348	-0,044769943	-0,047275037	-0,049191888
41723	149,12598	-123,75479	-123,80023	-0,36132038	-0,045420885	-0,048043385	-0,0498694
41723	149,62598	-125,70479	-125,7152	-0,36548525	-0,046019137	-0,048617855	-0,050675344
41723	150,12598	-127,65479	-127,66138	-0,36963373	-0,046626866	-0,049341202	-0,051314566
41723	150,62598	-129,60478	-129,6405	-0,37413687	-0,047360957	-0,05001916	-0,052136425
41723	151,12598	-131,55479	-131,59331	-0,37771761	-0,048022926	-0,050665647	-0,052750312
41723	151,62598	-133,50479	-133,52603	-0,3820613	-0,048640013	-0,051369667	-0,05340359
41723	152,12598	-135,45479	-135,53616	-0,38620085	-0,049357533	-0,052071959	-0,054184221
41723	152,62598	-137,40479	-137,48177	-0,39081126	-0,050024807	-0,052785903	-0,054915417
41723	153,12598	-139,35478	-139,44972	-0,39459467	-0,050652206	-0,053467304	-0,055507064
41723	153,62598	-141,30479	-141,35902	-0,39886087	-0,051303327	-0,054220229	-0,056272361
41723	154,12598	-143,25479	-143,33081	-0,40289015	-0,051877379	-0,054797664	-0,056985509
41723	154,62598	-145,20479	-145,26523	-0,40723085	-0,052565098	-0,055418387	-0,057670962
41723	155,12598	-147,15479	-147,1882	-0,41093826	-0,053231835	-0,056171834	-0,058422398
41723	155,62598	-149,10478	-149,16182	-0,41533634	-0,054003954	-0,056901231	-0,059088357
41723	156,12598	-151,05479	-151,11133	-0,41929483	-0,054652929	-0,057665035	-0,059952553
41723	156,62598	-153	-153,04156	-0,42363405	-0,055292547	-0,058245391	-0,06054806
41723	157,12598	-151,06143	-151,29826	-0,42073429	-0,054829359	-0,057849094	-0,060129441
41723	157,62598	-149,11142	-149,28871	-0,41726008	-0,054320872	-0,057264894	-0,059587426
41723	158,12598	-147,16142	-147,2742	-0,4145138	-0,053749919	-0,056756258	-0,058974747
41723	158,62598	-145,21143	-145,26869	-0,41002929	-0,05318892	-0,056150556	-0,058386274
41723	159,12598	-143,26143	-143,33977	-0,40677637	-0,052651227	-0,055618778	-0,057880517
41723	159,62598	-141,31143	-141,32712	-0,40340722	-0,052080333	-0,055058047	-0,057208832
41723	160,12598	-139,36142	-139,35789	-0,3992632	-0,051511228	-0,054513872	-0,056635719
41723	160,62598	-137,41142	-137,40161	-0,39560199	-0,050935507	-0,053894833	-0,056011803
41723	161,12598	-135,46143	-135,49992	-0,39205551	-0,050420821	-0,053365618	-0,055380385
41723	161,62598	-133,51143	-133,53281	-0,38836896	-0,049795151	-0,052794844	-0,054805517
41723	162,12598	-131,56143	-131,55618	-0,38482845	-0,049125254	-0,052157834	-0,05416926
41723	162,62598	-129,61142	-129,59373	-0,38074255	-0,048628986	-0,051523849	-0,05350475
41723	163,12598	-127,66142	-127,64697	-0,37668198	-0,048017442	-0,050973207	-0,052952569
41723	163,62598	-125,71143	-125,67425	-0,37303567	-0,047464609	-0,050322339	-0,052350659
41723	164,12598	-123,76143	-123,68832	-0,36910325	-0,046783328	-0,049760759	-0,051654585
41723	164,62598	-121,81142	-121,7774	-0,36549866	-0,046261072	-0,049136549	-0,051154923
41723	165,12598	-119,86143	-119,82665	-0,36202967	-0,045647681	-0,048478663	-0,050507996
41723	165,62598	-117,91142	-117,88807	-0,35807341	-0,044988215	-0,047858149	-0,049910389
41723	166,12598	-115,96143	-115,96306	-0,35425574	-0,044415772	-0,047390297	-0,049315762
41723	166,62598	-114,01142	-114,02673	-0,35016537	-0,043824196	-0,046667874	-0,048546121
41723	167,12598	-112,06142	-112,04285	-0,34591109	-0,043202639	-0,04603526	-0,047975738
41723	167,62598	-110,11143	-110,05515	-0,3423661	-0,042535663	-0,045477509	-0,047269672
41723	168,12598	-108,16142	-108,10598	-0,33835918	-0,042003751	-0,044836938	-0,046727438
41723	168,62598	-106,21143	-106,18275	-0,33391565	-0,041381478	-0,044142708	-0,046048533
41723	169,12598	-104,26142	-104,19275	-0,32995492	-0,040773988	-0,043520212	-0,045315843
41723	169,62598	-102,31142	-102,23479	-0,325647	-0,040102363	-0,04284595	-0,044610944
41723	170,12598	-100,36143	-100,3161	-0,3216207	-0,039480567	-0,04229039	-0,043974936
41723	170,62598	-98,411423	-98,409027	-0,31743348	-0,038929641	-0,041616514	-0,043339346
41723	171,12598	-96,461426	-96,439445	-0,31351745	-0,038263142	-0,041002125	-0,04273349
41723	171,62598	-94,511421	-94,490692	-0,30960441	-0,037637055	-0,040300757	-0,04203143
41723	172,12598	-92,561424	-92,497566	-0,30522048	-0,037003815	-0,039709747	-0,04128715
41723	172,62598	-90,611427	-90,546783	-0,30061901	-0,03634119	-0,039108187	-0,040585604
41723	173,12598	-88,661423	-88,593384	-0,29646605	-0,035663664	-0,038379118	-0,039886195
41723	173,62598	-86,711426	-86,680031	-0,29201806	-0,035046697	-0,037724659	-0,039252952
41723	174,12598	-84,761421	-84,725372	-0,28754771	-0,034443736	-0,037045404	-0,038542304
41723	174,62598	-82,811424	-82,75943	-0,28318614	-0,033777595	-0,036387593	-0,037737429
41723	175,12598	-80,861427	-80,77903	-0,27910471	-0,033093035	-0,035740107	-0,037123419
41723	175,62598	-78,911423	-78,829247	-0,2741456	-0,032413602	-0,035020515	-0,036319681
41723	176,12598	-76,961426	-76,871056	-0,27011782	-0,031777918	-0,034369379	-0,035656236
41723	176,62598	-75,011421	-74,969696	-0,2649799	-0,031156421	-0,033736199	-0,035039086
41723	177,12598	-73,061424	-73,029221	-0,2602011	-0,030443907	-0,032945812	-0,034236357
41723	177,62598	-71,111427	-71,069	-0,2558887	-0,029902279	-0,032276094	-0,033650622
41723	178,12598	-69,161423	-69,105446	-0,25107712	-0,029140353	-0,03159517	-0,032800976
41723	178,62598	-67,211426	-67,167427	-0,24600327	-0,028452873	-0,030905813	-0,032069761
41723	179,12598	-65,261421	-65,219719	-0,24114847	-0,027769983	-0,030187607	-0,031392839
41723	179,62598	-63,311424	-63,264477	-0,23683012	-0,027042687	-0,029491052	-0,03055894
41723	180,12598	-61,361423	-61,292732	-0,23210347	-0,026398122	-0,028774619	-0,029784821
41723	180,62598	-59,411423	-59,400623	-0,22655874	-0,025744855	-0,027977601	-0,029099168
41723	181,12598	-57,461422	-57,395927	-0,22082627	-0,025033355	-0,027286366	-0,028342219
41723	181,62598	-55,511425	-55,453522	-0,21627843	-0,024259984	-0,02661328	-0,027491432
41723	182,12598	-53,561424	-53,512455	-0,21140575	-0,02361387	-0,025886387	-0,026824692
41723	182,62598	-51,611423	-51,56451	-0,20615458	-0,022831678	-0,025075272	-0,025996592
41723	183,12598	-49,661423	-49,616982	-0,20111799	-0,022049248	-0,024365872	-0,025284832
41723	183,62598	-47,711422	-47,629688	-0,19558519	-0,021351099	-0,023663044	-0,024615729
41723	184,12598	-45,761425	-45,694008	-0,19014478	-0,020699084	-0,02288501	-0,023797018
41723	184,62598	-43,811424	-43,750454	-0,18471926	-0,019866943	-0,02209045	-0,023080312
41723	185,12598	-41,861423	-41,84193	-0,17961264	-0,01917398	-0,021329612	-0,02224909
41723	185,62598	-39,911423	-39,882065	-0,17361194	-0,01844269	-0,02063936	-0,021429
41723	186,12598	-37,961422	-37,934753	-0,16845912	-0,017683566	-0,01982908	-0,020679766
41723	186,62598	-36,011421	-35,952473	-0,16280562	-0,016876936	-0,019105807	-0,019915432
41723	187,12598	-34,061424	-33,986317	-0,15743524	-0,016083896	-0,0181963	-0,019031506
41723	187,62598	-32,111423	-32,023491	-0,15106648	-0,015296161	-0,017467305	-0,018329067
41723	188,12598	-30,161423	-30,097923	-0,14457107	-0,014500082	-0,016688883	-0,017522268
41723	188,62598	-28,211422	-28,163359	-0,13904423	-0,013736367	-0,015866354	-0,016774338
41723	189,12598	-26,261423	-26,221121	-0,13327301	-0,013014019	-0,015061393	-0,01597636
41723	189,62598	-24,311422	-24,276136	-0,12666881	-0,012183785	-0,014296636	-0,015181041
41723	190,12598	-22,361423	-22,310247	-0,12010038	-0,011326373	-0,013417333	-0,014433707
41723	190,62598	-20,411423	-20,356785	-0,11402518	-0,010505378	-0,012611657	-0,013613501
41723	191,12598	-18,461422	-18,404514	-0,1072064	-0,0097442269	-0,011800408	-0,012747181
41723	191,62598	-16,511423	-16,468918	-0,10068864	-0,0088921189	-0,010918111	-0,012041114
41723	192,12598	-14,561422	-14,520205	-0,093004107	-0,008077383	-0,010092378	-0,011213945
41723	192,62598	-12,611423	-12,570871	-0,086157024	-0,0071887374	-0,0092101991	-0,01034767
41723	193,12598	-10,661423	-10,617263	-0,079087913	-0,0063524842	-0,008374691	-0,0095625315
41723	193,62598	-8,711422	-8,6510658	-0,071169436	-0,0055780411	-0,0074785799	-0,0086719831
41723	194,12598	-6,7614222	-6,7359915	-0,062547624	-0,0048109889	-0,0066000372	-0,0079267519
41723	194,62598	-4,8114223	-5,1286483	-0,05402565	-0,0040886998	-0,0059684515	-0,007163669
41723	195,12598	-2,8614221	-3,2162871	-0,043949485	-0,0034117103	-0,0050936341	-0,0064093759
41723	195,62598	-1	-0,99428183	-0,02758801	-0,0026935935	-0,0039707124	-0,0053407177
41723	196,12598	-1	-0,7307995	-0,024780631	-0,0025951862	-0,0037501007	-0,0050852206
41723	196,62598	-1	-0,67909247	-0,023199618	-0,0025169849	-0,0036146939	-0,0049386732
41723	197,12598	-1	-0,70746058	-0,023344159	-0,0025325418	-0,0035765767	-0,0048917579
41723	197,62598	-1	-0,75046533	-0,023254752	-0,0024297237	-0,003608048	-0,0047345087
41723	198,12598	-1	-0,78510493	-0,023466349	-0,002494514	-0,0035198778	-0,0048320442
41723	198,62598	-1	-0,82986802	-0,023697317	-0,0024325252	-0,0035582632	-0,0048871161
41723	199,12598	-1	-0,87230468	-0,023916364	-0,0023629069	-0,0035925508	-0,004865109
41723	199,62598	-1	-0,90741551	-0,024075806	-0,0023995042	-0,0036104023	-0,0049581928
41723	200,12598	-1	-0,91784823	-0,02425313	-0,0024510026	-0,0035382509	-0,004807272
41723	200,62598	-1	-0,96310306	-0,023658574	-0,0023549795	-0,0034411997	-0,0047871666
41723	201,12598	-1	-0,96128321	-0,024363399	-0,0023775697	-0,0034929663	-0,0048471252
41723	201,62598	-1	-0,97866917	-0,024569035	-0,0022807717	-0,0035070479	-0,004760596
41723	202,12598	-1	-0,98128802	-0,024425983	-0,0022754073	-0,0035723746	-0,0047131507
41723	202,62598	-1	-0,98531878	-0,02374351	-0,0022702217	-0,0034962744	-0,0047426522
41723	203,12598	-1	-0,99361503	-0,023983419	-0,0022768974	-0,0035122037	-0,0047653355
41723	203,62598	-1	-0,9990353	-0,024448335	-0,0022686124	-0,003437534	-0,004818094
41723	204,12598	-1	-0,9899717	-0,024116039	-0,0022733212	-0,003402397	-0,0047971113
41723	204,62598	-1	-0,99152511	-0,024552643	-0,0022290945	-0,0034373403	-0,0047757821
41723	205,12598	-1	-1,015231	-0,023789704	-0,0022400618	-0,0034046471	-0,0047830241
41723	205,62598	-1	-1,0039825	-0,024025142	-0,0022798777	-0,0034107715	-0,0047468534
41723	206,12598	-1	-1,0121335	-0,023590028	-0,0021824837	-0,0033643693	-0,0046208836
41723	206,62598	-1	-1,0155122	-0,023925304	-0,0022616982	-0,0033739358	-0,0047615943
41723	207,12598	-1	-1,0208451	-0,023838878	-0,0022504926	-0,0033505708	-0,0048056431
41723	207,62598	-1	-1,0141339	-0,023959577	-0,0021881461	-0,0034171194	-0,0046199188
41723	208,12598	-1	-0,99626744	-0,023816526	-0,0021545887	-0,0033714473	-0,0046912003
41723	208,62598	-1	-0,98396653	-0,023688376	-0,0021309257	-0,0033230335	-0,0046925656
41723	209,12598	-1	-0,9725951	-0,023935735	-0,002097249	-0,0033174008	-0,0046502743
41723	209,62598	-1	-0,98463708	-0,02450496	-0,0020434856	-0,0033226162	-0,0046075704
41723	210,12598	-1	-0,96029788	-0,023755431	-0,0020664334	-0,0033087879	-0,0046129646
41723	210,62598	-1	-0,99094212	-0,023683906	-0,0020694733	-0,0032696426	-0,0046513723
41723	211,12598	-1	-1,001276	-0,024302304	-0,0021041632	-0,0032553375	-0,0046870084
41723	211,62598	-1	-1,0020882	-0,023745	-0,0020657778	-0,0033240169	-0,004658768
41723	212,12598	-1	-1,0060966	-0,023840368	-0,0020473599	-0,0032869279	-0,0046645887
41723	212,62598	-1	-0,99176168	-0,023570657	-0,0020354986	-0,0032518804	-0,004491685
41723	213,12598	-1	-1,0029693	-0,023750961	-0,0020188093	-0,0032849908	-0,0046423161
41723	213,62598	-1	-1,0151733	-0,023888052	-0,0020832419	-0,0032270253	-0,0046095401
41723	214,12598	-1	-1,0099001	-0,023108721	-0,0020506382	-0,0032177567	-0,0046597915
41723	214,62598	-1	-1,0150708	-0,023584068	-0,0020403862	-0,0033347458	-0,0046339771
41723	215,12598	-1	-1,0179337	-0,023461878	-0,0020670891	-0,0032118112	-0,0045956839
41723	215,62598	-1	-0,98502451	-0,023263693	-0,0020096302	-0,0032094717	-0,0045013437
41723	216,12598	-1	-0,9919219	-0,023987889	-0,0019935966	-0,0031823069	-0,0045562796
41723	216,62598	-1	-0,98843127	-0,02335906	-0,0019651055	-0,0031820983	-0,0045934254
41723	217,12598	-1	-1,0159482	-0,023834407	-0,0020074248	-0,0031815916	-0,0045464942
41723	217,62598	-1	-1,0028706	-0,023534894	-0,0019468665	-0,0032175034	-0,0045761522
41723	218,12598	-1	-1,011556	-0,023254752	-0,0019727349	-0,0031898916	-0,0045338105
41723	218,62598	-1	-1,0202378	-0,023530424	-0,0019761324	-0,0031796098	-0,0046008006
41723	219,12598	-1	-1,021808	-0,02387017	-0,0019438863	-0,0031738728	-0,0046399673
41723	219,62598	-1	-0,98140723	-0,023701787	-0,0019506216	-0,0031770766	-0,0045679007
41723	220,12598	-1	-0,9810608	-0,023292005	-0,0018319488	-0,0030897558	-0,0045551993
41723	220,62598	-1	-0,99146926	-0,023472309	-0,0018731952	-0,0031463206	-0,00452305
41723	221,12598	-1	-1,0022875	-0,023533404	-0,0019479394	-0,0031083673	-0,0045021288
41723	221,62598	-1	-1,0009036	-0,023530424	-0,0018495321	-0,0031207651	-0,0045607155
41723	222,12598	-1	-1,0203197	-0,0228405	-0,001947701	-0,0031133592	-0,0045564827
41723	222,62598	-1	-0,99793637	-0,023430586	-0,0018689036	-0,003111124	-0,004546036
41723	223,12598	-1	-0,98519772	-0,023306906	-0,0018415451	-0,0031420738	-0,0045821536
41723	223,62598	-1	-0,99763274	-0,022727251	-0,0018759966	-0,0031062067	-0,0045284452
41723	224,12598	-1	-0,99933517	-0,023137033	-0,0018950105	-0,0030581355	-0,004534075
41723	224,62598	-1	-1,0101273	-0,022423267	-0,0018160343	-0,0031107068	-0,004475031
41723	225,12598	-1	-1,017211	-0,023195148	-0,0018049479	-0,0030725896	-0,0044729291
41723	225,62598	-1,0609375	-0,98596513	-0,023156404	-0,0018157363	-0,0030711144	-0,0044258069
41723	226,12598	-3,0109375	-2,8897469	-0,034345686	-0,0022150278	-0,0038511604	-0,005251931
41723	226,62598	-4,9609375	-4,7321467	-0,044165552	-0,002748251	-0,0044794381	-0,0059332661
41723	227,12598	-6,9109378	-6,2858286	-0,050860643	-0,0032583475	-0,0050206631	-0,0065715583
41723	227,62598	-8,8609381	-8,8798914	-0,062060356	-0,0041778088	-0,0059410036	-0,0073756529
41723	228,12598	-10,810938	-10,784241	-0,069330633	-0,0048209429	-0,0066037923	-0,0080897836
41723	228,62598	-12,760938	-13,023086	-0,077266991	-0,0055187941	-0,0074339956	-0,0090037771
41723	229,12598	-14,710938	-14,996203	-0,084449351	-0,0062096119	-0,0082388967	-0,0096603632
41723	229,62598	-16,660938	-16,909185	-0,090070069	-0,0069485307	-0,0089621097	-0,010435448
41723	230,12598	-18,610937	-18,80562	-0,095914304	-0,0075968504	-0,0096105784	-0,011031358
41723	230,62598	-20,560938	-20,706451	-0,10243207	-0,0083615184	-0,010442898	-0,011799177
41723	231,12598	-22,510939	-22,634539	-0,1083672	-0,0090246201	-0,011110693	-0,01249763
41723	231,62598	-24,460938	-24,570807	-0,11398047	-0,0097569227	-0,011817098	-0,013273647
41723	232,12598	-26,410938	-26,494282	-0,1199007	-0,010454297	-0,012541279	-0,014009698
41723	232,62598	-28,360939	-28,411808	-0,12564063	-0,011096895	-0,013350725	-0,014805279
41723	233,12598	-30,310938	-30,350266	-0,13118088	-0,011905789	-0,013993055	-0,015513049
41723	233,62598	-32,260937	-32,315132	-0,1367256	-0,012605965	-0,014758915	-0,016260883
41723	234,12598	-34,210938	-34,283791	-0,1423806	-0,013319075	-0,015554875	-0,016972389
41723	234,62598	-36,160938	-36,213196	-0,14801174	-0,013959825	-0,016313985	-0,017777361
41723	235,12598	-38,110939	-38,141716	-0,15372932	-0,014618695	-0,017090186	-0,018634764
41723	235,62598	-40,06094	-40,082882	-0,15888512	-0,015342057	-0,01772891	-0,019303309
41723	236,12598	-42,010937	-42,062382	-0,1645118	-0,01597631	-0,018435448	-0,020070164
41723	236,62598	-43,960938	-44,013824	-0,16999394	-0,016834021	-0,019238576	-0,020924248
41723	237,12598	-45,910938	-45,938133	-0,17465502	-0,01743561	-0,019943565	-0,021587061
41723	237,62598	-47,860939	-47,875221	-0,18029958	-0,018089771	-0,020706967	-0,022281896
41723	238,12598	-49,81094	-49,834995	-0,18535405	-0,018832922	-0,021432623	-0,023150861
41723	238,62598	-51,760941	-51,812057	-0,1912877	-0,019548953	-0,022155523	-0,023940271
41723	239,12598	-53,710938	-53,733189	-0,19615293	-0,020218492	-0,022810444	-0,024627959
41723	239,62598	-55,660938	-55,70261	-0,20100921	-0,020949781	-0,023667455	-0,025426753
41723	240,12598	-57,610939	-57,691116	-0,20630658	-0,021710873	-0,024356306	-0,026055465
41723	240,62598	-59,56094	-59,645679	-0,21130741	-0,022354066	-0,025023863	-0,026940336
41723	241,12598	-61,510941	-61,598499	-0,21609962	-0,023003519	-0,025764331	-0,027729247
41723	241,62598	-63,460938	-63,549931	-0,22181869	-0,02379185	-0,02653183	-0,028424026
41723	242,12598	-65,410942	-65,481407	-0,22633076	-0,024414659	-0,027205557	-0,029178265
41723	242,62598	-67,360939	-67,413101	-0,23094118	-0,025086641	-0,027938202	-0,029972229
41723	243,12598	-69,310936	-69,374939	-0,23638159	-0,025774419	-0,028627694	-0,030655075
41723	243,62598	-71,260941	-71,34716	-0,24088323	-0,026521206	-0,029359728	-0,031570356
41723	244,12598	-73,210938	-73,255981	-0,24591833	-0,027168632	-0,030023679	-0,032306045
41723	244,62598	-75,160942	-75,205223	-0,25024712	-0,027906716	-0,030800372	-0,03295102
41723	245,12598	-77,110939	-77,1782	-0,25546849	-0,028597295	-0,031490982	-0,033741802
41723	245,62598	-79,060936	-79,151054	-0,25963187	-0,02930969	-0,032265306	-0,03437813
41723	246,12598	-81,010941	-81,071564	-0,26497245	-0,029964745	-0,032945454	-0,035175651
41723	246,62598	-82,960938	-83,007477	-0,26962608	-0,030586958	-0,033675522	-0,03599121
41723	247,12598	-84,910942	-84,962502	-0,27439147	-0,031324863	-0,034350157	-0,036649853
41723	247,62598	-86,860939	-86,931274	-0,27936101	-0,031994164	-0,035059944	-0,037473407
41723	248,12598	-88,810936	-88,875175	-0,28393865	-0,032646179	-0,035820112	-0,038190003
41723	248,62598	-90,760941	-90,79097	-0,28746128	-0,033268332	-0,036496907	-0,038860537
41723	249,12598	-92,710938	-92,765411	-0,29257387	-0,033960581	-0,037178546	-0,03973398
41723	249,62598	-94,660942	-94,721535	-0,29718578	-0,0346421	-0,037839681	-0,040409911
41723	250,12598	-96,610939	-96,670876	-0,30173063	-0,035276234	-0,0385672	-0,041034408
41723	250,62598	-98,560944	-98,612732	-0,30610561	-0,035960078	-0,039293036	-0,041827437
41723	251,12598	-100,51094	-100,56231	-0,31015128	-0,036679924	-0,040059999	-0,042576648
41723	251,62598	-102,46094	-102,52911	-0,31525344	-0,037308276	-0,040604427	-0,043294478
41723	252,12598	-104,41094	-104,48005	-0,32002479	-0,037913322	-0,041276738	-0,044064503
41723	252,62598	-106,36094	-106,40182	-0,32479912	-0,038479924	-0,04202114	-0,044705108
41723	253,12598	-108,31094	-108,38258	-0,32884926	-0,039231956	-0,042784721	-0,045455709
41723	253,62598	-110,26094	-110,33085	-0,33247322	-0,039900482	-0,043432251	-0,046150275
41723	254,12598	-112,21094	-112,2557	-0,33722669	-0,040468037	-0,0441636	-0,046905473
41723	254,62598	-114,16094	-114,22308	-0,34154058	-0,041246116	-0,044797689	-0,047629036
41723	255,12598	-116,11094	-116,18793	-0,3461957	-0,041887581	-0,045511469	-0,048305996
41723	255,62598	-118,06094	-118,10744	-0,35043806	-0,042496026	-0,046274781	-0,049043372
41723	256,12598	-120,01094	-120,07487	-0,35437346	-0,043159127	-0,046956778	-0,049811944
41723	256,62598	-121,96094	-122,04656	-0,35871118	-0,043832719	-0,047569245	-0,050470531
41723	257,12598	-123,91094	-123,95189	-0,36296099	-0,044473529	-0,048244163	-0,051043082
41723	257,62598	-125,86094	-125,90738	-0,36676079	-0,045058012	-0,048874572	-0,051920798
41723	258,12598	-127,81094	-127,87988	-0,37171692	-0,045802951	-0,049651414	-0,052484572
41723	258,62598	-129,76094	-129,83244	-0,37595928	-0,046446443	-0,050358519	-0,053269431
41723	259,12598	-131,71094	-131,72606	-0,37979931	-0,047138453	-0,050983787	-0,053903025
41723	259,62598	-133,66093	-133,68759	-0,38466454	-0,047744513	-0,051619574	-0,054619156
41723	260,12598	-135,61095	-135,6579	-0,38798749	-0,048433185	-0,052369535	-0,055445027
41723	260,62598	-137,56094	-137,61031	-0,39229989	-0,04910475	-0,052961573	-0,056020048
41723	261,12598	-139,51094	-139,56581	-0,39613694	-0,049742043	-0,053662479	-0,056719556
41723	261,62598	-141,46094	-141,54071	-0,40093362	-0,050341129	-0,054431081	-0,05749543
41723	262,12598	-143,41093	-143,45584	-0,40478557	-0,050919592	-0,055022255	-0,058143221
41723	262,62598	-145,36095	-145,41641	-0,40838122	-0,051648855	-0,055771992	-0,058792952
41723	263,12598	-147,31094	-147,38948	-0,4129082	-0,052322149	-0,05642578	-0,059569452
41723	263,62598	-149,26094	-149,31395	-0,4167974	-0,052918255	-0,057062477	-0,06022552
41723	264,12598	-151,21094	-151,26201	-0,42052045	-0,053616107	-0,057759881	-0,0609264
41723	264,62598	-153	-153,15697	-0,42518601	-0,054282665	-0,058365881	-0,061726697
41723	265,12598	-153	-153,13802	-0,42558089	-0,054362655	-0,058543906	-0,0617304
41723	265,62598	-153	-153,13821	-0,42599663	-0,054436266	-0,058622018	-0,061821908
41723	266,12598	-153	-153,0448	-0,42605847	-0,054390728	-0,058591008	-0,061814032
41723	266,62598	-153	-153,0472	-0,42567477	-0,054494023	-0,058650464	-0,061917439
41723	267,12598	-153	-153,03287	-0,42623729	-0,054460287	-0,058710501	-0,062040195
41723	267,62598	-153	-153,04314	-0,42636842	-0,054545283	-0,058736265	-0,06194818
41723	268,12598	-153	-153,03032	-0,4262194	-0,054599047	-0,058709979	-0,061985932
41723	268,62598	-153	-153,01439	-0,4266724	-0,054625809	-0,05876337	-0,062066235
41723	269,12598	-153	-153,03694	-0,42688921	-0,054608107	-0,058793619	-0,062091179
41723	269,62598	-153	-153,01704	-0,42732581	-0,054604113	-0,058835655	-0,062084235
41723	270,12598	-153	-153,01535	-0,42718947	-0,054649711	-0,058878586	-0,062201932
41723	270,62598	-153	-153,02794	-0,42682812	-0,054699659	-0,058811575	-0,062102988
41723	271,12598	-153	-153,00072	-0,42713508	-0,054756165	-0,058870286	-0,062186085
41723	271,62598	-153	-153,02014	-0,42700171	-0,054794967	-0,058962464	-0,062138349
41723	272,12598	-153	-153,01924	-0,42696968	-0,054820836	-0,058939666	-0,062153757
41723	272,62598	-153	-153,00851	-0,427185	-0,054802239	-0,05895862	-0,062342547
41723	273,12598	-153	-153,01903	-0,42735189	-0,054883778	-0,059020668	-0,062198542
41723	273,62598	-153	-153,01024	-0,4278779	-0,054837465	-0,05903405	-0,062292136
41723	274,12598	-153	-153,02742	-0,42804703	-0,054920614	-0,059008539	-0,062315479
41723	274,62598	-153	-152,9818	-0,42780563	-0,054868877	-0,058978572	-0,062257923
41723	275,12598	-153	-153,02281	-0,4279919	-0,054867804	-0,059111744	-0,062360823
41723	275,62598	-153	-152,99251	-0,42767525	-0,05490005	-0,059100464	-0,062311284
41723	276,12598	-153	-153,02078	-0,42831972	-0,055008769	-0,059159979	-0,062368855
41723	276,62598	-153	-152,98891	-0,42854473	-0,05493176	-0,059141397	-0,062493481
41723	277,12598	-153	-153,01468	-0,42844191	-0,05500412	-0,059196547	-0,062501416
41723	277,62598	-153	-153,04225	-0,42831749	-0,054985881	-0,059160039	-0,062417775
41723	278,12598	-153	-153,03511	-0,42813122	-0,055008948	-0,059178993	-0,062553421
41723	278,62598	-153	-153,02397	-0,42872205	-0,055027425	-0,059163585	-0,062409014
41723	279,12598	-153	-153,00569	-0,42829216	-0,054968059	-0,059105426	-0,062541507
41723	279,62598	-153	-153,01254	-0,42859763	-0,055107892	-0,059229836	-0,062540978
41723	280,12598	-153	-153,00096	-0,42818859	-0,055080056	-0,059213206	-0,062462762
41723	280,62598	-153	-153,01582	-0,42859465	-0,055032372	-0,059269831	-0,062643558
41723	281,12598	-153	-153,03802	-0,42867884	-0,055188477	-0,059239432	-0,062563114
41723	281,62598	-153	-153,00819	-0,42847171	-0,055133462	-0,059258118	-0,062521867
41723	282,12598	-153	-153,01088	-0,42870045	-0,055152833	-0,059317052	-0,062685952
41723	282,62598	-153	-152,98796	-0,42914674	-0,055073678	-0,059359893	-0,062585451
41723	283,12598	-153	-153,01712	-0,42904541	-0,055191755	-0,059380785	-0,062592909
41723	283,62598	-153	-153,02795	-0,42885467	-0,055213988	-0,059347212	-0,062703148
41723	284,12598	-153	-152,99287	-0,42915717	-0,055191457	-0,059323594	-0,062688656
41723	284,62598	-153	-153,01898	-0,42878762	-0,055208981	-0,05936639	-0,062646128
41723	285,12598	-153	-153,00328	-0,42940453	-0,055178165	-0,059365794	-0,062708803
41723	285,62598	-153	-153,01636	-0,42890161	-0,055197656	-0,059408233	-0,062712468
41723	286,12598	-153	-153,03206	-0,4284814	-0,055288315	-0,059425727	-0,062740006
41723	286,62598	-153	-153,02457	-0,42940378	-0,055219054	-0,059435993	-0,062779449
41723	287,12598	-153	-153,04549	-0,42960569	-0,05523622	-0,059411585	-0,062657893
41723	287,62598	-153	-153,02094	-0,42918324	-0,055238664	-0,059347466	-0,062756076
41723	288,12598	-153	-153,05121	-0,42953268	-0,055344164	-0,059487909	-0,062746428
41723	288,62598	-153	-153,00111	-0,42910427	-0,055324972	-0,059408024	-0,062782288
41723	289,12598	-153	-153,00464	-0,42947233	-0,055327415	-0,059457988	-0,062859416
41723	289,62598	-153	-152,98747	-0,42942092	-0,055296779	-0,05948776	-0,062783256
41723	290,12598	-153	-152,99535	-0,42918175	-0,055356622	-0,05951789	-0,062871158
41723	290,62598	-153	-152,99191	-0,42981207	-0,055283129	-0,059455395	-0,062909357
41723	291,12598	-153	-153,01807	-0,4300341	-0,05535531	-0,059443414	-0,062816605
41723	291,62598	-153	-153,02991	-0,42955577	-0,055401683	-0,059500441	-0,062835544
41723	292,12598	-153	-153,01593	-0,42957589	-0,055418968	-0,059498608	-0,062823258
41723	292,62598	-153	-153,02118	-0,42929649	-0,055406809	-0,059592351	-0,062851682
41723	293,12598	-153	-153,00304	-0,42947531	-0,055429459	-0,059536025	-0,062946104
41723	293,62598	-153	-153,01627	-0,42978078	-0,055394769	-0,059555799	-0,062880822
41723	294,12598	-153	-153,01135	-0,43040365	-0,055436909	-0,059586972	-0,062929071
41723	294,62598	-152,8291	-152,96928	-0,43039545	-0,055426657	-0,059615821	-0,062975205
41723	295,12598	-150,3291	-150,4534	-0,42532235	-0,054727018	-0,058890447	-0,062149331
41723	295,62598	-147,8291	-147,92395	-0,42055622	-0,053977847	-0,058123395	-0,061445244
41723	296,12598	-145,3291	-145,39325	-0,41596964	-0,053284347	-0,057315424	-0,060640238
41723	296,62598	-142,8291	-142,84273	-0,4119426	-0,052464485	-0,05662398	-0,059867021
41723	297,12598	-140,3291	-140,33037	-0,40708333	-0,051690757	-0,055896968	-0,059104465
41723	297,62598	-137,8291	-137,83524	-0,40206313	-0,050967395	-0,055172861	-0,058251962
41723	298,12598	-135,3291	-135,30847	-0,39731711	-0,050222814	-0,054320246	-0,057565294
41723	298,62598	-132,8291	-132,81819	-0,39296001	-0,049455225	-0,053604484	-0,056763262
41723	299,12598	-130,3291	-130,27884	-0,3877461	-0,048693597	-0,052812964	-0,055791516
41723	299,62598	-127,8291	-127,78259	-0,38256049	-0,047938883	-0,05207932	-0,05507572
41723	300,12598	-125,3291	-125,29525	-0,37794411	-0,047177911	-0,051223397	-0,054386392
41723	300,62598	-122,8291	-122,79809	-0,37265271	-0,04642278	-0,050498664	-0,053447992
41723	301,12598	-120,3291	-120,28982	-0,36756843	-0,045649827	-0,049690634	-0,052726533
41723	301,62598	-117,8291	-117,77798	-0,36276877	-0,044858992	-0,048891634	-0,051747158
41723	302,12598	-115,3291	-115,25852	-0,3578946	-0,04404676	-0,048101231	-0,050988808
41723	302,62598	-112,8291	-112,78539	-0,35265088	-0,043353736	-0,047308058	-0,050129808
41723	303,12598	-110,3291	-110,25583	-0,3478542	-0,042535424	-0,046425194	-0,049302343
41723	303,62598	-107,8291	-107,74834	-0,34224838	-0,04172951	-0,045682415	-0,048536099
41723	304,12598	-105,3291	-105,25887	-0,337556	-0,040969431	-0,044908673	-0,047711603
41723	304,62598	-102,8291	-102,7606	-0,33180714	-0,040090084	-0,043960214	-0,046768405
41723	305,12598	-100,3291	-100,22881	-0,32654107	-0,039339542	-0,043149576	-0,045970064
41723	305,62598	-97,829102	-97,701965	-0,32129586	-0,03850919	-0,042411163	-0,045042165
41723	306,12598	-95,329102	-95,245094	-0,31649619	-0,037713587	-0,041556686	-0,044002015
41723	306,62598	-92,829102	-92,770569	-0,31012893	-0,036855042	-0,040679574	-0,04333714
41723	307,12598	-90,329102	-90,27253	-0,30469149	-0,036065936	-0,039864078	-0,042341527
41723	307,62598	-87,829102	-87,722176	-0,29936582	-0,035164595	-0,038999349	-0,041542374
41723	308,12598	-85,329102	-85,243973	-0,29334277	-0,034354806	-0,038056567	-0,040621903
41723	308,62598	-82,829102	-82,805489	-0,28748214	-0,033623457	-0,037225977	-0,039716013
41723	309,12598	-80,329102	-80,283089	-0,28210431	-0,032726705	-0,036419898	-0,038893122
41723	309,62598	-77,829102	-77,753426	-0,27693957	-0,03190279	-0,035510823	-0,037788451
41723	310,12598	-75,329102	-75,238579	-0,27033836	-0,030990005	-0,034663752	-0,036843129
41723	310,62598	-72,829102	-72,727371	-0,26491731	-0,030180037	-0,033682778	-0,036034238
41723	311,12598	-70,329102	-70,256737	-0,25813133	-0,029339015	-0,032876104	-0,035080764
41723	311,62598	-67,829102	-67,773254	-0,251773	-0,028463483	-0,031907409	-0,034005944
41723	312,12598	-65,329102	-65,259445	-0,24615824	-0,027656198	-0,031018466	-0,033082277
41723	312,62598	-62,829102	-62,743423	-0,2396822	-0,026761651	-0,030049741	-0,03205752
41723	313,12598	-60,329102	-60,24641	-0,23338795	-0,025871336	-0,029154584	-0,031151369
41723	313,62598	-57,829102	-57,762527	-0,2266854	-0,02495873	-0,028165534	-0,030230243
41723	314,12598	-55,329102	-55,242451	-0,22046864	-0,023993492	-0,027276084	-0,029235765
41723	314,62598	-52,829102	-52,788013	-0,21395832	-0,02307713	-0,026260242	-0,028275387
41723	315,12598	-50,329102	-50,258625	-0,20719022	-0,022122741	-0,025390789	-0,027215505
41723	315,62598	-47,829102	-47,745148	-0,20006895	-0,021224439	-0,024424538	-0,026101995
41723	316,12598	-45,329102	-45,254917	-0,19323528	-0,020285547	-0,023455694	-0,02520939
41723	316,62598	-42,829102	-42,723339	-0,18602312	-0,019336462	-0,022497192	-0,024276372
41723	317,12598	-40,329102	-40,265198	-0,17864555	-0,018368661	-0,021449462	-0,023194527
41723	317,62598	-37,829102	-37,732971	-0,17120838	-0,017367661	-0,020455346	-0,022196108
41723	318,12598	-35,329102	-35,270641	-0,16466975	-0,016390562	-0,019488499	-0,021168532
41723	318,62598	-32,829102	-32,769966	-0,1569882	-0,015423834	-0,018456653	-0,020155115
41723	319,12598	-30,329102	-30,279604	-0,14901906	-0,014395177	-0,017390653	-0,019186364
41723	319,62598	-27,829102	-27,803715	-0,14114231	-0,013428569	-0,016375929	-0,018074965
41723	320,12598	-25,329102	-25,278145	-0,13302118	-0,012335777	-0,015392959	-0,017109523
41723	320,62598	-22,829102	-22,75317	-0,12563765	-0,011273682	-0,014197558	-0,015963545
41723	321,12598	-20,329102	-20,282337	-0,11687875	-0,010300636	-0,013188496	-0,014950407
41723	321,62598	-17,829102	-17,743914	-0,10872483	-0,0092924833	-0,012094945	-0,013909969
41723	322,12598	-15,329102	-15,23068	-0,099515915	-0,0081786513	-0,01102294	-0,012900663
41723	322,62598	-12,829102	-12,784093	-0,090700388	-0,0071778893	-0,0099145621	-0,011611815
41723	323,12598	-10,329102	-10,276649	-0,081373751	-0,0061245561	-0,008763209	-0,010730857
41723	323,62598	-7,8291016	-7,7748337	-0,070498884	-0,0051109791	-0,0077200532	-0,0095240157
41723	324,12598	-5,3291016	-5,3437538	-0,058749318	-0,0041900873	-0,0065582246	-0,0083892709
41723	324,62598	-2,8291016	-3,6303084	-0,048850477	-0,003495276	-0,0057452619	-0,0076069133
41723	325,12598	-1	-0,77429974	-0,027890503	-0,0026713014	-0,0042546242	-0,0061540185
41723	325,62598	-1	-0,68380868	-0,026723742	-0,0024985671	-0,0041805357	-0,0059796432
41723	326,12598	-1	-0,68989211	-0,026851892	-0,0025318265	-0,0040179342	-0,0059002852
41723	326,62598	-1	-0,72307515	-0,026211143	-0,0024554133	-0,0039789379	-0,0058753211
41723	327,12598	-1	-0,75637549	-0,025998056	-0,0024151802	-0,0039636344	-0,005903475
41723	327,62598	-1	-0,78094006	-0,026702881	-0,0023536086	-0,0039448887	-0,0058280881
41723	328,12598	-1	-0,83687341	-0,026941299	-0,0022898316	-0,0039323866	-0,0058186203
41723	328,62598	-1	-0,87892264	-0,026664138	-0,0023462176	-0,00401254	-0,0058287503
41723	329,12598	-1	-0,899652	-0,026747584	-0,0022800565	-0,0040092468	-0,0058082184
41723	329,62598	-1	-0,90679896	-0,027523935	-0,0022314787	-0,0039282441	-0,0056725712
41723	330,12598	-1	-0,94714016	-0,027030706	-0,0022414923	-0,0039497763	-0,0057821609
41723	330,62598	-1	-0,98004192	-0,02656132	-0,002266109	-0,0038626939	-0,005759201
41723	331,12598	0	0,59612095	2,6121168	-0,0021922588	-0,0029711574	-0,0047013406

Datenerfassung						Zeit:	331,36035	s	25.03.2014 09:03:42
Ch 1 Kraft	Ch 1 W2TK Mittel	1944 A	1944 B	1281068
kN	mm	mm	mm	mm
0,63578784	0,00013746889	0,00014841557	6,0945749e-05	0,059888136
-154,14644	-0,00012573496	-0,68244046	-0,10845646	-0,063133754
