Datum : 	11.6.2014
Durchmesser :	199,8
Datum	Laufzeit	Ch 1 Kraft Sollwert	Ch 1 Kraft	Ch 1 Weg	1944 A	1944 B	1281068
d	s	kN	kN	mm	mm	mm	mm
41801	22,291016	-1	-1,0575894	-0,56325495	-0,00011766423	0,58955288	-0,13489377
41801	22,791016	-1	-1,0076817	-0,56386888	-1,8394552e-05	0,58953631	-0,13478589
41801	23,291016	-1	-0,99808162	-0,56447685	-4,0755607e-05	0,58961058	-0,13481711
41801	23,791016	-1	-0,98044986	-0,56342185	-4,118681e-05	0,58957696	-0,13481656
41801	24,291016	-1	-0,95769203	-0,56287646	-5,8057718e-05	0,58969271	-0,13476512
41801	24,791016	-1	-0,96809119	-0,5633384	-5,2162446e-05	0,58966851	-0,13471144
41801	25,291016	-1	-0,99422222	-0,56393445	-4,2531639e-05	0,58964443	-0,13487668
41801	25,791016	-1	-1,0486208	-0,56496561	-8,3633699e-05	0,58957541	-0,13481675
41801	26,291016	-1	-1,0215081	-0,56447089	-4,2742118e-05	0,58958375	-0,13482451
41801	26,791016	-1	-0,97513014	-0,56374073	-2,9169023e-05	0,58971965	-0,13478762
41801	27,291016	-1	-0,99686348	-0,56456625	-1,9074418e-05	0,58959293	-0,13479471
41801	27,791016	-1	-0,96969491	-0,56263208	-8,6643733e-05	0,58976078	-0,13478066
41801	28,291016	-1	-1,0337141	-0,56410134	-5,2084215e-05	0,5896349	-0,13482222
41801	28,791016	-1	-1,050366	-0,56468844	-7,9586171e-05	0,58955359	-0,13482472
41801	29,291016	-1	-1,0803938	-0,56378245	-7,621292e-05	0,58945537	-0,13481718
41801	29,791016	-1	-1,0391474	-0,56532919	-3,7620775e-05	0,58955586	-0,13484009
41801	30,291016	-1	-1,0503511	-0,56482852	-8,787401e-05	0,58950138	-0,13478947
41801	30,791016	-1	-0,89739633	-0,56403279	-1,1082739e-05	0,58983672	-0,13458256
41801	31,291016	-1	-0,92511439	-0,56377947	-5,6628138e-05	0,58978057	-0,13474903
41801	31,791016	-1	-0,91052616	-0,5632937	-6,0382299e-05	0,58980083	-0,13459669
41801	32,291016	-1,4570313	-1,4031305	-0,0058442354	-5,1620416e-05	-0,00094234943	-0,00061694806
41801	32,791016	-1,9570313	-1,8978138	-0,010967255	6,6719949e-06	-0,0020252466	-0,001254694
41801	33,291016	-2,4570313	-2,3072679	-0,015237927	-4,0586106e-05	-0,002800703	-0,0018356126
41801	33,791016	-2,9570313	-2,4759378	-0,017306209	-2,687797e-06	-0,0031909943	-0,0020455557
41801	34,291016	-3,4570313	-3,564693	-0,027218461	4,2484142e-05	-0,005395174	-0,0036361662
41801	34,791016	-3,9570313	-4,0780978	-0,031456351	-9,3170442e-05	-0,006519556	-0,0042214203
41801	35,291016	-4,4570313	-4,5474024	-0,035998225	7,9566613e-05	-0,0076860189	-0,0050709499
41801	35,791016	-4,9570313	-5,0333533	-0,041112304	-0,00010054093	-0,0087000132	-0,0057971911
41801	36,291016	-5,4570313	-5,4441242	-0,044375658	5,1427633e-05	-0,0096940994	-0,0063806344
41801	36,791016	-5,9570313	-5,9431753	-0,049126148	-1,2163073e-05	-0,010710478	-0,00722655
41801	37,291016	-6,4570313	-6,4437146	-0,052943826	3,7408434e-05	-0,011960268	-0,00800764
41801	37,791016	-6,9570313	-7,0049129	-0,059139729	-0,00010587648	-0,013152003	-0,0088548707
41801	38,291016	-7,4570313	-7,486537	-0,063315034	2,8479844e-06	-0,014308691	-0,0096714357
41801	38,791016	-7,9570313	-8,0991011	-0,067943335	3,9879233e-06	-0,01562345	-0,01066515
41801	39,291016	-8,4570313	-8,5016832	-0,071123242	1,1005439e-05	-0,016580701	-0,011369525
41801	39,791016	-8,9570313	-8,9898224	-0,076463819	-1,6131438e-05	-0,017600656	-0,012157892
41801	40,291016	-9,4570313	-9,5068493	-0,079575181	2,7604401e-06	-0,018713117	-0,012910918
41801	40,791016	-9,9570313	-9,9954271	-0,08431673	-7,81985e-05	-0,019832373	-0,013926077
41801	41,291016	-10,457031	-10,556678	-0,08829236	-7,0449896e-05	-0,021071434	-0,014780168
41801	41,791016	-10,957031	-11,073478	-0,092545152	1,7374754e-05	-0,022211432	-0,015822984
41801	42,291016	-11,457031	-11,536093	-0,096350908	-3,9934181e-05	-0,023249745	-0,01662912
41801	42,791016	-11,957031	-11,98639	-0,10028183	-4,8559159e-06	-0,024187803	-0,01747261
41801	43,291016	-12,457031	-12,51558	-0,10411739	-7,5327232e-05	-0,025259972	-0,018411614
41801	43,791016	-12,957031	-12,949675	-0,10707676	-4,0316954e-06	-0,026286125	-0,019114411
41801	44,291016	-13,457031	-13,397183	-0,11172295	-4,0199608e-05	-0,027277946	-0,02000612
41801	44,791016	-13,957031	-13,978559	-0,11472702	-0,00011132564	-0,028505445	-0,021052651
41801	45,291016	-14,457031	-14,435184	-0,11839569	-2,9199757e-05	-0,029517889	-0,021778012
41801	45,791016	-14,957031	-14,975734	-0,12275577	-4,941877e-05	-0,030676723	-0,022922382
41801	46,291016	-15,457031	-15,506927	-0,12699366	-6,4410269e-06	-0,031849742	-0,02390565
41801	46,791016	-15,957031	-16,001337	-0,12987554	-2,9774383e-05	-0,032920957	-0,024690429
41801	47,291016	-16,457031	-16,402115	-0,13394654	-0,00010090694	-0,033736348	-0,025572414
41801	47,791016	-16,957031	-16,990107	-0,13688207	-1,4293939e-05	-0,035149693	-0,02663257
41801	48,291016	-17,457031	-17,548611	-0,1416415	-2,1486543e-05	-0,036387086	-0,027721357
41801	48,791016	-17,957031	-17,982746	-0,14441907	-7,4774958e-05	-0,037401438	-0,02863735
41801	49,291016	-18,457031	-18,553738	-0,1490891	-2,6580878e-05	-0,038591146	-0,029605599
41801	49,791016	-18,957031	-19,00802	-0,15299022	-3,6105514e-05	-0,039558053	-0,030480746
41801	50,291016	-19,457031	-19,422398	-0,15560389	2,1820888e-05	-0,04053247	-0,031428464
41801	50,791016	-19,957031	-19,982386	-0,15886426	1,1289492e-05	-0,041843295	-0,032382205
41801	51,291016	-20,457031	-20,418579	-0,16355813	-4,076492e-05	-0,042832732	-0,033219114
41801	51,791016	-20,957031	-20,964537	-0,16597211	3,3331104e-05	-0,0440346	-0,03427403
41801	52,291016	-21,457031	-21,447973	-0,17041862	-4,3041073e-05	-0,045038342	-0,035201654
41801	52,791016	-21,957031	-21,984383	-0,1745224	-1,6849488e-05	-0,046297669	-0,036292993
41801	53,291016	-22,457031	-22,526716	-0,17755926	-5,0373375e-05	-0,047459602	-0,037274323
41801	53,791016	-22,957031	-23,019201	-0,18110573	1,8066727e-05	-0,048743606	-0,038307875
41801	54,291016	-23,457031	-23,506279	-0,18577576	-3,2930635e-05	-0,049805164	-0,039372109
41801	54,791016	-23,957031	-23,948404	-0,18883049	-8,8931993e-05	-0,050845146	-0,040121187
41801	55,291016	-24,457031	-24,479305	-0,1930058	-2,1102838e-05	-0,052012563	-0,041245222
41801	55,791016	-24,957031	-24,874668	-0,19642711	-5,8480538e-05	-0,052969694	-0,0419617
41801	56,291016	-25,457031	-25,390528	-0,19991994	-7,3576346e-05	-0,05420208	-0,043094743
41801	56,791016	-25,957031	-25,960485	-0,20319521	-9,4617717e-05	-0,055446506	-0,044152968
41801	57,291016	-26,457031	-26,397774	-0,20618141	5,9483573e-05	-0,05652988	-0,045094583
41801	57,791016	-26,957031	-26,989607	-0,21079183	-8,4303319e-05	-0,057845831	-0,046278879
41801	58,291016	-27,457031	-27,279303	-0,21299422	-6,0852617e-05	-0,058589339	-0,046891082
41801	58,791016	-27,957031	-27,976839	-0,2181381	-3,1759031e-05	-0,060168028	-0,048215467
41801	59,291016	-28,457031	-28,515408	-0,22230446	-6,3606538e-05	-0,061291814	-0,049293611
41801	59,791016	-28,957031	-28,968966	-0,22525489	5,2265823e-06	-0,062608123	-0,050333381
41801	60,291016	-29,457031	-29,573662	-0,22984147	-2,6738271e-05	-0,063902736	-0,051406637
41801	60,791016	-29,957031	-29,816181	-0,23168325	-2,1631829e-05	-0,064653873	-0,052069977
41801	61,291016	-30,457031	-30,425678	-0,23563504	2,4465844e-06	-0,066057324	-0,053226974
41801	61,791016	-30,957031	-31,097242	-0,24021566	-6,3850544e-05	-0,067517519	-0,054445341
41801	62,291016	-31,457031	-31,50642	-0,24396777	3,7259422e-05	-0,06864953	-0,055443298
41801	62,791016	-31,957031	-31,97719	-0,24774969	-1,4591031e-05	-0,069902182	-0,056409694
41801	63,291016	-32,457031	-32,480423	-0,25131404	-1,1031516e-05	-0,071040511	-0,05752949
41801	63,791016	-32,957031	-33,007576	-0,25433302	0,00010053162	-0,0723598	-0,058621012
41801	64,291016	-33,147655	-33,254955	-0,25813282	4,3336302e-05	-0,0730865	-0,059201792
41801	64,791016	-32,647655	-32,687984	-0,25486052	1,0138378e-05	-0,072102427	-0,058300398
41801	65,291016	-32,147655	-32,145744	-0,25254488	1,5946105e-05	-0,071256042	-0,057514973
41801	65,791016	-31,647655	-31,661537	-0,24964809	-4,7218986e-05	-0,070423365	-0,056537807
41801	66,291016	-31,147655	-31,000517	-0,24607778	7,7523291e-05	-0,069223404	-0,05558626
41801	66,791016	-30,647655	-30,731113	-0,24509132	-1,9650906e-06	-0,068688869	-0,055074945
41801	67,291016	-30,147655	-30,144424	-0,24188161	3,683567e-05	-0,067652106	-0,05416115
41801	67,791016	-29,647655	-29,678404	-0,2388835	-1,9755214e-05	-0,066769242	-0,053410422
41801	68,291016	-29,147655	-29,138239	-0,23705661	8,4023923e-06	-0,065802217	-0,052393761
41801	68,791016	-28,647655	-28,688301	-0,2335906	-3,8753264e-05	-0,064896822	-0,051612113
41801	69,291016	-28,147655	-28,016741	-0,22985637	5,915761e-06	-0,063542485	-0,05038479
41801	69,791016	-27,647655	-27,722229	-0,22835732	-1,3856217e-05	-0,062964439	-0,049863551
41801	70,291016	-27,147655	-27,098604	-0,22486448	-5,2100047e-05	-0,061754346	-0,048776411
41801	70,791016	-26,647655	-26,605635	-0,22157729	5,6357123e-05	-0,060831428	-0,04794262
41801	71,291016	-26,147655	-26,189034	-0,2184093	-6,6167675e-05	-0,059936404	-0,047235228
41801	71,791016	-25,647655	-25,597382	-0,21548569	3,3347867e-05	-0,058795929	-0,046180923
41801	72,291016	-25,147655	-25,13965	-0,21246672	-3,0131079e-05	-0,057828188	-0,045240007
41801	72,791016	-24,647655	-24,629274	-0,20998418	-5,422812e-05	-0,056799293	-0,044348076
41801	73,291016	-24,147655	-24,090231	-0,20616055	-6,9718808e-05	-0,055690527	-0,043472845
41801	73,791016	-23,647655	-23,711611	-0,2040714	-2,0775013e-05	-0,054949403	-0,042824388
41801	74,291016	-23,147655	-23,179281	-0,20068288	2,7769245e-05	-0,053883553	-0,041827068
41801	74,791016	-22,647655	-22,72304	-0,19757152	-4,2730942e-05	-0,052891374	-0,040895652
41801	75,291016	-22,147655	-22,123255	-0,195086	1,4406629e-05	-0,051760197	-0,039954472
41801	75,791016	-21,647655	-21,691891	-0,19209981	-2,7503818e-05	-0,050707817	-0,039130844
41801	76,291016	-21,147655	-21,159414	-0,18831789	-3,5804696e-05	-0,049664617	-0,038054083
41801	76,791016	-20,647655	-20,731028	-0,18596053	-1,0851771e-05	-0,04879117	-0,037321143
41801	77,291016	-20,147655	-20,229429	-0,18204153	-7,679686e-05	-0,047740698	-0,036309816
41801	77,791016	-19,647655	-19,602251	-0,17879307	2,4346635e-05	-0,046546817	-0,035252329
41801	78,291016	-19,147655	-19,135693	-0,17516315	-5,5885874e-05	-0,045467734	-0,034340195
41801	78,791016	-18,647655	-18,589626	-0,17151237	-4,7798268e-05	-0,044274211	-0,033321835
41801	79,291016	-18,147655	-18,047256	-0,16859174	-0,00010656659	-0,043265224	-0,032346472
41801	79,791016	-17,647655	-17,645643	-0,16570389	-3,3961609e-05	-0,042248964	-0,031548303
41801	80,291016	-17,147655	-17,140224	-0,16170442	3,7942082e-05	-0,041286349	-0,030670436
41801	80,791016	-16,647655	-16,604034	-0,15812516	-1,9536354e-05	-0,040079951	-0,029703328
41801	81,291016	-16,147655	-16,088825	-0,15468001	-5,9440732e-05	-0,039017439	-0,028699756
41801	81,791016	-15,647655	-15,630022	-0,15079975	-2,8818846e-05	-0,037975073	-0,027973294
41801	82,291016	-15,147655	-15,191596	-0,14826655	-4,4346787e-05	-0,036991358	-0,027119163
41801	82,791016	-14,647655	-14,628756	-0,14405251	5,6092627e-05	-0,035841942	-0,02603732
41801	83,291016	-14,147655	-14,158774	-0,14022291	6,870646e-05	-0,034832001	-0,025163868
41801	83,791016	-13,647655	-13,634237	-0,13721585	4,5448542e-06	-0,03362155	-0,024151281
41801	84,291016	-13,147655	-13,081741	-0,13316274	5,6317076e-05	-0,032519579	-0,023151303
41801	84,791016	-12,647655	-12,64256	-0,12829602	-6,3716434e-05	-0,031463861	-0,022382626
41801	85,291016	-12,147655	-12,14225	-0,12451708	1,5692785e-05	-0,030402899	-0,021342607
41801	85,791016	-11,647655	-11,574651	-0,12086332	4,1536987e-06	-0,029200196	-0,02033644
41801	86,291016	-11,147655	-11,125456	-0,1167655	-7,4877404e-05	-0,028129816	-0,019516828
41801	86,791016	-10,647655	-10,547281	-0,11408329	5,9734099e-05	-0,026940823	-0,018389154
41801	87,291016	-10,147655	-10,117772	-0,10973811	-7,2146766e-05	-0,025880337	-0,017640609
41801	87,791016	-9,6476555	-9,5802193	-0,10508001	3,0599535e-05	-0,024667978	-0,016557094
41801	88,291016	-9,1476555	-9,1167984	-0,10188222	7,8792684e-05	-0,02363193	-0,015807526
41801	88,791016	-8,6476555	-8,5917072	-0,096258521	-1,8303283e-05	-0,022460699	-0,014757322
41801	89,291016	-8,1476555	-8,1683378	-0,093305111	0,00010424759	-0,021425724	-0,013925886
41801	89,791016	-7,6476555	-7,5805893	-0,08867383	7,9748221e-05	-0,020087719	-0,012941361
41801	90,291016	-7,1476555	-7,1395655	-0,085017085	5,1435083e-05	-0,018928289	-0,012124285
41801	90,791016	-6,6476555	-6,6246705	-0,079843402	8,7941997e-05	-0,017809033	-0,011284534
41801	91,291016	-6,1476555	-6,1696377	-0,074994564	7,2393566e-05	-0,016604066	-0,010499882
41801	91,791016	-5,6476555	-5,7240763	-0,071135163	7,2605908e-06	-0,015386701	-0,0095685124
41801	92,291016	-5,1476555	-5,3707547	-0,067692995	8,2189217e-06	-0,01460886	-0,0089481268
41801	92,791016	-4,6476555	-4,8289409	-0,06236434	5,4317527e-05	-0,013225436	-0,0080400687
41801	93,291016	-4,1476555	-4,048677	-0,055795908	4,7829933e-05	-0,011401057	-0,006697915
41801	93,791016	-3,6476555	-3,5436769	-0,04991591	2,7494505e-05	-0,01018405	-0,0059368098
41801	94,291016	-3,1476555	-3,0797515	-0,044453144	3,2791868e-06	-0,0088632107	-0,0049976138
41801	94,791016	-2,6476555	-2,6121569	-0,03965497	5,0176866e-05	-0,007732749	-0,004321483
41801	95,291016	-2,1476555	-2,1793935	-0,035524368	1,9455329e-06	-0,0067265034	-0,0037180262
41801	95,791016	-1,6476555	-1,6722791	-0,027853251	2,3270957e-05	-0,005335927	-0,0027850319
41801	96,291016	-1,1476555	-1,1184644	-0,020951033	4,5233406e-05	-0,0040751696	-0,0021091299
41801	96,791016	-1,3476563	-1,1505988	-0,019073486	7,6293945e-06	-0,0039000511	-0,0020038839
41801	97,291016	-1,8476563	-1,7305222	-0,024631619	4,2189844e-05	-0,0050014257	-0,0026201201
41801	97,791016	-2,3476563	-2,2516642	-0,029480457	-2,3304485e-05	-0,005962491	-0,0032715285
41801	98,291016	-2,8476563	-2,5326273	-0,033015013	5,4064207e-05	-0,0066093206	-0,0035873107
41801	98,791016	-3,3476563	-3,0619855	-0,037178397	1,0005198e-05	-0,00766325	-0,0042795711
41801	99,291016	-3,8476563	-3,9020684	-0,046384335	2,4382956e-05	-0,0095813274	-0,0054987152
41801	99,791016	-4,3476563	-4,358839	-0,051105022	2,3952685e-05	-0,010503054	-0,0061932476
41801	100,29102	-4,8476563	-4,8880091	-0,054743886	9,1269612e-08	-0,011676073	-0,0071053267
41801	100,79102	-5,3476563	-5,3537693	-0,059273839	-2,3428351e-05	-0,012690902	-0,0077815992
41801	101,29102	-5,8476563	-5,8833194	-0,064468384	-4,7801994e-05	-0,013936996	-0,0084885443
41801	101,79102	-6,3476563	-6,4114704	-0,069472194	2,407562e-05	-0,015076637	-0,0094163576
41801	102,29102	-6,8476563	-6,9704018	-0,07224679	-3,8861297e-05	-0,016247392	-0,010387939
41801	102,79102	-7,3476563	-7,4087362	-0,076383352	5,7706609e-05	-0,017349958	-0,011039177
41801	103,29102	-7,8476563	-7,9115725	-0,080963969	-9,3327835e-06	-0,018372416	-0,011933735
41801	103,79102	-8,3476563	-8,3602953	-0,085324049	1,7626211e-05	-0,019400954	-0,012730274
41801	104,29102	-8,8476563	-8,9245863	-0,08880794	-1,8433668e-05	-0,020566344	-0,013569191
41801	104,79102	-9,3476563	-9,479414	-0,093200803	-1,0093674e-05	-0,021855712	-0,014582218
41801	105,29102	-9,8476563	-9,9240484	-0,097343326	-3,9711595e-05	-0,022812128	-0,015249996
41801	105,79102	-10,347656	-10,341907	-0,099730492	4,2424537e-05	-0,023647547	-0,016057955
41801	106,29102	-10,847656	-10,889738	-0,10451078	-1,4461577e-05	-0,024889112	-0,017026922
41801	106,79102	-11,347656	-11,341235	-0,1091212	1,7775223e-05	-0,025923133	-0,017779719
41801	107,29102	-11,847656	-11,842303	-0,11238158	-3,2734126e-05	-0,026928067	-0,018705264
41801	107,79102	-12,347656	-12,37432	-0,11668205	3,9925799e-06	-0,028116584	-0,019766578
41801	108,29102	-12,847656	-12,825456	-0,11972785	-3,498327e-05	-0,029107809	-0,020555353
41801	108,79102	-13,347656	-13,377028	-0,12349188	-2,0784326e-05	-0,030205727	-0,021563269
41801	109,29102	-13,847656	-13,889647	-0,12777746	3,6469661e-05	-0,031376362	-0,022491857
41801	109,79102	-14,347656	-14,379022	-0,13111234	-7,6285563e-05	-0,032399058	-0,023326021
41801	110,29102	-14,847656	-14,857363	-0,13409853	6,1272644e-05	-0,033472419	-0,024378847
41801	110,79102	-15,347656	-15,394604	-0,13860166	-1,0667369e-05	-0,034625053	-0,025270088
41801	111,29102	-15,847656	-15,838562	-0,14147758	-2,5704503e-07	-0,035631895	-0,02617608
41801	111,79102	-16,347656	-16,386967	-0,14484823	-2,7502887e-05	-0,036763668	-0,027219091
41801	112,29102	-16,847656	-16,957945	-0,14844537	-1,818873e-05	-0,037988305	-0,028176459
41801	112,79102	-17,347656	-17,391666	-0,15294254	9,695068e-06	-0,038952231	-0,029167963
41801	113,29102	-17,847656	-17,906118	-0,15662014	-5,2274205e-05	-0,040036917	-0,030088954
41801	113,79102	-18,347656	-18,369667	-0,16008019	6,5090135e-06	-0,041129827	-0,030946141
41801	114,29102	-18,847656	-18,8981	-0,16224384	1,3702549e-05	-0,042298317	-0,031973463
41801	114,79102	-19,347656	-19,372728	-0,16604364	-5,7364814e-05	-0,043325543	-0,032868646
41801	115,29102	-19,847656	-19,860313	-0,16988218	1,0292977e-05	-0,044349313	-0,033781379
41801	115,79102	-20,347656	-20,308022	-0,17362237	-7,5749122e-05	-0,045287371	-0,034652002
41801	116,29102	-20,847656	-20,807205	-0,17654598	-1,6440637e-05	-0,046567678	-0,035740051
41801	116,79102	-21,347656	-21,363314	-0,18067956	-7,1370043e-05	-0,047722816	-0,036741022
41801	117,29102	-21,847656	-21,782352	-0,18335581	3,2881275e-05	-0,048703313	-0,037609503
41801	117,79102	-22,347656	-22,296137	-0,18619597	-2,4794601e-05	-0,049773812	-0,038615085
41801	118,29102	-22,847656	-22,646721	-0,18897653	1,2140721e-05	-0,050614834	-0,039269604
41801	118,79102	-23,347656	-23,404205	-0,19506514	-6,1113387e-06	-0,052275062	-0,040851977
41801	119,29102	-23,847656	-23,906231	-0,19759536	-1,3750046e-05	-0,053325295	-0,04168357
41801	119,79102	-24,347656	-24,386608	-0,19985139	-4,2732805e-05	-0,054464817	-0,042795788
41801	120,29102	-24,847656	-24,923967	-0,20487309	-1,8847175e-05	-0,0556283	-0,04370217
41801	120,79102	-25,347656	-25,407974	-0,2071321	-8,8727102e-05	-0,056660533	-0,044583898
41801	121,29102	-25,847656	-25,839251	-0,21152496	-5,6621619e-05	-0,057701826	-0,045673344
41801	121,79102	-26,347656	-26,381639	-0,21423697	-4,6964735e-05	-0,058890462	-0,0466699
41801	122,29102	-26,847656	-26,889721	-0,21815002	-4,8821792e-05	-0,060024142	-0,04769947
41801	122,79102	-27,347656	-27,392206	-0,22214353	-3,5864301e-05	-0,06121695	-0,048610684
41801	123,29102	-27,847656	-27,893471	-0,22572279	-2,7331524e-05	-0,062287331	-0,049647473
41801	123,79102	-28,347656	-28,305862	-0,22843182	-7,1143731e-05	-0,063241839	-0,05062009
41801	124,29102	-28,847656	-28,851351	-0,23211539	-4,953146e-05	-0,064511776	-0,05158272
41801	124,79102	-29,347656	-29,348804	-0,23490787	-3,7169084e-05	-0,065549374	-0,052527737
41801	125,29102	-29,847656	-29,80278	-0,23722053	-4,7766604e-05	-0,066618681	-0,053481411
41801	125,79102	-30,347656	-30,200659	-0,24165511	-4,6576373e-05	-0,067589283	-0,054383606
41801	126,29102	-30,847656	-30,95027	-0,24515092	-6,3770451e-05	-0,069155931	-0,055817753
41801	126,79102	-31,347656	-31,419926	-0,24909079	-1,4038756e-05	-0,070273757	-0,056692295
41801	127,29102	-31,847656	-31,911665	-0,25133193	-1,8500723e-05	-0,07131815	-0,057683401
41801	127,79102	-32,25703	-32,34428	-0,25517046	-4,1957945e-05	-0,072384953	-0,058629431
41801	128,29102	-31,75703	-31,89336	-0,25294721	-6,9427304e-05	-0,071577072	-0,057762049
41801	128,79102	-31,25703	-31,328056	-0,24982393	-2,8088689e-05	-0,070627213	-0,057024162
41801	129,29102	-30,75703	-30,859228	-0,24729669	-5,7400204e-05	-0,069719553	-0,056065448
41801	129,79102	-30,25703	-30,205931	-0,24453402	4,0853396e-05	-0,068558693	-0,05515087
41801	130,29102	-29,75703	-29,814224	-0,2420038	-8,0838799e-05	-0,067794323	-0,054412726
41801	130,79102	-29,25703	-29,255512	-0,23886561	-0,00010869186	-0,066695094	-0,053423088
41801	131,29102	-28,75703	-28,703804	-0,23611486	3,8733706e-05	-0,065774441	-0,052574027
41801	131,79102	-28,25703	-28,241966	-0,23363531	-3,7712976e-05	-0,064826965	-0,051725253
41801	132,29102	-27,75703	-27,768095	-0,2307564	-7,7319331e-05	-0,063886523	-0,050871234
41801	132,79102	-27,25703	-27,27033	-0,22826493	-5,723536e-05	-0,062908411	-0,049980775
41801	133,29102	-26,75703	-26,78286	-0,22547245	-5,330611e-05	-0,061903596	-0,049136974
41801	133,79102	-26,25703	-26,26663	-0,22233129	-5,6624413e-05	-0,060925841	-0,048130501
41801	134,29102	-25,75703	-25,677174	-0,21930635	-3,2686628e-05	-0,059698462	-0,047117822
41801	134,79102	-25,25703	-25,24552	-0,21528304	-8,8064931e-05	-0,0588274	-0,046382222
41801	135,29102	-24,75703	-24,764938	-0,2133131	-2,1480955e-05	-0,057942748	-0,045521859
41801	135,79102	-24,25703	-24,291296	-0,21042228	-0,00011025276	-0,056921005	-0,044645198
41801	136,29102	-23,75703	-23,758392	-0,20624697	-3,8296916e-05	-0,055759788	-0,04369235
41801	136,79102	-23,25703	-23,254997	-0,20418763	-2,8648414e-05	-0,054745317	-0,042675368
41801	137,29102	-22,75703	-22,763683	-0,20127296	-5,2726828e-05	-0,053852797	-0,041865367
41801	137,79102	-22,25703	-22,227633	-0,19677579	-3,8930215e-05	-0,05271399	-0,04084364
41801	138,29102	-21,75703	-21,680309	-0,19416213	-4,5345165e-05	-0,051544785	-0,039823711
41801	138,79102	-21,25703	-21,222254	-0,19126534	-6,5716915e-05	-0,050633073	-0,03910087
41801	139,29102	-20,75703	-20,756092	-0,18739998	-0,00014235266	-0,049604535	-0,038085829
41801	139,79102	-20,25703	-20,201315	-0,18481016	4,1711144e-05	-0,048569202	-0,037178293
41801	140,29102	-19,75703	-19,716244	-0,18186271	-5,7348981e-05	-0,047551155	-0,036293481
41801	140,79102	-19,25703	-19,285154	-0,17870963	-9,7501092e-05	-0,046547174	-0,035337795
41801	141,29102	-18,75703	-18,726404	-0,17551482	2,2732653e-05	-0,045332909	-0,034432158
41801	141,79102	-18,25703	-18,293282	-0,17239153	-6,5855682e-05	-0,04445529	-0,033585034
41801	142,29102	-17,75703	-17,745131	-0,16870201	-1,9408762e-06	-0,043280602	-0,032489941
41801	142,79102	-17,25703	-17,22205	-0,16353726	-3,1257048e-05	-0,042247415	-0,031599719
41801	143,29102	-16,75703	-16,810623	-0,16204417	-4,4908375e-05	-0,041167974	-0,030655824
41801	143,79102	-16,25703	-16,231712	-0,15828311	-4,4642016e-05	-0,040057421	-0,029763844
41801	144,29102	-15,75703	-15,768136	-0,15492439	-3,0797906e-05	-0,039038539	-0,028865607
41801	144,79102	-15,25703	-15,201363	-0,1509577	-2,2876076e-05	-0,037852645	-0,027859256
41801	145,29102	-14,75703	-14,663606	-0,14723837	-5,2424148e-05	-0,036722064	-0,026830716
41801	145,79102	-14,25703	-14,240313	-0,14444888	1,2405217e-06	-0,03579855	-0,025982765
41801	146,29102	-13,75703	-13,716054	-0,13946593	-9,4040297e-05	-0,034558296	-0,024957038
41801	146,79102	-13,25703	-13,287697	-0,13692379	-7,7066943e-05	-0,033557773	-0,024245059
41801	147,29102	-12,75703	-12,745193	-0,13259351	3,5805628e-05	-0,03248477	-0,023184324
41801	147,79102	-12,25703	-12,261401	-0,12902915	-5,5923127e-05	-0,031441569	-0,022336213
41801	148,29102	-11,75703	-11,678161	-0,12503564	-3,8769096e-05	-0,030115724	-0,021259768
41801	148,79102	-11,25703	-11,270268	-0,121665	7,7830628e-06	-0,029258847	-0,020473137
41801	149,29102	-10,75703	-10,696315	-0,11707246	-8,4976666e-05	-0,02797699	-0,019383589
41801	149,79102	-10,25703	-10,28005	-0,11343658	-0,00010243058	-0,026972175	-0,018533604
41801	150,29102	-9,7570305	-9,6748638	-0,10865033	2,3812056e-05	-0,025694132	-0,01745839
41801	150,79102	-9,2570305	-9,2164574	-0,10476112	-3,0268915e-05	-0,024583817	-0,016648732
41801	151,29102	-8,7570305	-8,7504826	-0,1013279	-7,9530291e-05	-0,023481965	-0,01572142
41801	151,79102	-8,2570305	-8,1943254	-0,097313523	-3,044866e-05	-0,022251248	-0,014674566
41801	152,29102	-7,7570305	-7,741684	-0,09264946	-2,0390376e-05	-0,021164894	-0,013915211
41801	152,79102	-7,2570305	-7,2096343	-0,087639689	-8,0977567e-05	-0,019830227	-0,012804886
41801	153,29102	-6,7570305	-6,7619214	-0,084361434	4,6844594e-05	-0,018817306	-0,012159447
41801	153,79102	-6,2570305	-6,3251648	-0,07982254	1,5497208e-06	-0,01762569	-0,011367958
41801	154,29102	-5,7570305	-5,8068967	-0,074905157	-7,372722e-05	-0,016321898	-0,010371056
41801	154,79102	-5,2570305	-5,3475013	-0,070983171	-4,2049214e-05	-0,015289187	-0,0096017718
41801	155,29102	-4,7570305	-5,0287919	-0,067508221	-6,1774626e-05	-0,014443755	-0,008941737
41801	155,79102	-4,2570305	-4,1917658	-0,059044361	-5,2288175e-05	-0,012366414	-0,0075412481
41801	156,29102	-3,7570305	-3,7049446	-0,054568052	-3,3939257e-05	-0,011100531	-0,006647035
41801	156,79102	-3,2570305	-3,1329896	-0,048595667	-1,1345372e-05	-0,0097898245	-0,005825561
41801	157,29102	-2,7570305	-2,7480462	-0,044006109	-9,5159747e-05	-0,0086835623	-0,0050038323
41801	157,79102	-2,2570305	-2,2369754	-0,038507581	-6,6580251e-06	-0,0074256659	-0,0042613428
41801	158,29102	-1,7570305	-1,7563925	-0,032684207	4,8977323e-05	-0,0063325167	-0,0035514559
41801	158,79102	-1,2570305	-1,2954082	-0,025966763	-5,9763901e-05	-0,005138278	-0,0028469961
41801	159,29102	-1	-0,95836449	-0,020250678	-7,8533776e-05	-0,0042648315	-0,0024443807
41801	159,79102	-1	-0,86010432	-0,020053983	1,3727695e-06	-0,0039783716	-0,0022904559
41801	160,29102	-1	-0,85064209	-0,018560886	-2,4736859e-05	-0,0038230419	-0,0020759057
41801	160,79102	-1	-0,93252397	-0,017604232	-8,3471648e-05	-0,003764987	-0,0021383846
41801	161,29102	-1	-0,91672504	-0,018265843	-3,8252212e-05	-0,0037646294	-0,0020574634
41801	161,79102	-1	-0,94071776	-0,01860559	-2,8885901e-05	-0,0037225485	-0,0019800558
41801	162,29102	-1	-1,0352917	-0,019907951	-6,4371154e-05	-0,0038291216	-0,0021126082
41801	162,79102	-1	-1,049243	-0,019332767	-5,2398071e-05	-0,003780365	-0,0019651921
41801	163,29102	-1	-0,98901427	-0,019270182	-9,3132257e-09	-0,0036188364	-0,001928131
41801	163,79102	-1	-0,9926129	-0,017684698	-7,2929077e-05	-0,0035663843	-0,0019500609
41801	164,29102	-1	-0,95980239	-0,017687678	-9,276811e-05	-0,0034924746	-0,0018068634
41801	164,79102	-1	-0,9977985	-0,018885732	1,9690953e-05	-0,003564477	-0,0018895025
41801	165,29102	-1	-1,0455158	-0,018596649	-2,3955479e-05	-0,0035526752	-0,0018782289
41801	165,79102	-1	-1,0246019	-0,018516183	-0,00010702014	-0,0034492016	-0,0018743359
41801	166,29102	-1	-0,94706941	-0,017225742	2,8749928e-05	-0,0033528805	-0,0017111491
41801	166,79102	-1	-1,0444466	-0,018268824	-1,0307878e-05	-0,0034769773	-0,0017161036
41801	167,29102	-1	-1,056036	-0,017553568	-8,081086e-05	-0,0034333467	-0,0017335346
41801	167,79102	-1	-0,98095089	-0,01758039	1,4800578e-05	-0,0032895803	-0,0016357977
41801	168,29102	-1	-0,98079443	-0,0179708	1,3184734e-05	-0,0033125877	-0,0016865848
41801	168,79102	-1	-0,9681657	-0,016826391	-5,8745034e-05	-0,0032200813	-0,0015939622
41801	169,29102	-1	-0,99992752	-0,018003583	-1,2514181e-05	-0,0032641888	-0,0016056634
41801	169,79102	-1	-1,0295063	-0,018134713	4,7605485e-05	-0,0033210516	-0,0016943465
41801	170,29102	-1	-1,0282267	-0,017282367	-9,0498477e-05	-0,0032253265	-0,0015702847
41801	170,79102	-1	-0,9547956	-0,016635656	-1,1912547e-05	-0,0031678677	-0,00158056
41801	171,29102	-1	-0,99772584	-0,016912818	-3,0464493e-05	-0,0032055378	-0,0015598161
41801	171,79102	-1	-1,0548271	-0,017812848	-7,53114e-05	-0,0032477379	-0,0014918881
41801	172,29102	-1	-1,0098051	-0,017622113	-1,9647181e-05	-0,0031527281	-0,0015570051
41801	172,79102	-1	-1,0072049	-0,016945601	-1,7862767e-06	-0,0030804873	-0,0015715935
41801	173,29102	-1	-0,93975848	-0,017076731	-2,6600435e-05	-0,0029654503	-0,001363223
41801	173,79102	-1	-0,95110762	-0,016608834	5,4174103e-05	-0,0030200481	-0,0014265014
41801	174,29102	-1	-1,0121391	-0,017365813	-1,9710511e-05	-0,0031480789	-0,0014812818
41801	174,79102	-1	-1,0252744	-0,017097592	-1,3884157e-05	-0,0031416416	-0,0015008489
41801	175,29102	-1	-0,99227577	-0,016742945	1,6591512e-05	-0,0031100512	-0,0014141718
41801	175,79102	-1	-1,0301639	-0,017505884	-4,4897199e-05	-0,0030367374	-0,0013834798
41801	176,29102	-1	-1,0352619	-0,01834929	0,00010190252	-0,0031510592	-0,0014632224
41801	176,79102	-1	-1,038922	-0,017559528	-6,7668036e-05	-0,0030953884	-0,0014666469
41801	177,29102	-1	-0,96620619	-0,016030669	-7,3482282e-05	-0,0028511286	-0,0013813474
41801	177,79102	-1	-0,96740013	-0,016671419	-1,0273419e-05	-0,0029472113	-0,001318268
41801	178,29102	-1	-0,99349391	-0,01642704	-3,1808391e-05	-0,0029865503	-0,0013062229
41801	178,79102	-1	-1,0272954	-0,016793609	1,8361956e-05	-0,0030207634	-0,0014770821
41801	179,29102	-1	-0,98972768	-0,016859174	9,2666596e-07	-0,0029252768	-0,0013133693
41801	179,79102	-1	-1,0189377	-0,017386675	-6,1986968e-05	-0,0029973984	-0,0013876274
41801	180,29102	-1	-0,99424088	-0,017592311	-3,1320378e-05	-0,0029603243	-0,0013049066
41801	180,79102	-1	-1,0417439	-0,016656518	3,4430064e-05	-0,0030261278	-0,0013378573
41801	181,29102	-1	-0,96781367	-0,016796589	-3,830716e-05	-0,0027166605	-0,0012902084
41801	181,79102	-1	-0,95235741	-0,017133355	2,040714e-05	-0,002746582	-0,001191912
41801	182,29102	-1	-0,90526229	-0,015887618	-4,3604523e-05	-0,0026718378	-0,0011833508
41801	182,79102	-1	-0,94753873	-0,015693903	-5,2593648e-05	-0,0027109385	-0,0011979336
41801	183,29102	-1	-0,97703189	-0,015959144	2,8071925e-05	-0,0027997494	-0,001213803
41801	183,79102	-1	-0,97766519	-0,016865134	-5,5398792e-05	-0,0028451681	-0,0012813442
41801	184,29102	-1	-1,0635201	-0,017026067	-2,3108907e-05	-0,0029748678	-0,0012222303
41801	184,79102	-1	-1,0752473	-0,017115474	1,0446645e-05	-0,0030390024	-0,0013061707
41801	185,29102	-1	-0,92042053	-0,016015768	-6,5891072e-06	-0,002635479	-0,0011557337
41801	185,79102	-1	-0,97796506	-0,017237663	-6,8254769e-05	-0,0027087927	-0,0011995659
41801	186,29102	-1	-0,98550504	-0,016465783	-3,5930425e-06	-0,0027983189	-0,0012587896
41801	186,79102	-1	-0,93017519	-0,015327334	8,7805092e-06	-0,0026419163	-0,0011541126
41801	187,29102	-1	-1,0287017	-0,01668632	-1,4439225e-05	-0,0028173923	-0,0012567167
41801	187,79102	-1	-1,0251608	-0,016868114	-1,8235296e-05	-0,0028510094	-0,0011403571
41801	188,29102	-1	-0,97831899	-0,015881658	2,3562461e-07	-0,0027575493	-0,0011401526
41801	188,79102	-1	-1,0039508	-0,015905499	-9,8065473e-05	-0,0027147532	-0,0012114381
41801	189,29102	-1,2353516	-1,0847449	-0,01604557	-2,2447668e-05	-0,0029518604	-0,0011472023
41801	189,79102	-1,7353516	-1,6925875	-0,023275614	5,4407865e-06	-0,00415802	-0,0019794535
41801	190,29102	-2,2353516	-2,1415818	-0,028544664	-3,1897798e-05	-0,0050650835	-0,0025065304
41801	190,79102	-2,7353516	-2,5028439	-0,031176209	4,7408976e-05	-0,0058991909	-0,0030661232
41801	191,29102	-3,2353516	-2,8793309	-0,034946203	2,5661662e-05	-0,0066871643	-0,0036910675
41801	191,79102	-3,7353516	-3,9291885	-0,045821071	-0,00012429524	-0,0089589357	-0,0050133397
41801	192,29102	-4,2353516	-4,2679124	-0,049388409	1,416076e-05	-0,0097732544	-0,0056804018
41801	192,79102	-4,7353516	-4,7829247	-0,054046512	3,6844984e-05	-0,010950804	-0,0064428956
41801	193,29102	-5,2353516	-5,2843242	-0,059121847	-9,2212111e-05	-0,011998653	-0,0072485097
41801	193,79102	-5,7353516	-5,5912585	-0,061836839	1,3097189e-05	-0,012797832	-0,0077944603
41801	194,29102	-6,2353516	-6,2779336	-0,065946579	-6,7436136e-05	-0,014243603	-0,008899617
41801	194,79102	-6,7353516	-6,9128089	-0,072678924	-0,00012408849	-0,01560688	-0,009851044
41801	195,29102	-7,2353516	-7,3315558	-0,076648593	-2,7514994e-05	-0,016687512	-0,010606481
41801	195,79102	-7,7353516	-7,8100543	-0,079497695	-3,6861748e-06	-0,017768264	-0,011404373
41801	196,29102	-8,2353516	-8,3444786	-0,084558129	-5,0114468e-05	-0,018900514	-0,012363816
41801	196,79102	-8,7353516	-8,8143797	-0,088065863	-6,9432892e-05	-0,020016432	-0,013040132
41801	197,29102	-9,2353516	-9,3604126	-0,092419982	-8,7562948e-05	-0,021140456	-0,014001296
41801	197,79102	-9,7353516	-9,8028345	-0,09637177	-9,2879869e-05	-0,022135615	-0,014715749
41801	198,29102	-10,235352	-10,298066	-0,10072589	1,3378449e-05	-0,023284078	-0,015762419
41801	198,79102	-10,735352	-10,794302	-0,10456741	-3,1788833e-05	-0,024346948	-0,016650504
41801	199,29102	-11,235352	-11,329966	-0,10856092	-4,3133274e-05	-0,025486469	-0,017571244
41801	199,79102	-11,735352	-11,844208	-0,11126697	-2,2416003e-05	-0,026592255	-0,018479817
41801	200,29102	-12,235352	-12,215312	-0,11484921	1,1789612e-05	-0,027464271	-0,019303214
41801	200,79102	-12,735352	-12,76929	-0,11909008	-1,1600554e-05	-0,028596997	-0,020238081
41801	201,29102	-13,235352	-13,252623	-0,12310445	-4,6910718e-06	-0,029680252	-0,02118177
41801	201,79102	-13,735352	-13,670012	-0,12570024	3,2102689e-06	-0,030709505	-0,021940628
41801	202,29102	-14,235352	-14,269812	-0,12983382	-1,4819205e-05	-0,031938195	-0,023027139
41801	202,79102	-14,735352	-14,784292	-0,1337558	2,7315691e-06	-0,032999873	-0,024147034
41801	203,29102	-15,235352	-15,339175	-0,13692081	-4,7853217e-05	-0,034271121	-0,025076933
41801	203,79102	-15,735352	-15,81881	-0,14048219	-9,5324591e-05	-0,035315037	-0,02590357
41801	204,29102	-16,235352	-16,21479	-0,14463067	-3,282167e-05	-0,036215901	-0,02669793
41801	204,79102	-16,735352	-16,797266	-0,14871955	-1,7032027e-05	-0,03760612	-0,027949991
41801	205,29102	-17,235352	-17,245474	-0,15224814	-5,0487928e-05	-0,038481474	-0,028928913
41801	205,79102	-17,735352	-17,651005	-0,15478134	1,5757978e-05	-0,039409995	-0,02955972
41801	206,29102	-18,235352	-18,16201	-0,15820861	-5,819276e-05	-0,040593624	-0,030634401
41801	206,79102	-18,735352	-18,84531	-0,16351044	-9,9648722e-05	-0,041975141	-0,031788733
41801	207,29102	-19,235352	-19,332813	-0,16630292	-7,1343966e-05	-0,043113947	-0,032678284
41801	207,79102	-19,735352	-19,730722	-0,1696676	-2,8157607e-05	-0,04403913	-0,033757832
41801	208,29102	-20,235352	-20,203953	-0,17311573	-4,5245513e-05	-0,045180082	-0,03454566
41801	208,79102	-20,735352	-20,820215	-0,17728508	-0,00013420172	-0,046453357	-0,035753209
41801	209,29102	-21,235352	-21,116106	-0,17997026	-1,3194047e-05	-0,047163606	-0,036332022
41801	209,79102	-21,735352	-21,779734	-0,18419325	1,8564984e-05	-0,048703551	-0,037697069
41801	210,29102	-22,235352	-22,345572	-0,18696487	-6,4731576e-05	-0,04990077	-0,038748529
41801	210,79102	-22,735352	-22,84416	-0,18998086	-4,4128858e-05	-0,051121593	-0,039759867
41801	211,29102	-23,235352	-23,29557	-0,19529164	2,176594e-05	-0,052174568	-0,040649112
41801	211,79102	-23,735352	-23,759762	-0,19900203	-3,4914352e-05	-0,053213477	-0,041554466
41801	212,29102	-24,235352	-24,305357	-0,20172	-4,7622249e-05	-0,054311395	-0,042724065
41801	212,79102	-24,735352	-24,692144	-0,20469129	4,130695e-05	-0,055311441	-0,043638006
41801	213,29102	-25,235352	-25,197887	-0,20759404	1,2014993e-05	-0,056428432	-0,044556454
41801	213,79102	-25,735352	-25,781981	-0,21150112	-0,00013425574	-0,057713985	-0,045720268
41801	214,29102	-26,235352	-26,211214	-0,21490753	3,0918047e-05	-0,058737874	-0,046545465
41801	214,79102	-26,735352	-26,736351	-0,21853149	8,1304461e-06	-0,059980154	-0,047695868
41801	215,29102	-27,235352	-27,297667	-0,22167861	-3,1822361e-05	-0,061172605	-0,048816703
41801	215,79102	-27,735352	-27,806334	-0,22568405	-4,1253865e-05	-0,062330008	-0,049779542
41801	216,29102	-28,235352	-28,176796	-0,22815764	9,4277784e-06	-0,063259125	-0,050550543
41801	216,79102	-28,735352	-28,822573	-0,23226738	1,4030375e-05	-0,064693809	-0,051809434
41801	217,29102	-29,235352	-29,325897	-0,23671389	2,5266781e-06	-0,065832019	-0,052905984
41801	217,79102	-29,735352	-29,792744	-0,23970306	2,6791357e-05	-0,066985488	-0,053956639
41801	218,29102	-30,235352	-30,313322	-0,2430737	-6,2843785e-05	-0,06810832	-0,054885417
41801	218,79102	-30,735352	-30,755341	-0,24476945	-3,7212856e-05	-0,069061875	-0,055764183
41801	219,29102	-31,235352	-31,201067	-0,24905503	3,6719255e-05	-0,070193768	-0,056708977
41801	219,79102	-31,735352	-31,726179	-0,25193691	1,1277385e-05	-0,07134974	-0,05775943
41801	220,29102	-32,235352	-32,249149	-0,25638342	-1,6612001e-05	-0,072531819	-0,058854401
41801	220,79102	-32,299999	-32,330929	-0,25783479	9,3085691e-06	-0,072920203	-0,059115399
41801	221,29102	-32,299999	-32,36105	-0,25784671	7,8771263e-06	-0,073055863	-0,059314262
41801	221,79102	-32,299999	-32,349098	-0,25854111	-2,7748756e-05	-0,073207855	-0,059265543
41801	222,29102	-32,299999	-32,281292	-0,2574265	9,8468736e-06	-0,073237062	-0,059327628
41801	222,79102	-32,299999	-32,338882	-0,25828481	3,2908283e-05	-0,073417664	-0,05950268
41801	223,29102	-32,299999	-32,276619	-0,25757551	-1,1743978e-06	-0,073306918	-0,05939861
41801	223,79102	-32,299999	-32,394432	-0,25863051	-2,2687949e-05	-0,073673964	-0,059682097
41801	224,29102	-32,299999	-32,304577	-0,25907159	1,2183562e-05	-0,073608994	-0,059747431
41801	224,79102	-32,299999	-32,277897	-0,2595216	-3,3527613e-08	-0,073622704	-0,059703104
41801	225,29102	-32,299999	-32,385468	-0,25993586	-2,1426938e-05	-0,073869467	-0,059893709
41801	225,79102	-32,299999	-32,195362	-0,25948286	0,00012539513	-0,073605657	-0,059698928
41801	226,29102	-32,299999	-32,309528	-0,26009679	2,3414381e-05	-0,073896766	-0,059926093
41801	226,79102	-32,299999	-32,259373	-0,25980771	-1,8027611e-05	-0,073864937	-0,059933506
41801	227,29102	-32,299999	-32,258854	-0,26055872	6,3453801e-05	-0,073946476	-0,059914891
41801	227,79102	-32,299999	-32,320038	-0,26037097	7,5642951e-05	-0,074191332	-0,060157217
41801	228,29102	-32,299999	-32,183533	-0,26087463	3,432855e-06	-0,073903441	-0,059786111
41801	228,79102	-32,299999	-32,355106	-0,26118457	-4,4280663e-05	-0,074215412	-0,060093362
41801	229,29102	-32,299999	-32,300339	-0,26062429	4,5866705e-05	-0,074223995	-0,060174003
41801	229,79102	-32,299999	-32,294949	-0,26162267	1,7644837e-05	-0,074215174	-0,060091659
41801	230,29102	-32,299999	-32,381378	-0,26117265	-5,6360848e-05	-0,074463844	-0,060368683
41801	230,79102	-32,299999	-32,339264	-0,26180446	-3,1236559e-06	-0,074532151	-0,060436215
41801	231,29102	-32,299999	-32,264404	-0,26077628	5,8897771e-05	-0,074396849	-0,060278993
41801	231,79102	-32,299999	-32,281876	-0,26243031	5,8873557e-05	-0,074501157	-0,060441032
41801	232,29102	-32,299999	-32,305073	-0,26182234	-4,5820139e-05	-0,074481606	-0,060404312
41801	232,79102	-32,299999	-32,23431	-0,26153624	3,5312027e-05	-0,07442832	-0,060263108
41801	233,29102	-32,299999	-32,258324	-0,26099086	8,7209046e-06	-0,074599862	-0,060506538
41801	233,79102	-32,299999	-32,24675	-0,26210248	7,7113509e-06	-0,074549794	-0,060465764
41801	234,29102	-32,299999	-32,244087	-0,26234984	-2,3236498e-05	-0,074638486	-0,060532641
41801	234,79102	-32,299999	-32,270798	-0,26237667	-1,3167039e-05	-0,074691534	-0,060508449
41801	235,29102	-32,299999	-32,293583	-0,26228726	1,3105571e-05	-0,074794769	-0,060490657
41801	235,79102	-32,299999	-32,281967	-0,26291311	5,9775077e-05	-0,074795604	-0,060693428
41801	236,29102	-32,299999	-32,297062	-0,2617687	3,0741096e-05	-0,074859619	-0,060666472
41801	236,79102	-32,299999	-32,292641	-0,26288033	1,7944723e-05	-0,074936152	-0,06077572
41801	237,29102	-32,299999	-32,377274	-0,26377141	-4,3660402e-05	-0,075104117	-0,060900565
41801	237,79102	-32,299999	-32,327732	-0,26382208	6,5527856e-05	-0,075092912	-0,060880296
41801	238,29102	-32,299999	-32,3018	-0,26383996	8,7461434e-05	-0,075065732	-0,060842026
41801	238,79102	-32,299999	-32,261887	-0,26388168	8,4936619e-07	-0,075032473	-0,060690548
41801	239,29102	-32,299999	-32,328979	-0,26353598	-5,0843693e-05	-0,075157285	-0,061014242
41801	239,79102	-32,299999	-32,255722	-0,26300848	6,3646585e-06	-0,075106859	-0,060899049
41801	240,29102	-32,299999	-32,275879	-0,26344359	2,5884248e-05	-0,075126052	-0,060913242
41801	240,79102	-32,299999	-32,290295	-0,26377141	1,2490898e-05	-0,075291634	-0,060875062
41801	241,29102	-32,299999	-32,287151	-0,26345253	1,7869286e-05	-0,075287104	-0,060934559
41801	241,79102	-32,299999	-32,248096	-0,26385188	4,3166801e-05	-0,075116038	-0,060810693
41801	242,29102	-32,299999	-32,274418	-0,26385188	9,7136945e-07	-0,075316668	-0,060993068
41801	242,79102	-32,299999	-32,281673	-0,26294887	-8,7842345e-06	-0,075330138	-0,060951725
41801	243,29102	-32,299999	-32,345661	-0,26401877	-3,2430515e-05	-0,075514793	-0,06114573
41801	243,79102	-32,299999	-32,319981	-0,26478767	3,4962781e-05	-0,075570464	-0,061195388
41801	244,29102	-32,299999	-32,315369	-0,2643615	3,4216791e-05	-0,075426579	-0,061143123
41801	244,79102	-32,299999	-32,288265	-0,26453137	-2,1007843e-05	-0,075435281	-0,061113864
41801	245,29102	-32,299999	-32,334251	-0,26465952	-7,4533746e-06	-0,075521111	-0,061212484
41801	245,79102	-32,299999	-32,293861	-0,26385486	5,3955242e-05	-0,075538158	-0,061087817
41801	246,29102	-32,299999	-32,338852	-0,264588	-4,1806139e-05	-0,075697064	-0,061295751
41801	246,79102	-32,299999	-32,288399	-0,26375055	-4,0266663e-05	-0,075573206	-0,061123956
41801	247,29102	-32,299999	-32,250057	-0,26368499	-8,7274238e-05	-0,075596213	-0,061153129
41801	247,79102	-32,299999	-32,329029	-0,26525259	-4,7400594e-05	-0,075793266	-0,061440326
41801	248,29102	-32,299999	-32,320908	-0,26542246	-6,6540204e-05	-0,075770497	-0,061291166
41801	248,79102	-32,299999	-32,319611	-0,26529431	-6,6414475e-05	-0,075746417	-0,061416931
41801	249,29102	-32,299999	-32,249462	-0,26530623	8,9090317e-06	-0,075752735	-0,061351851
41801	249,79102	-32,299999	-32,384789	-0,26447177	-2,2767112e-05	-0,075930238	-0,061487269
41801	250,29102	-32,299999	-32,387398	-0,26447475	-5,5685639e-05	-0,075951457	-0,061509091
41801	250,79102	-30,161327	-30,379324	-0,25464594	0,00010998081	-0,072086692	-0,057995319
41801	251,29102	-27,661327	-27,782476	-0,24060011	1,6696751e-05	-0,067094207	-0,053402428
41801	251,79102	-25,161327	-25,301115	-0,22548139	-0,00010615494	-0,061911225	-0,04890791
41801	252,29102	-22,661327	-22,710032	-0,20909905	9,6820295e-06	-0,056836486	-0,044189263
41801	252,79102	-20,161327	-20,223026	-0,19368231	6,170664e-05	-0,051620007	-0,039616555
41801	253,29102	-17,661327	-17,620996	-0,17590523	-2,530776e-05	-0,046090007	-0,034819759
41801	253,79102	-15,161327	-15,035625	-0,15876591	5,1595271e-06	-0,040637851	-0,029888028
41801	254,29102	-12,661327	-12,580434	-0,13973713	-4,7061592e-05	-0,035133243	-0,025280297
41801	254,79102	-10,161327	-10,116557	-0,12110472	-4,4934452e-05	-0,029582381	-0,020579344
41801	255,29102	-7,6613274	-7,7174754	-0,10069609	-2,652593e-05	-0,023996353	-0,016055847
41801	255,79102	-5,1613274	-5,2372122	-0,078222156	-3,6858954e-05	-0,018000484	-0,011627233
41801	256,29102	-2,6613274	-3,7054102	-0,061422586	-8,3370134e-05	-0,013750553	-0,0086427461
41801	256,79102	-1	-0,90070438	-0,029981136	2,9094517e-06	-0,0068955421	-0,0043588304
41801	257,29102	-1	-0,69133937	-0,023308396	-3,2941811e-05	-0,0057924986	-0,003715182
41801	257,79102	-1	-0,71521848	-0,021952391	-9,140186e-05	-0,0055060387	-0,0033458555
41801	258,29102	-1	-0,71766973	-0,022354722	3,5563484e-05	-0,0053397417	-0,0033418864
41801	258,79102	-1	-0,76924449	-0,021928549	-4,2401254e-05	-0,0052555799	-0,0032218103
41801	259,29102	-1	-0,80819798	-0,023281574	-1,1704862e-05	-0,0051640272	-0,0030825709
41801	259,79102	-1	-0,8225702	-0,022062659	1,4707446e-05	-0,0050854683	-0,0030270226
41801	260,29102	-1	-0,85275435	-0,022679567	-5,3493306e-05	-0,0049580336	-0,0029969069
41801	260,79102	-1	-0,87310374	-0,022315979	-2,0052306e-05	-0,005032897	-0,0028673885
41801	261,29102	-1	-0,93060917	-0,023251772	-7,0203096e-06	-0,0050342083	-0,0029413512
41801	261,79102	-1	-0,97987241	-0,022181869	-8,0708414e-05	-0,0049940348	-0,0028649103
41801	262,29102	-1	-0,94698554	-0,022086501	-1,1998229e-05	-0,0048754215	-0,0028694279
41801	262,79102	-1	-0,99084902	-0,021862984	3,6164187e-05	-0,004907012	-0,0028741539
41801	263,29102	-1	-1,0120571	-0,023382902	-9,6789561e-05	-0,0048544407	-0,0027476789
41801	263,79102	-1	-0,98814255	-0,023001432	2,4922192e-06	-0,0047984123	-0,0027453643
41801	264,29102	-1	-1,0166429	-0,022044778	-4,8333779e-05	-0,0048028231	-0,0026183296
41801	264,79102	-1	-1,0404848	-0,022649765	-2,3627654e-05	-0,0047545433	-0,0027276452
41801	265,29102	-1	-0,99528956	-0,021642447	-9,1117807e-05	-0,0046261549	-0,0027329379
41801	265,79102	-1	-0,96265227	-0,021505356	4,9548224e-05	-0,0045626163	-0,0025419539
41801	266,29102	-1	-1,0318737	-0,02335012	-4,8493966e-05	-0,0047290325	-0,0026734169
41801	266,79102	-1	-1,0208656	-0,022596121	-9,9493191e-05	-0,0045781136	-0,0025700449
41801	267,29102	-1	-0,97517109	-0,022551417	6,9658272e-05	-0,0044391155	-0,0024325883
41801	267,79102	-1	-1,0016412	-0,022399426	1,301989e-05	-0,0044740438	-0,0025522255
41801	268,29102	-1	-1,0157079	-0,021651387	-8,6775981e-05	-0,0043860674	-0,0024788447
41801	268,79102	-1	-0,99141151	-0,022238493	-3,4123659e-05	-0,0043801069	-0,0024650577
41801	269,29102	-1	-0,98327732	-0,022214651	-4,8246235e-05	-0,0043414831	-0,0024068991
41801	269,79102	-1	-1,033321	-0,021383166	-0,00016348157	-0,0043879747	-0,0025485947
41801	270,29102	-1	-0,98525548	-0,020909309	-2,6391819e-05	-0,0043097734	-0,0023617954
41801	270,79102	-1	-1,0108706	-0,021451712	-3,6104582e-05	-0,0043154955	-0,0023223043
41801	271,29102	-1	-1,0392852	-0,021442771	-7,3649921e-05	-0,0043245554	-0,0023108094
41801	271,79102	-1	-1,0242015	-0,02168715	-5,5031851e-05	-0,0042614937	-0,0023214361
41801	272,29102	-1	-1,0277722	-0,021541119	-8,9901499e-05	-0,0043377876	-0,0023532528
41801	272,79102	-1	-1,0418966	-0,020289421	1,244247e-06	-0,0042517185	-0,0023055742
41801	273,29102	-1	-0,98301286	-0,020852685	-9,0769492e-05	-0,0041650534	-0,002207153
41801	273,79102	-1	-0,97762609	-0,019899011	-2,6398338e-05	-0,004208684	-0,0023242861
41801	274,29102	-1	-0,97526425	-0,020545721	-3,5563484e-05	-0,0041155815	-0,0021883892
41801	274,79102	-1	-1,0006298	-0,020647049	-7,5484626e-05	-0,0040998459	-0,0021832655
41801	275,29102	-1	-0,97712874	-0,021052361	-1,5953556e-06	-0,004057765	-0,0020803509
41801	275,79102	-1	-0,99964255	-0,020727515	-2,6609749e-05	-0,004160285	-0,0021205801
41801	276,29102	-1	-1,0444876	-0,020942092	-5,5814162e-05	-0,0040602684	-0,0022304757
41801	276,79102	-1	-0,99767745	-0,020894408	-3,6950223e-05	-0,0039763451	-0,0021056961
41801	277,29102	-1	-1,0266956	-0,020515919	8,889474e-06	-0,0041576624	-0,002230457
41801	277,79102	-1	-1,079103	-0,021338463	-8,042343e-05	-0,0041232109	-0,0022269692
41801	278,29102	-1	-1,0932423	-0,022122264	-9,243004e-05	-0,0041635036	-0,0021386431
41801	278,79102	-1	-1,0280199	-0,020843744	-1,6253442e-05	-0,0039886236	-0,00209984
41801	279,29102	-1	-1,0869391	-0,02155602	-1,7059036e-05	-0,0041700602	-0,0022135205
41801	279,79102	-1	-1,086697	-0,021111965	-0,0001027761	-0,0040521622	-0,0020920818
41801	280,29102	-1	-1,0269861	-0,020924211	-9,1478229e-05	-0,003988862	-0,0020652011
41801	280,79102	-1	-0,92914701	-0,020283461	-4,7039241e-05	-0,0037307739	-0,0019379192
41801	281,29102	-1	-0,96571445	-0,019532442	-3,3932738e-05	-0,0037519932	-0,0018916088
41801	281,79102	-1	-0,97290051	-0,020208955	-0,00011112448	-0,0037457943	-0,0019339927
41801	282,29102	-1	-0,90968978	-0,019606948	-2,5105663e-05	-0,0036410093	-0,0017486603
41801	282,79102	-1	-0,9636786	-0,020319223	-1,4105812e-05	-0,0036798716	-0,0019587411
41801	283,29102	-1	-1,0236278	-0,020480156	-0,00011099223	-0,003793478	-0,0019923761
41801	283,79102	-1	-1,0073557	-0,020572543	-3,2344833e-05	-0,0037482977	-0,0018953958
41801	284,29102	-1	-0,98014623	-0,020048022	-3,187824e-05	-0,0037504435	-0,0018542223
41801	284,79102	-1	-0,95912069	-0,019720197	-4,8477203e-05	-0,0036318302	-0,0019224421
41801	285,29102	-1	-1,0527838	-0,020474195	-0,00011060759	-0,0037937164	-0,0019271624
41801	285,79102	-1	-0,96422803	-0,019288063	-2,6354566e-05	-0,003729105	-0,001852681
41801	286,29102	-1	-1,0005981	-0,020578504	-5,9216283e-05	-0,0037760735	-0,0018164248
41801	286,79102	-1	-1,0005813	-0,020155311	-5,7306141e-05	-0,0036878586	-0,0017752716
41801	287,29102	-1	-1,078818	-0,020441413	-3,57721e-06	-0,0038661957	-0,0019450525
41801	287,79102	-1	-1,0176022	-0,020417571	-4,3214299e-05	-0,0037403107	-0,0018848063
41801	288,29102	-1	-0,96609628	-0,02027452	-0,00011147372	-0,0036935806	-0,001746117
41801	288,79102	-1	-0,94270521	-0,018787384	-2,5637448e-05	-0,0034931898	-0,0018204311
41801	289,29102	-1	-0,95636398	-0,019240379	-1,6002916e-05	-0,0035465956	-0,0017630461
41801	289,79102	-1	-0,97798371	-0,018954277	-5,0878152e-05	-0,003590703	-0,0017742788
41801	290,29102	-1	-1,0015182	-0,018951297	-2,5161542e-05	-0,0036582947	-0,0018070084
41801	290,79102	0	0,078307465	2,3598373	-1,4659017e-05	-0,0017101765	-0,00087976991

Datenerfassung						Zeit:	291,05371	s	11.06.2014 14:20:13
Ch 1 Kraft	Ch 1 Weg	1944 A	1944 B	1281068
kN	mm	mm	mm	mm
0,10755099	4,835722	0,00018927827	0,58988357	7,6100652e-05
-33,421741	-0,56604743	-0,00023528654	-0,076070666	-0,13502105
