Datum : 	11.6.2014
Durchmesser :	200,1
Datum	Laufzeit	Ch 1 Kraft Sollwert	Ch 1 Kraft	Ch 1 Weg	1944 A	1944 B	1281068
d	s	kN	kN	mm	mm	mm	mm
41801	49,051758	-1	-1,0582544	0,29741228	-1,2364704e-05	-0,025640197	-0,0053917738
41801	49,551758	-1	-1,0565556	0,29704273	-4,6240166e-06	-0,025719095	-0,0054138843
41801	50,051758	-1	-1,0746754	0,29838085	-3,2238662e-05	-0,025585242	-0,0054567284
41801	50,551758	-1	-1,0502375	0,29804707	5,9049111e-05	-0,025654495	-0,0054062377
41801	51,051758	-1	-1,0163058	0,29681623	3,5459641e-05	-0,025663335	-0,0054571624
41801	51,551758	-1	-1,0039564	0,29855669	2,0447187e-05	-0,025586911	-0,0052239997
41801	52,051758	-1	-1,0413733	0,29756725	-4,7448557e-05	-0,025552362	-0,0053652874
41801	52,551758	-1	-1,0754131	0,29786229	-2,0544045e-05	-0,025655244	-0,0053787702
41801	53,051758	-1	-1,0590292	0,2974987	4,523946e-05	-0,025594704	-0,005351556
41801	53,551758	-1	-0,99222922	0,29831529	3,5376754e-05	-0,025489409	-0,005267832
41801	54,051758	-1	-0,99090111	0,2984643	4,8596878e-05	-0,025502965	-0,0053126607
41801	54,551758	-1	-1,0781903	0,29774308	5,1673036e-05	-0,025740158	-0,0055068256
41801	55,051758	-1	-1,0899547	0,29701889	2,0300504e-05	-0,025647525	-0,0055941218
41801	55,551758	-1	-1,0773875	0,29737651	-4,3502077e-05	-0,02565534	-0,0054363376
41801	56,051758	-1	-1,0405164	0,2995193	-6,99386e-05	-0,025503233	-0,0053431918
41801	56,551758	-1	-1,0341201	0,29743314	1,0978431e-05	-0,025468457	-0,0053664995
41801	57,051758	-1	-1,0362957	0,29718876	6,8542082e-05	-0,025571048	-0,0053922758
41801	57,551758	-1	-1,0459702	0,29808283	1,6579404e-05	-0,025595691	-0,0055298349
41801	58,051758	-1	-1,012316	0,29678345	-4,0178187e-05	-0,025493395	-0,0053557712
41801	58,551758	-1	-1,0559298	0,29834211	2,7560163e-05	-0,02553523	-0,0054407669
41801	59,051758	-1,4570313	-1,5149266	-0,0052422285	-0,00016972376	-0,0011796243	-0,0012111844
41801	59,551758	-1,9570313	-1,9632354	-0,0094711781	-8,675782e-05	-0,0023176037	-0,0022073446
41801	60,051758	-2,4570313	-2,4671555	-0,015226007	-2,7618837e-05	-0,0035639592	-0,0033626265
41801	60,551758	-2,9570313	-2,515018	-0,015476346	-4,6637375e-05	-0,0036712028	-0,003444087
41801	61,051758	-3,4570313	-3,6507323	-0,025010109	-0,00010835193	-0,0061472729	-0,005620867
41801	61,551758	-3,9570313	-4,2028651	-0,030231476	-7,8191049e-05	-0,0074126367	-0,0066785263
41801	62,051758	-4,4570313	-4,5310297	-0,033468008	-0,00011931593	-0,0081937332	-0,0073194131
41801	62,551758	-4,9570313	-5,031826	-0,037273765	7,8324229e-07	-0,009496076	-0,0084206462
41801	63,051758	-5,4570313	-5,5190735	-0,041806698	3,9762817e-05	-0,010640873	-0,0094281565
41801	63,551758	-5,9570313	-6,0236993	-0,045502186	-4,2845495e-05	-0,011848019	-0,010378895
41801	64,051758	-6,4570313	-6,57342	-0,050073862	-5,1036477e-06	-0,01307011	-0,011468928
41801	64,551758	-6,9570313	-7,0836973	-0,054681301	-0,00014095241	-0,014242886	-0,012486889
41801	65,051758	-7,4570313	-7,6143126	-0,059038401	-4,4316053e-05	-0,015421608	-0,013388067
41801	65,551758	-7,9570313	-8,0955029	-0,06211102	-6,8523455e-05	-0,01660317	-0,014422256
41801	66,051758	-8,4570313	-8,5597887	-0,066789985	-6,79777e-05	-0,017691785	-0,01533836
41801	66,551758	-8,9570313	-9,0181112	-0,071233511	4,1400082e-05	-0,018739792	-0,016270081
41801	67,051758	-9,4570313	-9,4634609	-0,073212385	2,4034642e-05	-0,019765723	-0,017161008
41801	67,551758	-9,9570313	-9,9754944	-0,078195333	-2,9615592e-05	-0,020905819	-0,018149123
41801	68,051758	-10,457031	-10,591644	-0,083050132	-1,3080426e-05	-0,022268813	-0,019355986
41801	68,551758	-10,957031	-11,09171	-0,086775422	-4,2395201e-05	-0,023349332	-0,020315111
41801	69,051758	-11,457031	-11,571935	-0,090181828	-2,885377e-05	-0,024446325	-0,021362789
41801	69,551758	-11,957031	-12,147915	-0,093570352	-6,3535757e-05	-0,025589008	-0,022500761
41801	70,051758	-12,457031	-12,615657	-0,097769499	-8,1185717e-05	-0,026635729	-0,023362728
41801	70,551758	-12,957031	-13,070683	-0,10127723	2,9609539e-05	-0,027668517	-0,024384409
41801	71,051758	-13,457031	-13,543738	-0,10490119	-4,5055058e-05	-0,028648268	-0,025436621
41801	71,551758	-13,957031	-14,028343	-0,10700524	5,2618794e-05	-0,029813478	-0,026337748
41801	72,051758	-14,457031	-14,567128	-0,11186898	-1,6680919e-05	-0,030963492	-0,02735045
41801	72,551758	-14,957031	-15,067294	-0,11446178	-1,6666949e-05	-0,032004416	-0,028478818
41801	73,051758	-15,457031	-15,627644	-0,1192838	-4,8185233e-05	-0,033229195	-0,029517245
41801	73,551758	-15,957031	-16,100885	-0,12183487	-7,2585419e-05	-0,034295786	-0,030665157
41801	74,051758	-16,457031	-16,54916	-0,12511611	3,6023557e-06	-0,035198964	-0,031493232
41801	74,551758	-16,957031	-16,974566	-0,12856424	0,00010560453	-0,036195755	-0,032408074
41801	75,051758	-17,457031	-17,521065	-0,1321435	-2,1354295e-05	-0,03742338	-0,033582024
41801	75,551758	-17,957031	-17,9541	-0,13495982	1,8496066e-06	-0,038301561	-0,034407109
41801	76,051758	-18,457031	-18,598051	-0,13896227	6,4221211e-05	-0,039586201	-0,035768565
41801	76,551758	-18,957031	-19,038778	-0,14138818	-1,6138889e-05	-0,040705062	-0,036718201
41801	77,051758	-19,457031	-19,559973	-0,14532506	-6,0187653e-05	-0,041744348	-0,037793279
41801	77,551758	-19,957031	-20,100245	-0,14861226	-5,0202478e-05	-0,042959839	-0,038863711
41801	78,051758	-20,457031	-20,587225	-0,15287101	6,3864514e-05	-0,044002242	-0,039982386
41801	78,551758	-20,957031	-21,060432	-0,15499592	8,6807646e-05	-0,04509218	-0,040912192
41801	79,051758	-21,457031	-21,570349	-0,15904605	4,8202462e-05	-0,046247758	-0,042054228
41801	79,551758	-21,957031	-22,062803	-0,1626879	2,2678636e-05	-0,047275674	-0,043040298
41801	80,051758	-22,457031	-22,550976	-0,16539395	-0,00010353699	-0,048275035	-0,044060107
41801	80,551758	-22,957031	-23,095812	-0,16950369	-2,4571549e-05	-0,049552817	-0,045221053
41801	81,051758	-23,457031	-23,590681	-0,17247498	1,937151e-07	-0,050608318	-0,046349872
41801	81,551758	-23,957031	-24,176804	-0,17567873	-3,3859629e-05	-0,051912636	-0,047413435
41801	82,051758	-24,457031	-24,598129	-0,17967522	7,7726319e-05	-0,05285684	-0,04847721
41801	82,551758	-24,957031	-25,052004	-0,18211007	1,1916272e-05	-0,053882979	-0,049395937
41801	83,051758	-25,457031	-25,620951	-0,18547475	3,0481257e-05	-0,055155177	-0,05057798
41801	83,551758	-25,957031	-26,086046	-0,1894325	-1,5695579e-05	-0,056175947	-0,051656984
41801	84,051758	-26,457031	-26,522587	-0,19149184	-4,4730026e-05	-0,057138525	-0,052544877
41801	84,551758	-26,957031	-27,115032	-0,19589067	-1,9189436e-05	-0,058454633	-0,053806756
41801	85,051758	-27,457031	-27,596796	-0,19853711	-0,00012280326	-0,059481338	-0,054874733
41801	85,551758	-27,957031	-28,115162	-0,20259023	-0,00011594547	-0,060597584	-0,055886913
41801	86,051758	-28,457031	-28,470875	-0,20348728	-0,000100106	-0,061497897	-0,056740772
41801	86,551758	-28,957031	-29,080383	-0,20768046	-4,8006419e-05	-0,062812291	-0,058093425
41801	87,051758	-29,457031	-29,538134	-0,21032691	3,9428473e-05	-0,06388998	-0,059056427
41801	87,551758	-29,957031	-30,030668	-0,2138108	-1,3620593e-05	-0,065037712	-0,060245182
41801	88,051758	-30,457031	-30,530453	-0,21793246	1,5230849e-05	-0,066133812	-0,061308354
41801	88,551758	-30,957031	-31,034311	-0,22040606	4,9524009e-05	-0,067324251	-0,062403731
41801	89,051758	-31,457031	-31,585449	-0,22334158	-4,4859014e-05	-0,068404004	-0,063646764
41801	89,551758	-31,957031	-32,054409	-0,2282083	-8,5630454e-06	-0,06951651	-0,064610295
41801	90,051758	-32,457031	-32,554298	-0,2307415	-1,6361941e-05	-0,070690915	-0,065766864
41801	90,551758	-32,957031	-33,100883	-0,23383796	-2,9647723e-05	-0,07191436	-0,06697543
41801	91,051758	-33,147655	-33,370251	-0,23585558	9,3589537e-05	-0,072504058	-0,067576811
41801	91,551758	-32,647655	-32,765034	-0,23382902	8,9023262e-05	-0,071527809	-0,066679716
41801	92,051758	-32,147655	-32,213585	-0,22993088	3,3104792e-05	-0,070543498	-0,065620169
41801	92,551758	-31,647655	-31,703945	-0,2278924	-2,6557595e-05	-0,069578066	-0,0646827
41801	93,051758	-31,147655	-31,258125	-0,22577643	-4,1691586e-05	-0,06868545	-0,063807212
41801	93,551758	-30,647655	-30,709774	-0,22172034	-4,5132823e-05	-0,067730799	-0,062836871
41801	94,051758	-30,147655	-30,227352	-0,22055209	1,3851561e-05	-0,066780105	-0,061884843
41801	94,551758	-29,647655	-29,690931	-0,21737218	-1,5016645e-05	-0,065729871	-0,060916383
41801	95,051758	-29,147655	-29,233345	-0,21432042	-6,3211657e-05	-0,064793639	-0,060026083
41801	95,551758	-28,647655	-28,681988	-0,21210313	-2,0444393e-05	-0,063742861	-0,058964007
41801	96,051758	-28,147655	-28,183975	-0,20804703	-3,1929463e-05	-0,062755242	-0,057934817
41801	96,551758	-27,647655	-27,744934	-0,20510554	2,5780872e-05	-0,0619426	-0,057179604
41801	97,051758	-27,147655	-27,167984	-0,20343363	-1,7140992e-05	-0,060765374	-0,05608584
41801	97,551758	-26,647655	-26,670713	-0,20069182	-5,925959e-05	-0,05974184	-0,055109162
41801	98,051758	-26,147655	-26,253626	-0,19758642	-7,1796589e-05	-0,058953747	-0,054253303
41801	98,551758	-25,647655	-25,701502	-0,19587576	-5,5226963e-05	-0,057818376	-0,053025786
41801	99,051758	-25,147655	-25,21295	-0,19257963	-4,145503e-05	-0,056726631	-0,052173566
41801	99,551758	-24,647655	-24,729509	-0,1904577	-4,6727248e-05	-0,05581262	-0,051103372
41801	100,05176	-24,147655	-24,266821	-0,1875788	-4,8871152e-05	-0,054783367	-0,050312787
41801	100,55176	-23,647655	-23,706984	-0,18438697	-7,4314419e-05	-0,053796969	-0,049368739
41801	101,05176	-23,147655	-23,182487	-0,18054843	-9,4780698e-06	-0,05271066	-0,048139703
41801	101,55176	-22,647655	-22,71003	-0,17747879	1,6482547e-05	-0,05165891	-0,047319744
41801	102,05176	-22,147655	-22,229403	-0,1750499	1,740735e-05	-0,050672665	-0,046220977
41801	102,55176	-21,647655	-21,667063	-0,17172694	6,2518753e-05	-0,049596444	-0,045227598
41801	103,05176	-21,147655	-21,215473	-0,16869903	2,2196211e-05	-0,048682682	-0,044384282
41801	103,55176	-20,647655	-20,664387	-0,16565621	1,3671815e-05	-0,047482103	-0,043122601
41801	104,05176	-20,147655	-20,224781	-0,16383827	-6,4051244e-05	-0,046409227	-0,04230848
41801	104,55176	-19,647655	-19,696833	-0,15988946	-5,9135724e-05	-0,045345001	-0,041310817
41801	105,05176	-19,147655	-19,234198	-0,15673935	1,1771917e-06	-0,044415139	-0,040219363
41801	105,55176	-18,647655	-18,686583	-0,15400052	-3,2123178e-05	-0,043281049	-0,039214391
41801	106,05176	-18,147655	-18,23468	-0,15076101	-6,8488065e-05	-0,042225704	-0,038219452
41801	106,55176	-17,647655	-17,763214	-0,14686882	-9,5779542e-05	-0,04127492	-0,037316777
41801	107,05176	-17,147655	-17,259439	-0,14306009	-0,0001171357	-0,040251985	-0,036282908
41801	107,55176	-16,647655	-16,786032	-0,14156997	-7,4754003e-05	-0,0391431	-0,03536053
41801	108,05176	-16,147655	-16,249161	-0,13807714	-6,357953e-05	-0,037893999	-0,034231756
41801	108,55176	-15,647655	-15,759766	-0,13484657	-0,00010348996	-0,036926016	-0,033272959
41801	109,05176	-15,147655	-15,220293	-0,13157129	-3,2284297e-05	-0,035844382	-0,032136109
41801	109,55176	-14,647655	-14,673265	-0,126791	7,4673444e-06	-0,034626499	-0,031143792
41801	110,05176	-14,147655	-14,174077	-0,12392998	7,0724636e-06	-0,033615243	-0,030114667
41801	110,55176	-13,647655	-13,691089	-0,12109876	4,0818006e-05	-0,032546189	-0,029162368
41801	111,05176	-13,147655	-13,248778	-0,11708438	4,7841109e-05	-0,031597752	-0,028199082
41801	111,55176	-12,647655	-12,699931	-0,11335313	1,8375926e-05	-0,03035426	-0,027057776
41801	112,05176	-12,147655	-12,191275	-0,11073947	2,4301e-05	-0,029285019	-0,026076624
41801	112,55176	-11,647655	-11,711332	-0,10762215	-2,0578504e-05	-0,028206935	-0,025038688
41801	113,05176	-11,147655	-11,252855	-0,10349452	-2,3539644e-05	-0,027214887	-0,024099257
41801	113,55176	-10,647655	-10,72634	-0,10021627	9,3234703e-06	-0,025943836	-0,023095923
41801	114,05176	-10,147655	-10,201611	-0,097441673	1,6652048e-06	-0,024844404	-0,02198761
41801	114,55176	-9,6476555	-9,6719904	-0,092682242	2,2869557e-05	-0,023648782	-0,020942479
41801	115,05176	-9,1476555	-9,1278267	-0,088402629	-1,328066e-05	-0,022467425	-0,019830337
41801	115,55176	-8,6476555	-8,7041597	-0,085034966	-1,9889791e-05	-0,021463521	-0,018912174
41801	116,05176	-8,1476555	-8,1853256	-0,08097589	-0,0001249807	-0,020233795	-0,017974809
41801	116,55176	-7,6476555	-7,711092	-0,076711178	-5,5637676e-05	-0,01912686	-0,016953986
41801	117,05176	-7,1476555	-7,2240214	-0,073829293	1,735799e-05	-0,017922441	-0,016007697
41801	117,55176	-6,6476555	-6,7193136	-0,069978833	-5,3877011e-06	-0,016678996	-0,015105839
41801	118,05176	-6,1476555	-6,1349516	-0,064659119	8,7404624e-05	-0,015430512	-0,013827441
41801	118,55176	-5,6476555	-5,6778359	-0,061282516	-6,2556937e-06	-0,01421492	-0,012850114
41801	119,05176	-5,1476555	-5,3661299	-0,058335066	-1,0961667e-06	-0,013399314	-0,012165354
41801	119,55176	-4,6476555	-4,8306751	-0,053492188	1,9337982e-05	-0,012172569	-0,011155713
41801	120,05176	-4,1476555	-4,1901579	-0,047466159	-1,9110739e-05	-0,01050129	-0,0097354734
41801	120,55176	-3,6476555	-3,7130508	-0,042504072	-3,9907172e-06	-0,0093826037	-0,0086875772
41801	121,05176	-3,1476555	-3,2126977	-0,038763881	-6,2831677e-05	-0,0081866775	-0,0076309391
41801	121,55176	-2,6476555	-2,6958938	-0,033807755	-1,9147992e-05	-0,0068548582	-0,006507189
41801	122,05176	-2,1476555	-2,2656078	-0,027820468	-6,3401647e-05	-0,0057086032	-0,0054196306
41801	122,55176	-1,6476555	-1,6391128	-0,021973252	-2,4453737e-05	-0,0041183718	-0,0040470841
41801	123,05176	-1,1476555	-1,1698939	-0,016835332	-2,5473069e-05	-0,0027998537	-0,0026695323
41801	123,55176	-1,3476563	-1,1326764	-0,014176965	-8,8654924e-05	-0,0026181117	-0,0025703795
41801	124,05176	-1,8476563	-1,7928984	-0,020256639	-4,2117201e-05	-0,0041295793	-0,0039390321
41801	124,55176	-2,3476563	-2,2224393	-0,025397539	-5,2593648e-05	-0,0051764827	-0,0048232488
41801	125,05176	-2,8476563	-2,5330279	-0,027388334	-3,8428698e-05	-0,0059142113	-0,0054756864
41801	125,55176	-3,3476563	-3,1962228	-0,033977628	-5,4706819e-05	-0,0073911119	-0,0068891286
41801	126,05176	-3,8476563	-3,9003565	-0,039726496	-6,6865236e-05	-0,009060191	-0,0080642011
41801	126,55176	-4,3476563	-4,4522939	-0,045353174	-1,681922e-05	-0,010374524	-0,0092258174
41801	127,05176	-4,8476563	-4,8904681	-0,048992038	-0,0001372844	-0,011330009	-0,010084318
41801	127,55176	-5,3476563	-5,4218545	-0,052502751	3,5297126e-05	-0,012628399	-0,011032387
41801	128,05176	-5,8476563	-5,944984	-0,056898594	1,5497208e-05	-0,013855385	-0,012122317
41801	128,55176	-6,3476563	-6,5611863	-0,06211102	-4,2206142e-05	-0,015225001	-0,013299532
41801	129,05176	-6,8476563	-7,0108418	-0,06505847	-9,6698757e-05	-0,01624524	-0,014169124
41801	129,55176	-7,3476563	-7,4696093	-0,06968081	-6,1852857e-05	-0,01724905	-0,015089122
41801	130,05176	-7,8476563	-7,9368577	-0,072848797	-9,4810035e-05	-0,018374225	-0,015931567
41801	130,55176	-8,3476563	-8,5440683	-0,077500939	-5,4171775e-05	-0,019786036	-0,01715338
41801	131,05176	-8,8476563	-9,0086708	-0,080522895	-6,2735286e-05	-0,020832082	-0,018010825
41801	131,55176	-9,3476563	-9,4720249	-0,084602833	-3,5604462e-05	-0,021901529	-0,018922269
41801	132,05176	-9,8476563	-9,9742174	-0,087818503	-6,5695494e-06	-0,022955433	-0,019909281
41801	132,55176	-10,347656	-10,441139	-0,090941787	-7,9481862e-05	-0,024016088	-0,020846969
41801	133,05176	-10,847656	-10,93887	-0,094047189	1,3113953e-05	-0,025180094	-0,021865727
41801	133,55176	-11,347656	-11,464717	-0,097936392	5,3131022e-05	-0,026251018	-0,022938719
41801	134,05176	-11,847656	-11,913586	-0,10101795	-1,2218952e-05	-0,027285542	-0,023766955
41801	134,55176	-12,347656	-12,356949	-0,10416806	2,7567148e-05	-0,028262854	-0,024754049
41801	135,05176	-12,847656	-12,895354	-0,10839999	1,4893711e-05	-0,029409697	-0,025739305
41801	135,55176	-13,347656	-13,466076	-0,11195242	-5,1800162e-06	-0,030615378	-0,026900645
41801	136,05176	-13,847656	-13,916101	-0,11483133	-1,6625039e-05	-0,03162434	-0,027884658
41801	136,55176	-14,347656	-14,493023	-0,11893213	-9,1198366e-05	-0,032835439	-0,028974256
41801	137,05176	-14,847656	-14,956395	-0,12218058	-6,5022614e-05	-0,033823218	-0,029876983
41801	137,55176	-15,347656	-15,42058	-0,12531579	-3,4294557e-05	-0,034867655	-0,030879822
41801	138,05176	-15,847656	-16,009182	-0,12950003	-5,5423472e-05	-0,036108814	-0,031964317
41801	138,55176	-16,347656	-16,417564	-0,1322031	-8,1375707e-05	-0,036935396	-0,032897241
41801	139,05176	-16,847656	-16,970152	-0,13571978	-4,2998698e-05	-0,038139805	-0,03405435
41801	139,55176	-17,347656	-17,428154	-0,1378715	-2,9495452e-05	-0,039127417	-0,034999594
41801	140,05176	-17,847656	-18,022238	-0,14230013	-3,7522987e-05	-0,040419854	-0,03628888
41801	140,55176	-18,347656	-18,41787	-0,14485717	4,2156316e-05	-0,041289594	-0,03704033
41801	141,05176	-18,847656	-18,925892	-0,14806092	4,3692999e-05	-0,042372201	-0,038042367
41801	141,55176	-19,347656	-19,429525	-0,15183687	-1,4768448e-05	-0,043419015	-0,039145909
41801	142,05176	-19,847656	-19,897839	-0,15438497	-2,865959e-05	-0,044420734	-0,040032919
41801	142,55176	-20,347656	-20,494978	-0,15792251	-6,132992e-05	-0,045724507	-0,041425958
41801	143,05176	-20,847656	-20,96051	-0,16058981	-0,00012940774	-0,046685658	-0,042160727
41801	143,55176	-21,347656	-21,524626	-0,164029	-4,6365429e-05	-0,047789559	-0,043373577
41801	144,05176	-21,847656	-21,942966	-0,16722679	-2,6797876e-05	-0,048802525	-0,04424908
41801	144,55176	-22,347656	-22,461668	-0,17064214	-4,5377761e-05	-0,049862746	-0,045363337
41801	145,05176	-22,847656	-22,927385	-0,17365813	-2,5280751e-05	-0,050918721	-0,046376698
41801	145,55176	-23,347656	-23,372965	-0,17685592	5,3354539e-05	-0,051855192	-0,047256328
41801	146,05176	-23,847656	-23,961124	-0,18074512	-3,4259167e-05	-0,05316047	-0,04846321
41801	146,55176	-24,347656	-24,558014	-0,18344522	-7,7891629e-05	-0,054296769	-0,049624499
41801	147,05176	-24,847656	-24,957542	-0,18624067	-0,00010367902	-0,055201679	-0,050430357
41801	147,55176	-25,347656	-25,398891	-0,18942356	-7,6833181e-05	-0,056136515	-0,051501364
41801	148,05176	-25,847656	-25,975771	-0,19198358	-5,4632314e-05	-0,057339415	-0,052582838
41801	148,55176	-26,347656	-26,3459	-0,19589961	-9,8320656e-05	-0,058255292	-0,053471558
41801	149,05176	-26,847656	-26,956755	-0,19945502	-4,5013614e-05	-0,059425391	-0,054788649
41801	149,55176	-27,347656	-27,439898	-0,20171404	6,4879656e-05	-0,060519945	-0,055722479
41801	150,05176	-27,847656	-27,882212	-0,20469129	1,5926547e-05	-0,061424606	-0,056700826
41801	150,55176	-28,347656	-28,49151	-0,20796657	-1,5955418e-05	-0,062641419	-0,057767618
41801	151,05176	-28,847656	-28,965439	-0,21101534	-5,9077051e-05	-0,063690007	-0,058858432
41801	151,55176	-29,347656	-29,478584	-0,21390617	-4,9405731e-05	-0,064780772	-0,059916679
41801	152,05176	-29,847656	-30,008524	-0,21758378	-7,6488592e-05	-0,065861657	-0,060913563
41801	152,55176	-30,347656	-30,442389	-0,22015274	-3,0832365e-05	-0,06685403	-0,061934441
41801	153,05176	-30,847656	-30,983521	-0,22267103	-3,3818651e-05	-0,068001717	-0,063119859
41801	153,55176	-31,347656	-31,493481	-0,22680163	9,5953234e-05	-0,069145307	-0,064088173
41801	154,05176	-31,847656	-32,019218	-0,22994876	7,212162e-06	-0,070266739	-0,06521032
41801	154,55176	-32,25703	-32,367496	-0,23295581	2,612453e-05	-0,071020558	-0,065980196
41801	155,05176	-31,75703	-31,88611	-0,23040175	-2,2734515e-05	-0,070170358	-0,065208763
41801	155,55176	-31,25703	-31,381466	-0,22743046	2,3748726e-06	-0,069265679	-0,064318292
41801	156,05176	-30,75703	-30,79862	-0,2245605	1,8533319e-07	-0,068036012	-0,063217603
41801	156,55176	-30,25703	-30,368954	-0,22208691	-2,1515414e-05	-0,067246996	-0,062264215
41801	157,05176	-29,75703	-29,819	-0,21982789	-7,4836891e-05	-0,066174731	-0,061388746
41801	157,55176	-29,25703	-29,364296	-0,21637678	9,5460564e-06	-0,06533502	-0,060391083
41801	158,05176	-28,75703	-28,827795	-0,21367371	-3,5110861e-06	-0,064322859	-0,059545133
41801	158,55176	-28,25703	-28,353933	-0,2114743	-6,798422e-05	-0,063330308	-0,058515806
41801	159,05176	-27,75703	-27,764544	-0,20857155	5,6048855e-05	-0,062213965	-0,057522573
41801	159,55176	-27,25703	-27,248985	-0,20564198	8,5065141e-05	-0,061204247	-0,056450125
41801	160,05176	-26,75703	-26,826267	-0,20352304	1,6268343e-05	-0,060364358	-0,055526655
41801	160,55176	-26,25703	-26,270206	-0,20014346	1,3585202e-05	-0,059237264	-0,054499745
41801	161,05176	-25,75703	-25,772926	-0,19725859	-4,7537498e-05	-0,058197878	-0,05352154
41801	161,55176	-25,25703	-25,35284	-0,1942277	1,6002916e-05	-0,057288099	-0,052659068
41801	162,05176	-24,75703	-24,80171	-0,19021034	-2,9576942e-05	-0,056183834	-0,051538114
41801	162,55176	-24,25703	-24,366007	-0,18774271	2,4701469e-05	-0,055314258	-0,050682552
41801	163,05176	-23,75703	-23,805416	-0,18444359	-2,639601e-05	-0,054143332	-0,049641784
41801	163,55176	-23,25703	-23,341888	-0,18295348	-4,6035275e-05	-0,053206112	-0,048753694
41801	164,05176	-22,75703	-22,876867	-0,18042028	-3,1220727e-05	-0,052263483	-0,047788035
41801	164,55176	-22,25703	-22,408142	-0,17662644	1,9958243e-05	-0,051204555	-0,046867572
41801	165,05176	-21,75703	-21,85218	-0,17305017	-6,2347855e-05	-0,050050188	-0,045778487
41801	165,55176	-21,25703	-21,273018	-0,17052591	1,8198043e-06	-0,048867345	-0,04459155
41801	166,05176	-20,75703	-20,801388	-0,16790628	-2,0091422e-05	-0,047956049	-0,043652069
41801	166,55176	-20,25703	-20,311903	-0,16372204	-2,1564309e-05	-0,046824384	-0,042607054
41801	167,05176	-19,75703	-19,774174	-0,16202629	3,2147393e-05	-0,045708816	-0,041676588
41801	167,55176	-19,25703	-19,28035	-0,15798807	4,2586587e-05	-0,044738639	-0,040616643
41801	168,05176	-18,75703	-18,785404	-0,15454292	7,9095364e-05	-0,04356876	-0,039597031
41801	168,55176	-18,25703	-18,301357	-0,15211701	8,7736174e-05	-0,042602375	-0,03869462
41801	169,05176	-17,75703	-17,815224	-0,14888942	7,324107e-05	-0,041555647	-0,037607826
41801	169,55176	-17,25703	-17,378057	-0,14671981	7,1506947e-06	-0,040610578	-0,036766473
41801	170,05176	-16,75703	-16,791553	-0,142923	-1,4253426e-05	-0,03926843	-0,035555836
41801	170,55176	-16,25703	-16,267351	-0,13896525	8,6908229e-05	-0,038178962	-0,034459781
41801	171,05176	-15,75703	-15,753604	-0,13545752	2,5027432e-05	-0,037093889	-0,033406567
41801	171,55176	-15,25703	-15,420668	-0,13260543	2,1437183e-05	-0,036305469	-0,032765664
41801	172,05176	-14,75703	-14,851579	-0,1304388	-2,7366448e-05	-0,035099611	-0,031641759
41801	172,55176	-14,25703	-14,309721	-0,12655556	-2,7953647e-05	-0,033966374	-0,030607805
41801	173,05176	-13,75703	-13,855811	-0,12300611	-1,6752165e-05	-0,032982945	-0,029613411
41801	173,55176	-13,25703	-13,339518	-0,11969507	2,3203902e-05	-0,031739756	-0,028585417
41801	174,05176	-12,75703	-12,771301	-0,11520088	5,4018572e-05	-0,030606307	-0,027387762
41801	174,55176	-12,25703	-12,237335	-0,11236668	8,5337088e-05	-0,029432407	-0,026304686
41801	175,05176	-11,75703	-11,811247	-0,1090765	0,00012083445	-0,028488375	-0,025472684
41801	175,55176	-11,25703	-11,269113	-0,1049906	2,795551e-05	-0,027294207	-0,024303403
41801	176,05176	-10,75703	-10,854026	-0,10179877	2,6499853e-05	-0,02630138	-0,023492645
41801	176,55176	-10,25703	-10,347099	-0,098520517	4,8563816e-05	-0,025130376	-0,022420473
41801	177,05176	-9,7570305	-9,876832	-0,095266104	2,4192035e-05	-0,024082279	-0,021388886
41801	177,55176	-9,2570305	-9,3896589	-0,090655684	-7,2093215e-05	-0,022983314	-0,020450907
41801	178,05176	-8,7570305	-8,8148174	-0,087720156	-2,528308e-05	-0,021720236	-0,019273914
41801	178,55176	-8,2570305	-8,3193703	-0,083619356	-5,8612786e-06	-0,020545395	-0,018133605
41801	179,05176	-7,7570305	-7,8470597	-0,079834461	-1,5627593e-05	-0,019474547	-0,017297244
41801	179,55176	-7,2570305	-7,4025707	-0,075700879	1,8402934e-06	-0,018333232	-0,016461365
41801	180,05176	-6,7570305	-6,7699552	-0,071325898	-2,9587653e-05	-0,016902018	-0,0151195
41801	180,55176	-6,2570305	-6,3272138	-0,06750226	5,9993938e-05	-0,015888805	-0,01428942
41801	181,05176	-5,7570305	-5,7871304	-0,062599778	-3,20361e-05	-0,014585795	-0,013286935
41801	181,55176	-5,2570305	-5,4616203	-0,060063601	2,656877e-05	-0,013683856	-0,012450105
41801	182,05176	-4,7570305	-5,1042233	-0,057455897	-4,8815738e-05	-0,012826668	-0,011774246
41801	182,55176	-4,2570305	-4,2842569	-0,049737096	-5,6180172e-05	-0,010801174	-0,0099921385
41801	183,05176	-3,7570305	-3,6913807	-0,044322014	2,8545037e-05	-0,0093999375	-0,0087693753
41801	183,55176	-3,2570305	-3,2715147	-0,039958954	1,9798987e-05	-0,0083278753	-0,007885918
41801	184,05176	-2,7570305	-2,8232	-0,036463141	9,345822e-06	-0,0072331037	-0,0068844538
41801	184,55176	-2,2570305	-2,3393407	-0,030916929	3,3240765e-05	-0,0060070138	-0,0056721075
41801	185,05176	-1,7570305	-1,9048955	-0,025823712	-6,6930894e-05	-0,004812818	-0,0047704661
41801	185,55176	-1,2570305	-1,3650339	-0,019937754	-8,6878426e-05	-0,0033795089	-0,0033946654
41801	186,05176	-1	-0,92874283	-0,012758374	1,992844e-05	-0,0022469349	-0,0021822783
41801	186,55176	-1	-0,88714248	-0,012147427	4,0105544e-05	-0,0021163411	-0,0020433695
41801	187,05176	-1	-0,89417028	-0,012478232	-4,1723717e-05	-0,0020258464	-0,0019426701
41801	187,55176	-1	-0,94209796	-0,012528896	-3,802171e-05	-0,0020992197	-0,0019850428
41801	188,05176	-1	-1,0273997	-0,012364984	-3,716955e-05	-0,0022418946	-0,0022463996
41801	188,55176	-1	-1,0620356	-0,012898445	-0,00010213302	-0,0022623092	-0,0021906917
41801	189,05176	-1	-1,0658373	-0,014212728	-5,8514532e-05	-0,0023426898	-0,0023028506
41801	189,55176	-1	-0,94612873	-0,012847781	-8,2985498e-06	-0,0020638108	-0,0019935751
41801	190,05176	-1	-0,99123645	-0,013196468	1,983624e-05	-0,002118431	-0,0020693375
41801	190,55176	-1	-1,0349565	-0,01296103	-3,604684e-05	-0,0022224933	-0,0021393367
41801	191,05176	-1	-1,0569003	-0,013616681	-4,0950254e-05	-0,0022315383	-0,0021972989
41801	191,55176	-1	-1,0473225	-0,012609363	-9,9015422e-05	-0,0020954944	-0,002038152
41801	192,05176	-1	-1,0033827	-0,013464689	-8,1181061e-05	-0,0020965785	-0,0020676029
41801	192,55176	-1	-1,0106173	-0,013661385	-2,439972e-05	-0,0020300709	-0,0020036944
41801	193,05176	-1	-1,0409057	-0,013265014	-5,7694502e-05	-0,0021464825	-0,0021644856
41801	193,55176	-1	-0,98513627	-0,012642145	-8,4857456e-06	-0,0019923858	-0,0019214754
41801	194,05176	-1	-1,0804869	-0,013127923	2,1028332e-05	-0,0021798052	-0,0021064063
41801	194,55176	-1	-1,0884441	-0,013789535	-5,7811383e-05	-0,0021186434	-0,0020475006
41801	195,05176	-1	-1,0404997	-0,012794137	-4,0052924e-05	-0,0021078512	-0,0020071466
41801	195,55176	-1	-1,0827519	-0,013068318	-2,5704503e-07	-0,0021501929	-0,0021214772
41801	196,05176	-1	-1,0310133	-0,013315678	0,00012122095	-0,0020171963	-0,0019553828
41801	196,55176	-1	-1,0140389	-0,011637807	2,2789463e-05	-0,0019965842	-0,0019194128
41801	197,05176	-1	-0,96332657	-0,011754036	-7,5065531e-05	-0,0017294288	-0,001779779
41801	197,55176	-1	-1,0511242	-0,012722611	-8,4887259e-05	-0,001971066	-0,0020138747
41801	198,05176	-1	-1,0876544	-0,012373924	-0,0001320024	-0,0020255633	-0,0019889199
41801	198,55176	-1	-1,0387133	-0,012922287	-4,0081795e-05	-0,0019039139	-0,0019289852
41801	199,05176	-1	-1,0198094	-0,011780858	2,5035813e-05	-0,0019136146	-0,0019413111
41801	199,55176	-1	-1,0188054	-0,01193881	-8,4727071e-06	-0,0018581636	-0,0018788099
41801	200,05176	-1	-1,0436959	-0,01334846	2,4608336e-05	-0,0019116811	-0,0020145776
41801	200,55176	-1	-0,96878409	-0,012820959	-3,1618401e-06	-0,0017259084	-0,0018078273
41801	201,05176	-1	-0,99360013	-0,012311339	-3,1953678e-06	-0,0017841794	-0,0017728491
41801	201,55176	-1	-1,0586884	-0,012493134	-6,3430052e-05	-0,0018522926	-0,0018554855
41801	202,05176	-1	-1,108272	-0,012409687	-5,9786253e-06	-0,0020061471	-0,0020419762
41801	202,55176	-1	-1,1022706	-0,013232231	2,0023435e-07	-0,0020358339	-0,0020712365
41801	203,05176	-1	-1,0053012	-0,012475252	-8,3455816e-06	-0,0018044412	-0,0019392939
41801	203,55176	-1	-1,0472462	-0,012928247	-1,1859927e-05	-0,0019399077	-0,001968506
41801	204,05176	-1	-0,95415676	-0,011318922	3,589876e-05	-0,0016365014	-0,0017285671
41801	204,55176	-1	-0,9791013	-0,012290478	-1,9679777e-05	-0,001627773	-0,0016857371
41801	205,05176	-1	-1,0265727	-0,012367964	3,6953948e-05	-0,0017315559	-0,0017808108
41801	205,55176	-1	-1,0416154	-0,01231432	-2,7706847e-06	-0,0017916858	-0,0017831699
41801	206,05176	-1	-1,0225382	-0,012403727	3,6735088e-05	-0,0017446093	-0,0018850453
41801	206,55176	-1	-1,0177977	-0,012248755	-2,6454683e-05	-0,0018140003	-0,0017557174
41801	207,05176	-1	-1,0188688	-0,012224913	3,3635646e-05	-0,0016922429	-0,0017246109
41801	207,55176	-1	-1,0375175	-0,013402104	4,4842251e-05	-0,0017542355	-0,0018363553
41801	208,05176	-1	-1,0833535	-0,012242794	8,6985528e-07	-0,0019618087	-0,001914724
41801	208,55176	-1	-1,0698829	-0,012388825	-7,6060183e-05	-0,0018000789	-0,001733609
41801	209,05176	-1	-1,0280628	-0,012454391	-1,7008744e-05	-0,001675766	-0,0017122851
41801	209,55176	-1	-1,1330359	-0,013494492	6,9029629e-06	-0,0020215027	-0,0019920061
41801	210,05176	-1	-1,0353979	-0,011187792	2,0829029e-05	-0,0017612092	-0,0016833257
41801	210,55176	-1	-1,027843	-0,012376904	-4,4065062e-05	-0,0017107241	-0,0016987452
41801	211,05176	-1	-1,0038074	-0,011181831	-4,640175e-05	-0,0016895123	-0,0016164398
41801	211,55176	-1	-1,0278113	-0,012096763	7,3027797e-05	-0,001747746	-0,0017523459
41801	212,05176	-1	-1,0323915	-0,012713671	8,227583e-05	-0,0017223656	-0,0017299615
41801	212,55176	-1	-1,0300521	-0,011354685	2,7014874e-05	-0,0016976036	-0,0016371985
41801	213,05176	-1	-1,0448396	-0,011581182	1,3327226e-06	-0,0016101412	-0,0016088313
41801	213,55176	-1	-1,0736715	-0,011944771	-1,7480459e-05	-0,0017165616	-0,0017317211
41801	214,05176	-1	-1,0000653	-0,011876225	-4,5327935e-05	-0,0015539862	-0,0015885364
41801	214,55176	-1	-1,0363125	-0,011959672	-2,3214146e-05	-0,0016547367	-0,0015910026
41801	215,05176	-1	-1,0425467	-0,01232326	-1,8757302e-05	-0,0017124303	-0,0016488216
41801	215,55176	-1	-1,0812953	-0,012072921	2,9229559e-05	-0,0018184297	-0,0016599596
41801	216,05176	-1,2353516	-1,2601037	-0,014361739	1,0795891e-05	-0,0021841638	-0,0021199414
41801	216,55176	-1,7353516	-1,7861445	-0,019443035	-5,30174e-05	-0,0033122748	-0,0031905486
41801	217,05176	-2,2353516	-2,2945888	-0,023332238	-0,00010696612	-0,0045112129	-0,0042515839
41801	217,55176	-2,7353516	-2,4812818	-0,027120113	-6,8549998e-06	-0,0050678607	-0,0047168429
41801	218,05176	-3,2353516	-3,153827	-0,031507015	-5,740067e-05	-0,0065909494	-0,0060019428
41801	218,55176	-3,7353516	-3,9046855	-0,039470196	-1,0889955e-05	-0,0083711706	-0,0076422156
41801	219,05176	-4,2353516	-4,320478	-0,043720007	1,6715378e-05	-0,0093775447	-0,0084775621
41801	219,55176	-4,7353516	-4,8188901	-0,046887994	2,1837652e-05	-0,010544386	-0,0094428156
41801	220,05176	-5,2353516	-5,330255	-0,052022934	-1,995964e-05	-0,011704691	-0,010420115
41801	220,55176	-5,7353516	-5,8866644	-0,055384636	-0,00013034698	-0,01297887	-0,01131678
41801	221,05176	-6,2353516	-6,3630285	-0,059631467	-4,8270915e-05	-0,014148273	-0,01239079
41801	221,55176	-6,7353516	-6,7877917	-0,063306093	-3,3200253e-05	-0,015106486	-0,013206385
41801	222,05176	-7,2353516	-7,4031501	-0,067508221	-0,00011574151	-0,016511032	-0,014432586
41801	222,55176	-7,7353516	-7,9396219	-0,072070956	3,7904829e-07	-0,017706795	-0,015558712
41801	223,05176	-8,2353516	-8,3524666	-0,07610321	-2,0855106e-05	-0,018748485	-0,01634286
41801	223,55176	-8,7353516	-8,8885298	-0,080108643	7,8193843e-06	-0,019861549	-0,017435146
41801	224,05176	-9,2353516	-9,3964472	-0,083497167	8,8483095e-05	-0,02108063	-0,018418813
41801	224,55176	-9,7353516	-9,8852558	-0,086909533	5,7635829e-05	-0,022148501	-0,019337149
41801	225,05176	-10,235352	-10,301724	-0,091454387	-2,7366448e-05	-0,022985283	-0,02007811
41801	225,55176	-10,735352	-10,799548	-0,093623996	-9,1159716e-05	-0,024184413	-0,021106796
41801	226,05176	-11,235352	-11,380384	-0,097960234	-7,0845708e-05	-0,025502658	-0,022324987
41801	226,55176	-11,735352	-11,825206	-0,1014322	-5,4499134e-05	-0,026480952	-0,023320645
41801	227,05176	-12,235352	-12,355517	-0,10471344	3,5867095e-05	-0,027600318	-0,024393521
41801	227,55176	-12,735352	-12,863846	-0,10881722	4,7907233e-06	-0,028688634	-0,025307832
41801	228,05176	-13,235352	-13,323666	-0,11133254	1,3971701e-05	-0,029698195	-0,026384531
41801	228,55176	-13,735352	-13,818243	-0,11567771	-1,5261583e-05	-0,030757181	-0,027385321
41801	229,05176	-14,235352	-14,292935	-0,11808574	2,8664246e-05	-0,031802785	-0,028392145
41801	229,55176	-14,735352	-14,762579	-0,12170672	3,6753714e-05	-0,032856829	-0,029194949
41801	230,05176	-15,235352	-15,358943	-0,12542307	-5,2320305e-05	-0,034073677	-0,030476101
41801	230,55176	-15,735352	-15,789729	-0,12753308	-6,9324858e-05	-0,034988705	-0,031305678
41801	231,05176	-16,235352	-16,378162	-0,1321882	-4,5414083e-05	-0,036203112	-0,032516301
41801	231,55176	-16,735352	-16,871231	-0,13506114	-3,5591424e-05	-0,037334602	-0,033625435
41801	232,05176	-17,235352	-17,333385	-0,13954341	-2,0256732e-05	-0,03836146	-0,034505323
41801	232,55176	-17,735352	-17,852043	-0,141868	1,5337951e-05	-0,039550517	-0,035665929
41801	233,05176	-18,235352	-18,344826	-0,14537573	3,1505711e-05	-0,040538378	-0,036695566
41801	233,55176	-18,735352	-18,764912	-0,1480788	0,00010806881	-0,041543789	-0,037463143
41801	234,05176	-19,235352	-19,302521	-0,15208721	9,2927366e-06	-0,042656928	-0,038586203
41801	234,55176	-19,735352	-19,8503	-0,15488565	2,0279549e-05	-0,043827225	-0,039852768
41801	235,05176	-20,235352	-20,342798	-0,15927255	2,6905909e-06	-0,044862632	-0,040747244
41801	235,55176	-20,735352	-20,814394	-0,16172826	-3,1473115e-05	-0,045823667	-0,041728552
41801	236,05176	-21,235352	-21,353983	-0,16396344	-5,2133109e-05	-0,046984211	-0,042759228
41801	236,55176	-21,735352	-21,817932	-0,16716719	1,5200116e-05	-0,047924496	-0,04377003
41801	237,05176	-22,235352	-22,329838	-0,17055571	5,2769668e-05	-0,049131207	-0,044901691
41801	237,55176	-22,735352	-22,819954	-0,17434955	8,7406486e-05	-0,050143536	-0,045760069
41801	238,05176	-23,235352	-23,28299	-0,17751753	5,9128739e-05	-0,051148772	-0,046877518
41801	238,55176	-23,735352	-23,826815	-0,17973781	2,8706156e-05	-0,052304182	-0,047913332
41801	239,05176	-24,235352	-24,429609	-0,18350184	-1,006946e-05	-0,053497061	-0,049084775
41801	239,55176	-24,735352	-24,878111	-0,18697381	-6,0052145e-05	-0,054504938	-0,05012235
41801	240,05176	-25,235352	-25,359249	-0,18986166	-4,4086017e-05	-0,055532545	-0,051113423
41801	240,55176	-25,735352	-25,889408	-0,19308627	-8,1832055e-05	-0,056624845	-0,052218538
41801	241,05176	-26,235352	-26,296398	-0,19587278	-3,8333237e-06	-0,057555184	-0,053098321
41801	241,55176	-26,735352	-26,812477	-0,19875765	4,5816414e-05	-0,05873055	-0,054175984
41801	242,05176	-27,235352	-27,321856	-0,20243526	1,7847866e-05	-0,05977942	-0,055242121
41801	242,55176	-27,735352	-27,846428	-0,20599365	6,8863854e-05	-0,060904823	-0,056411423
41801	243,05176	-28,235352	-28,322603	-0,20823479	1,7667189e-06	-0,061991338	-0,057318583
41801	243,55176	-28,735352	-28,856758	-0,21127164	-9,0834685e-05	-0,062952839	-0,058460258
41801	244,05176	-29,235352	-29,384279	-0,21464825	-1,3147481e-05	-0,064046055	-0,05948624
41801	244,55176	-29,735352	-29,915705	-0,21811128	3,9990991e-05	-0,06527517	-0,060668904
41801	245,05176	-30,235352	-30,406334	-0,22113025	-6,5244269e-05	-0,066352777	-0,061751671
41801	245,55176	-30,735352	-30,813929	-0,22404492	5,6752004e-05	-0,067174017	-0,062507965
41801	246,05176	-31,235352	-31,277433	-0,22643507	3,115274e-05	-0,068165287	-0,063568614
41801	246,55176	-31,735352	-31,901035	-0,23044348	1,0577962e-05	-0,069522247	-0,064846918
41801	247,05176	-32,235352	-32,365314	-0,23328364	-2,0387117e-05	-0,070484407	-0,065811336
41801	247,55176	-32,299999	-32,321045	-0,23299456	-1,7142389e-05	-0,070503488	-0,0658461
41801	248,05176	-32,299999	-32,442303	-0,23403168	-8,6474698e-05	-0,070745707	-0,066058978
41801	248,55176	-32,299999	-32,400043	-0,23451746	-4,0231738e-05	-0,070833832	-0,066116042
41801	249,05176	-32,299999	-32,436375	-0,23452342	2,5094487e-05	-0,070946984	-0,066351913
41801	249,55176	-32,299999	-32,448864	-0,23433268	8,049421e-05	-0,070974663	-0,066272199
41801	250,05176	-32,299999	-32,334625	-0,23332536	7,7147968e-05	-0,070869386	-0,066238776
41801	250,55176	-32,299999	-32,428947	-0,23471415	-2,9562972e-05	-0,071048766	-0,066360652
41801	251,05176	-32,299999	-32,406601	-0,23462474	-5,7427678e-05	-0,071013927	-0,066404998
41801	251,55176	-32,299999	-32,318897	-0,23490787	-1,5681144e-05	-0,070911229	-0,066298611
41801	252,05176	-32,299999	-32,337368	-0,23420155	-3,9853156e-05	-0,070991799	-0,066309735
41801	252,55176	-32,299999	-32,413261	-0,23459494	5,8308244e-05	-0,071172222	-0,066536881
41801	253,05176	-32,299999	-32,330807	-0,23423433	0,00011202507	-0,071150199	-0,066515133
41801	253,55176	-32,299999	-32,335022	-0,23562312	5,0803646e-06	-0,071109854	-0,06641186
41801	254,05176	-32,299999	-32,36253	-0,23458898	-1,3128854e-05	-0,07117103	-0,06656263
41801	254,55176	-32,299999	-32,383305	-0,23602545	-1,546368e-05	-0,071253836	-0,066561975
41801	255,05176	-32,299999	-32,388176	-0,23578703	-3,3908524e-05	-0,071258083	-0,066528879
41801	255,55176	-32,299999	-32,409676	-0,23511648	4,1072257e-05	-0,07135015	-0,066744685
41801	256,05176	-32,299999	-32,361042	-0,23503602	2,239272e-05	-0,07127735	-0,066675663
41801	256,55176	-32,299999	-32,346802	-0,23633838	6,2190928e-05	-0,07130076	-0,066724673
41801	257,05176	-32,299999	-32,277802	-0,23469925	3,4125522e-05	-0,07117261	-0,066725962
41801	257,55176	-32,299999	-32,307106	-0,23562014	5,4104254e-05	-0,071254492	-0,06665419
41801	258,05176	-32,299999	-32,343369	-0,23581386	5,9871934e-05	-0,071373925	-0,0667734
41801	258,55176	-32,299999	-32,368996	-0,23556948	6,4260326e-05	-0,071327746	-0,066780902
41801	259,05176	-32,299999	-32,377834	-0,23521781	-3,6316458e-05	-0,071412459	-0,066869773
41801	259,55176	-32,299999	-32,407448	-0,23604929	-5,1148236e-06	-0,071427271	-0,066962272
41801	260,05176	-32,299999	-32,3447	-0,23563206	-1,2853183e-05	-0,071391173	-0,066818163
41801	260,55176	-32,299999	-32,341118	-0,23581684	4,8177317e-06	-0,071448699	-0,066841945
41801	261,05176	-32,299999	-32,349007	-0,2368927	5,3429976e-05	-0,07148625	-0,066995934
41801	261,55176	-32,299999	-32,339695	-0,23634434	8,407142e-05	-0,071488924	-0,066834174
41801	262,05176	-32,299999	-32,357681	-0,23610294	6,6730194e-05	-0,071556933	-0,066974208
41801	262,55176	-32,299999	-32,335407	-0,23606122	7,5821765e-05	-0,071490809	-0,066832513
41801	263,05176	-32,299999	-32,381996	-0,23631155	3,7256628e-05	-0,071545094	-0,067058355
41801	263,55176	-32,299999	-32,306423	-0,23636818	-6,0950406e-05	-0,071505234	-0,066931203
41801	264,05176	-32,299999	-32,323048	-0,23681223	4,458148e-05	-0,071549892	-0,066940986
41801	264,55176	-32,299999	-32,402534	-0,23628175	1,3329089e-05	-0,071682289	-0,067099728
41801	265,05176	-32,299999	-32,28249	-0,23710728	7,390976e-05	-0,071472049	-0,066953868
41801	265,55176	-32,299999	-32,324558	-0,23472309	1,4945865e-05	-0,0715556	-0,066909187
41801	266,05176	-32,299999	-32,365154	-0,23671091	1,775194e-05	-0,071607061	-0,0670406
41801	266,55176	-32,299999	-32,451687	-0,23725927	9,2355534e-05	-0,071898535	-0,067225851
41801	267,05176	-32,299999	-32,34742	-0,23722053	3,6685728e-05	-0,071615502	-0,067104623
41801	267,55176	-32,299999	-32,361919	-0,23669004	6,684009e-05	-0,07173527	-0,067209892
41801	268,05176	-32,299999	-32,334778	-0,23652911	8,6900778e-05	-0,071683876	-0,067116067
41801	268,55176	-32,299999	-32,360481	-0,23728609	5,4839067e-05	-0,071761861	-0,067259103
41801	269,05176	-32,299999	-32,339783	-0,23598075	3,9945357e-05	-0,071721002	-0,067094579
41801	269,55176	-32,299999	-32,400013	-0,23672879	-5,0255563e-05	-0,071874991	-0,067239016
41801	270,05176	-32,299999	-32,402367	-0,23679435	-2,5341287e-05	-0,071781367	-0,067256011
41801	270,55176	-32,299999	-32,313831	-0,23653507	8,0964528e-05	-0,071722873	-0,067103527
41801	271,05176	-32,299999	-32,327705	-0,23712516	1,8230639e-05	-0,071730815	-0,067210101
41801	271,55176	-32,299999	-32,340046	-0,23685098	0,0001498526	-0,071838647	-0,067265831
41801	272,05176	-32,299999	-32,323463	-0,23662448	1,9229949e-05	-0,07182391	-0,06708879
41801	272,55176	-32,299999	-32,372299	-0,23828447	1,6205013e-05	-0,071861371	-0,067274339
41801	273,05176	-32,299999	-32,388977	-0,23602247	-2,0523556e-05	-0,071875423	-0,067365207
41801	273,55176	-32,299999	-32,410362	-0,23719966	-2,7126633e-05	-0,071899354	-0,06728182
41801	274,05176	-32,299999	-32,365231	-0,2358973	-3,1734351e-05	-0,071814537	-0,067307018
41801	274,55176	-32,299999	-32,388371	-0,23749471	8,1818551e-05	-0,071941771	-0,067428485
41801	275,05176	-32,299999	-32,360569	-0,23774505	0,00010341033	-0,071912408	-0,067362152
41801	275,55176	-32,299999	-32,388054	-0,23705959	5,8347359e-05	-0,071950018	-0,06738513
41801	276,05176	-32,299999	-32,463295	-0,23730993	4,8012473e-05	-0,072111323	-0,067520335
41801	276,55176	-32,299999	-32,39204	-0,23730993	-6,4659864e-05	-0,071887925	-0,067473829
41801	277,05176	-32,299999	-32,376938	-0,23731291	1,1993572e-05	-0,071869753	-0,067486875
41801	277,55176	-30,161327	-30,333832	-0,22678673	1,2495555e-05	-0,067995161	-0,063597627
41801	278,05176	-27,661327	-27,801907	-0,21252632	3,8247555e-05	-0,062965184	-0,058665007
41801	278,55176	-25,161327	-25,208702	-0,19800067	4,0268525e-05	-0,05780955	-0,053692561
41801	279,05176	-22,661327	-22,701912	-0,18392801	4,4486485e-05	-0,052522629	-0,048587564
41801	279,55176	-20,161327	-20,206614	-0,16848743	5,359482e-05	-0,047356274	-0,043613233
41801	280,05176	-17,661327	-17,675537	-0,15228093	-5,424954e-05	-0,04197925	-0,038480908
41801	280,55176	-15,161327	-15,228179	-0,13601482	-1,8630642e-05	-0,036786355	-0,033523798
41801	281,05176	-12,661327	-12,736179	-0,11996031	-1,3666693e-05	-0,031334624	-0,028461946
41801	281,55176	-10,161327	-10,175315	-0,10166168	-3,1056348e-05	-0,025677599	-0,023103798
41801	282,05176	-7,6613274	-7,7206807	-0,083017349	3,6394224e-05	-0,020013262	-0,018303586
41801	282,55176	-5,1613274	-5,2637663	-0,062587857	4,430674e-05	-0,01417923	-0,013218856
41801	283,05176	-2,6613274	-3,4508109	-0,047436357	-9,8715536e-06	-0,0096378177	-0,0094008353
41801	283,55176	-1	-0,80654395	-0,016158819	6,7343004e-05	-0,0029114783	-0,0031420074
41801	284,05176	-1	-0,67397583	-0,013804436	8,4012747e-05	-0,0022801049	-0,0024698866
41801	284,55176	-1	-0,70899165	-0,013512373	7,2393566e-05	-0,0021341741	-0,002404752
41801	285,05176	-1	-0,78236872	-0,012725592	3,4858473e-05	-0,002205871	-0,0025237198
41801	285,55176	-1	-0,81389022	-0,014543533	8,4466301e-05	-0,0022745207	-0,0024568627
41801	286,05176	-1	-0,859905	-0,014847517	-5,6926627e-05	-0,0022322387	-0,0024876019
41801	286,55176	-1	-0,89585596	-0,015741587	1,1120923e-05	-0,0022931919	-0,0025563173
41801	287,05176	-1	-0,9733867	-0,015795231	6,1372295e-05	-0,0024392121	-0,0026694068
41801	287,55176	-1	-0,94338882	-0,01539886	1,1505559e-05	-0,0023921393	-0,0026265488
41801	288,05176	-1	-1,0055079	-0,015923381	2,4707057e-05	-0,0025390163	-0,002764211
41801	288,55176	-1	-1,0296385	-0,015887618	1,8225051e-05	-0,0024782866	-0,002744169
41801	289,05176	-1	-0,93591958	-0,015628338	6,4508989e-05	-0,0022192933	-0,0024835269
41801	289,55176	-1	-0,9624958	-0,014713407	4,929211e-05	-0,0022233352	-0,0025473165
41801	290,05176	-1	-1,0374748	-0,015452504	0,00014851149	-0,0023788437	-0,00262404
41801	290,55176	-1	-1,0769609	-0,015565753	7,7507459e-05	-0,0024897233	-0,0026688555
41801	291,05176	-1	-1,0247287	-0,015342236	-3,3527613e-05	-0,0022342838	-0,0024613207
41801	291,55176	-1	-1,0419916	-0,014832616	1,1360273e-05	-0,0022465549	-0,0025084342
41801	292,05176	-1	-1,0355264	-0,015634298	-1,8146355e-05	-0,0022477694	-0,0024585368
41801	292,55176	-1	-1,0268688	-0,014659762	5,6268647e-05	-0,0022068508	-0,0025056279
41801	293,05176	-1	-1,0625701	-0,014847517	1,8957071e-05	-0,0022746585	-0,0025618714
41801	293,55176	-1	-1,0103695	-0,014585257	0,00013275072	-0,0020839013	-0,0025017313
41801	294,05176	-1	-0,97307563	-0,0151366	7,4872747e-05	-0,0020374805	-0,0023646511
41801	294,55176	-1	-1,0869019	-0,015944242	5,8430247e-05	-0,00224071	-0,0024966465
41801	295,05176	-1	-1,0581855	-0,015357137	-2,2585504e-05	-0,0021121278	-0,0023521532
41801	295,55176	-1	-1,096908	-0,01513958	3,6261976e-05	-0,0022082664	-0,0024403119
41801	296,05176	-1	-1,0345578	-0,015407801	9,1265887e-05	-0,0020857118	-0,0024761611
41801	296,55176	-1	-1,0035392	-0,014731288	6,1878003e-05	-0,0019508824	-0,0022142585
41801	297,05176	-1	-0,99295938	-0,014737248	6,3180923e-05	-0,002033025	-0,0021688498
41801	297,55176	-1	-1,042407	-0,015380979	9,3707815e-05	-0,0020942241	-0,0023381168
41801	298,05176	-1	-1,0552127	-0,014975667	0,00011905935	-0,0020801611	-0,0023347388
41801	298,55176	-1	-0,96867794	-0,014039874	9,0985559e-05	-0,0019050464	-0,0021409402
41801	299,05176	-1	-1,0466092	-0,015607476	6,0781837e-05	-0,0020266287	-0,0022429696
41801	299,55176	-1	-1,0455121	-0,01514256	5,6829304e-06	-0,0018957071	-0,0021631266
41801	300,05176	-1	-1,0739453	-0,014990568	-7,4640848e-06	-0,0019501485	-0,0023043843
41801	300,55176	-1	-1,0393914	-0,012978911	3,6447309e-05	-0,0019479655	-0,0021747488
41801	301,05176	-1	-1,1014975	-0,014808774	4,2809173e-05	-0,0020243637	-0,002297871
41801	301,55176	-1	-0,99298543	-0,01334846	8,290913e-05	-0,001785785	-0,0021910169
41801	302,05176	-1	-1,0441151	-0,014287233	5,3642318e-05	-0,0020065047	-0,0022965285
41801	302,55176	-1	-1,0257903	-0,013697147	9,2594884e-05	-0,001786571	-0,0021518595
41801	303,05176	-1	-1,0347087	-0,015085936	-8,3376653e-06	-0,0018398575	-0,0020844047
41801	303,55176	-1	-1,0861214	-0,014668703	6,7061745e-05	-0,001909893	-0,0021038007
41801	304,05176	-1	-1,0616965	-0,014302135	-3,5930891e-05	-0,0018537045	-0,0021414848
41801	304,55176	-1	-1,0206233	-0,013664365	-2,9558782e-05	-0,0018154979	-0,0021159733
41801	305,05176	-1	-1,093829	-0,014704466	0,00012165029	-0,0019411109	-0,002152143
41801	305,55176	-1	-1,0141898	-0,013980269	6,6822395e-05	-0,0017252862	-0,002157961
41801	306,05176	-1	-1,0515395	-0,014439225	0,00012532994	-0,0018786602	-0,0022082452
41801	306,55176	-1	-1,1129249	-0,013881922	8,0587342e-05	-0,0019100495	-0,0022643781
41801	307,05176	-1	-1,1174009	-0,015184283	1,3841316e-05	-0,001810763	-0,0022537897
41801	307,55176	-1	-1,0392256	-0,01398623	-2,290681e-05	-0,0016742237	-0,0019820107
41801	308,05176	-1	-1,0096077	-0,0133425	3,4675002e-05	-0,0016294457	-0,0019981579
41801	308,55176	-1	-1,0204091	-0,014069676	3,1918287e-05	-0,0016690381	-0,0020276953
41801	309,05176	-1	-0,98237211	-0,012853742	0,00013413467	-0,0015907325	-0,0019710986
41801	309,55176	-1	-1,0265429	-0,015240908	0,00012235623	-0,0016447827	-0,0020039871
41801	310,05176	-1	-0,95761383	-0,0135988	8,8538043e-05	-0,0015048049	-0,0018924742
41801	310,55176	-1	-1,1622925	-0,014847517	-1,4379621e-05	-0,0019069761	-0,0022160925
41801	311,05176	-1	-1,0497942	-0,013524294	-1,0828488e-05	-0,0016377233	-0,0019520057
41801	311,55176	-1	-1,0743048	-0,014090538	2,6957132e-05	-0,0017282926	-0,0020519549
41801	312,05176	-1	-1,0811164	-0,014737248	6,0774386e-05	-0,001781553	-0,0013634721
41801	312,55176	-1	-1,0631959	-0,014054775	9,8025426e-05	-0,0018225908	0,55171275
41801	313,05176	-1	-1,0630674	-0,014126301	4,1029416e-05	-0,0017091595	0,69688207
41801	313,55176	-1	-0,98142588	-0,013685226	1,0238029e-05	-0,001467526	0,58353412
41801	314,05176	-1	-1,0525212	-0,012862682	-4,0563289e-05	1,1824617	0,61548406
41801	314,55176	-1	-1,0455623	-0,013920665	1,1289492e-05	1,7974997	0,5465796
41801	315,05176	-1	-1,0743253	-0,013875961	6,5836124e-05	1,2519965	0,61160892
41801	315,55176	-1	-1,0226928	-0,013193488	0,00010199938	1,0979418	0,54943651
41801	316,05176	-1	-0,98151338	-0,013643503	5,69392e-05	1,0979589	0,60914117
41801	316,55176	-1	-1,0320116	-0,013706088	5,0451607e-05	1,0979468	0,55041224
41801	317,05176	-1	-1,0688137	-0,013813376	-3,1832606e-06	1,0980237	0,60805362
41801	317,55176	-1	-0,99294817	-0,013327599	-8,1268139e-05	1,0979563	0,55195564
41801	318,05176	-1	-1,0017027	-0,013044477	6,0613267e-05	1,0870144	0,60990793
41801	318,55176	-1	-1,0458082	-0,01386404	3,4091063e-05	1,1058365	0,55652893
41801	319,05176	-1	-0,98011267	-0,013178587	6,6123903e-05	1,0771395	0,61131215
41801	319,55176	-1	-0,99842435	-0,014093518	3,3596531e-05	1,0965294	1,4393022
41801	320,05176	-1	-1,0672007	-0,014829636	5,4677017e-05	1,0951588	0,71570927
41801	320,55176	-1	-1,0974128	-0,014808774	3,9396808e-05	1,0981653	0,46432242
41801	321,05176	-1	-1,06241	-0,014710426	-1,6801525e-05	1,089825	-0,004985854
41801	321,55176	-1	-0,92571789	-0,012907386	6,1725266e-05	1,0818303	-0,50087303
41801	322,05176	-1	-0,9605121	-0,013610721	2,9951334e-05	1,0866207	-3,122016
41801	322,55176	-1	-1,034068	-0,013235211	8,5265376e-05	1,090928	-0,050002724
41801	323,05176	-1	-1,0875444	-0,013926625	4,9434602e-06	1,084607	-0,063529365
41801	323,55176	-1	-1,0758433	-0,014904141	5,7109632e-05	0,97075242	-0,069083072
41801	324,05176	-1	-1,0553002	-0,014257431	3,7482008e-05	2,4809299	-0,065116651
41801	324,55176	-1	-1,0211021	-0,014030933	0,00013509113	1,2141963	-0,065106124
41801	325,05176	-1	-1,0551661	-0,013002753	0,000114806	1,1442105	-0,065012001
41801	325,55176	-1	-1,0990669	-0,014856458	6,748829e-05	1,0328387	-0,065043472
41801	326,05176	-1	-1,0931995	-0,013464689	9,8244287e-05	0,91701955	-0,065047011
41801	326,55176	-1	-1,0393839	-0,013419986	2,6817434e-05	-0,032498688	-0,065013044
41801	327,05176	-1	-1,0118484	-0,013932586	5,9426762e-05	-0,041972362	-0,064983487
41801	327,55176	-1	-1,0243021	-0,013872981	0,00014048535	-0,040626481	-0,064828932
41801	328,05176	-1	-1,0350068	-0,013324618	5,3835101e-05	-0,04056162	-0,06489858
41801	328,55176	-1	-1,0768007	-0,013655424	7,5926073e-05	-0,040556327	-0,065028131
41801	329,05176	-1	-1,0215435	-0,012871623	-2,070237e-05	-0,040505935	-0,064863436
41801	329,55176	-1	-0,9976998	-0,01296401	2,1802261e-06	-0,040541653	-0,064961597
41801	330,05176	-1	-0,97285956	-0,012564659	0,00010610092	-0,040525913	-0,06505271
41801	330,55176	-1	-1,074791	-0,013265014	0,00011029746	-0,040445425	-0,064870961
41801	331,05176	-1	-1,0905285	-0,013333559	3,9457344e-05	-0,040462468	-0,064932689
41801	331,55176	-1	-1,0934621	-0,013658404	2,1649525e-05	-0,040474579	-0,064961888
41801	332,05176	-1	-1,0788255	-0,013306737	1,6161241e-05	-0,040521301	-0,064900599
41801	332,55176	-1	-1,0314491	-0,012949109	6,1928295e-05	-0,040496163	-0,064901568
41801	333,05176	-1	-1,0436382	-0,013911724	9,1497786e-05	-0,040464517	-0,064863913
41801	333,55176	-1	-1,0806173	-0,014176965	0,00012028683	-0,040453576	-0,064930186
41801	334,05176	-1	-1,0439717	-0,014030933	9,8830089e-05	-0,040511381	-0,06484139
41801	334,55176	-1	-1,0300353	-0,012850761	5,4696575e-05	-0,040443715	-0,064895846
41801	335,05176	-1	-1,056401	-0,012895465	-9,4152056e-06	-0,040450666	-0,064777151
41801	335,55176	-1	-1,0174178	-0,012096763	1,7992221e-05	-0,040496279	-0,064953834
41801	336,05176	-1	-1,0377895	-0,013506413	9,0159476e-05	-0,040392544	-0,064907186
41801	336,55176	-1	-1,0431204	-0,013628602	9,1125257e-05	-0,040433265	-0,064883389
41801	337,05176	-1	-1,005955	-0,01193285	0,00010931026	-0,040429175	-0,064929701
41801	337,55176	0	0,051766634	1,0882199	-3,6619604e-06	-0,040461987	-0,064810671

Datenerfassung						Zeit:	337,94141	s	11.06.2014 14:58:38
Ch 1 Kraft	Ch 1 Weg	1944 A	1944 B	1281068
kN	mm	mm	mm	mm
0,11060759	4,8432531	0,00022367295	2,7069063	2,8849335
-33,432526	-0,2388984	-0,00021978607	-0,94234759	-3,122118
