Datum : 	11.6.2014
Durchmesser :	199,8
Datum	Laufzeit	Ch 1 Kraft Sollwert	Ch 1 Kraft	Ch 1 Weg	1944 A	1944 B	1281068
d	s	kN	kN	mm	mm	mm	mm
41801	22,382813	-1	-1,0311137	-0,02848208	-8,8362023e-05	0,035571221	0,01536586
41801	22,882813	-1	-0,97299927	-0,027987361	-3,0923635e-05	0,035745598	0,015545431
41801	23,382813	-1	-1,0546856	-0,028440356	-0,00011930196	0,035626817	0,015326339
41801	23,882813	-1	-1,084784	-0,029206276	-0,0001029307	0,035579093	0,01536367
41801	24,382813	-1	-1,0651611	-0,029793382	-0,00010238821	0,035592474	0,015384637
41801	24,882813	-1	-1,1041201	-0,029227138	-6,8526715e-05	0,03547876	0,015192956
41801	25,382813	-1	-1,0567735	-0,029179454	-8,9250039e-05	0,035515442	0,015361413
41801	25,882813	-1	-1,0430236	-0,029668212	-1,9286759e-05	0,035588168	0,015368
41801	26,382813	-1	-1,026433	-0,028914213	-1,2954697e-06	0,035646427	0,015397631
41801	26,882813	-1	-1,0089632	-0,028842688	-9,2950184e-05	0,035765871	0,015533126
41801	27,382813	-1	-1,109723	-0,029274821	-8,0920756e-05	0,035561215	0,015277523
41801	27,882813	-1	-1,0847412	-0,029075146	-0,00018280791	0,035611339	0,015361534
41801	28,382813	-1	-1,0307301	-0,028836727	-1,9465573e-05	0,035665017	0,015318762
41801	28,882813	-1	-1,0150578	-0,027799606	-6,6540204e-05	0,035734721	0,015513525
41801	29,382813	-1	-0,98866224	-0,028699636	-4,3974258e-05	0,035695307	0,015477888
41801	29,882813	-1	-0,93951637	-0,027069449	-6,2880106e-05	0,035960656	0,015645197
41801	30,382813	-1	-0,94049239	-0,026738644	-0,00015510758	0,036076739	0,015770998
41801	30,882813	-1	-0,88054127	-0,025752187	-0,00013509672	0,036187772	0,015870711
41801	31,382813	-1	-0,87625909	-0,026372075	-0,00014761742	0,03613757	0,015791206
41801	31,882813	-1	-1,0288377	-0,028026104	-3,9147213e-05	0,035687063	0,01545522
41801	32,382813	-1,4560547	-1,4029704	-0,0046521425	2,1747313e-05	-0,001055602	-0,00087848713
41801	32,882813	-1,9560547	-1,9154568	-0,0097960234	1,8738676e-05	-0,0022523478	-0,001905236
41801	33,382813	-2,4560547	-2,3320448	-0,014072657	-1,2705568e-05	-0,0032038465	-0,0028213551
41801	33,882813	-2,9560547	-2,4947524	-0,015929341	5,2871183e-06	-0,003536202	-0,003221381
41801	34,382813	-3,4560547	-3,541641	-0,025370717	1,5962869e-05	-0,0056794547	-0,0053711212
41801	34,882813	-3,9560547	-4,0054264	-0,030392408	6,7502726e-05	-0,0067052208	-0,00637272
41801	35,382813	-4,4560547	-4,431952	-0,034633279	1,2387522e-05	-0,0076212697	-0,0073913857
41801	35,882813	-4,9560547	-4,9359055	-0,038909912	0,0001024087	-0,0086606629	-0,0083679501
41801	36,382813	-5,4560547	-5,4406114	-0,041982532	9,5055439e-06	-0,0097578019	-0,0093396585
41801	36,882813	-5,9560547	-5,963089	-0,04812479	-2,5747344e-05	-0,010823362	-0,010412538
41801	37,382813	-6,4560547	-6,4787755	-0,051793456	6,3337851e-05	-0,012040421	-0,0115269
41801	37,882813	-6,9560547	-7,0022922	-0,056305528	3,2577664e-05	-0,013133954	-0,012570752
41801	38,382813	-7,4560547	-7,5408463	-0,06069541	0,00012170477	-0,014248922	-0,013625889
41801	38,882813	-7,9560547	-8,024868	-0,064715743	-5,6878664e-05	-0,015317082	-0,014615739
41801	39,382813	-8,4560547	-8,5552959	-0,069311261	-8,7665394e-06	-0,016447026	-0,015695438
41801	39,882813	-8,9560547	-8,970768	-0,073599815	2,6465394e-05	-0,017401394	-0,016532686
41801	40,382813	-9,4560547	-9,509244	-0,077271461	8,1862789e-05	-0,018561516	-0,017725037
41801	40,882813	-9,9560547	-9,9850721	-0,079905987	6,2405597e-05	-0,019639965	-0,018700654
41801	41,382813	-10,456055	-10,496159	-0,084623694	1,3491139e-05	-0,020736478	-0,019658742
41801	41,882813	-10,956055	-11,030644	-0,088450313	4,4363551e-06	-0,021814987	-0,02065667
41801	42,382813	-11,456055	-11,45359	-0,091710687	2,8461218e-05	-0,022752456	-0,021646265
41801	42,882813	-11,956055	-11,970994	-0,096619129	3,8612168e-05	-0,023859318	-0,022686578
41801	43,382813	-12,456055	-12,41511	-0,098341703	8,7487046e-05	-0,024861336	-0,02367357
41801	43,882813	-12,956055	-12,994296	-0,10287464	5,2228104e-05	-0,026015282	-0,02473799
41801	44,382813	-13,456055	-13,486095	-0,10619462	1,1566561e-05	-0,027005762	-0,025807645
41801	44,882813	-13,956055	-13,998339	-0,10956526	-4,3186359e-05	-0,028072141	-0,026805012
41801	45,382813	-14,456055	-14,502924	-0,11382699	2,1809712e-05	-0,029138427	-0,027803842
41801	45,882813	-14,956055	-15,009603	-0,11677742	5,414011e-05	-0,030280819	-0,028863108
41801	46,382813	-15,456055	-15,468216	-0,11984408	5,246466e-05	-0,031271063	-0,029903779
41801	46,882813	-15,956055	-15,96451	-0,12401342	7,5205695e-05	-0,032316051	-0,030902088
41801	47,382813	-16,456055	-16,413759	-0,12754798	0,00011581974	-0,033322215	-0,031924773
41801	47,882813	-16,956055	-16,960758	-0,13065934	9,9256169e-05	-0,034487233	-0,032882366
41801	48,382813	-17,456055	-17,505299	-0,13418496	2,7245842e-05	-0,035612017	-0,034083679
41801	48,882813	-17,956055	-17,980211	-0,13790429	-8,4470958e-07	-0,036621481	-0,035109665
41801	49,382813	-18,456055	-18,46299	-0,13947189	8,9360401e-07	-0,037645005	-0,03602834
41801	49,882813	-18,956055	-18,966854	-0,14442205	4,1318592e-05	-0,038768262	-0,037112392
41801	50,382813	-19,456055	-19,447405	-0,14736652	4,9766619e-05	-0,03974764	-0,038080625
41801	50,882813	-19,956055	-19,902092	-0,15020072	0,00011244742	-0,040774658	-0,039052755
41801	51,382813	-20,456055	-20,432173	-0,15429854	7,5866003e-05	-0,041875411	-0,040158961
41801	51,882813	-20,956055	-20,946205	-0,1568675	4,3730251e-06	-0,042954288	-0,041143585
41801	52,382813	-21,456055	-21,489853	-0,16152859	9,6657313e-06	-0,04411684	-0,042311411
41801	52,882813	-21,956055	-21,922647	-0,16345978	9,2411879e-05	-0,045155078	-0,0433327
41801	53,382813	-22,456055	-22,448326	-0,16712248	9,9180732e-05	-0,046249658	-0,044283293
41801	53,882813	-22,956055	-22,928673	-0,17092526	7,4761454e-05	-0,047266159	-0,04539834
41801	54,382813	-23,456055	-23,4664	-0,17314851	9,7929966e-05	-0,048472602	-0,046534922
41801	54,882813	-23,956055	-23,92882	-0,17719567	0,00011650706	-0,049574643	-0,04755839
41801	55,382813	-24,456055	-24,433422	-0,18095076	5,4794829e-05	-0,050606534	-0,048686255
41801	55,882813	-24,956055	-24,945692	-0,18517077	6,9076661e-05	-0,051787306	-0,049741361
41801	56,382813	-25,456055	-25,423183	-0,18725395	0,00010661175	-0,05274234	-0,050709195
41801	56,882813	-25,956055	-25,978607	-0,19012392	3,846176e-05	-0,053999566	-0,051750842
41801	57,382813	-26,456055	-26,469336	-0,19369423	3,5776757e-06	-0,055022646	-0,05286907
41801	57,882813	-26,956055	-26,949322	-0,19658804	5,7622325e-05	-0,056098409	-0,054023843
41801	58,382813	-27,456055	-27,404512	-0,20007789	-5,6973659e-06	-0,057175554	-0,054912474
41801	58,882813	-27,956055	-27,952396	-0,20246804	8,8736881e-05	-0,058280613	-0,056208655
41801	59,382813	-28,456055	-28,47905	-0,20644367	9,5143449e-05	-0,059527826	-0,057207316
41801	59,882813	-28,956055	-28,912712	-0,21020174	6,8439636e-05	-0,060539357	-0,058234811
41801	60,382813	-29,456055	-29,448034	-0,21297932	5,1634852e-05	-0,06162836	-0,059295215
41801	60,882813	-29,956055	-30,002024	-0,21668673	-2,9566698e-05	-0,06286101	-0,060519174
41801	61,382813	-30,456055	-30,475163	-0,21916628	3,9146747e-05	-0,063916631	-0,061559681
41801	61,882813	-30,956055	-30,976151	-0,2222389	3,8722996e-05	-0,065150686	-0,062701382
41801	62,382813	-31,456055	-31,450205	-0,22622347	4,0621962e-05	-0,066153355	-0,063674368
41801	62,882813	-31,956055	-31,975121	-0,23006201	0,00010013813	-0,067358859	-0,064931087
41801	63,382813	-32,456055	-32,469433	-0,2317071	0,00016459683	-0,068455875	-0,065938599
41801	63,882813	-32,956055	-32,945858	-0,23629963	9,646127e-05	-0,069589578	-0,067017958
41801	64,382813	-33,148632	-33,260029	-0,23790896	-1,878757e-05	-0,070352957	-0,067751624
41801	64,882813	-32,648632	-32,688103	-0,23472011	6,3256826e-05	-0,06928847	-0,06669613
41801	65,382813	-32,148632	-32,189861	-0,2328068	1,3912562e-05	-0,068403065	-0,06591934
41801	65,882813	-31,648632	-31,639297	-0,22923648	2,8232578e-05	-0,06750723	-0,064847894
41801	66,382813	-31,148632	-31,138586	-0,22728741	4,3592881e-05	-0,066540897	-0,063990481
41801	66,882813	-30,648632	-30,596973	-0,22408366	0,00010386901	-0,065501124	-0,063094944
41801	67,382813	-30,148632	-30,112406	-0,22156537	3,8934872e-05	-0,064579248	-0,062052533
41801	67,882813	-29,648632	-29,661863	-0,2189815	5,4534059e-05	-0,063661441	-0,0611788
41801	68,382813	-29,148632	-29,11928	-0,21599829	-2,1962915e-05	-0,062656879	-0,060006373
41801	68,882813	-28,648632	-28,670212	-0,21364987	4,9468596e-05	-0,061741933	-0,059283093
41801	69,382813	-28,148632	-28,14027	-0,21111369	1,2600329e-05	-0,060665756	-0,058333661
41801	69,882813	-27,648632	-27,657017	-0,20852983	-8,7255612e-06	-0,059796248	-0,057305414
41801	70,382813	-27,148632	-27,130016	-0,2042383	4,3593813e-05	-0,058756601	-0,056416534
41801	70,882813	-26,648632	-26,650486	-0,20288229	5,9513841e-05	-0,057852581	-0,055421624
41801	71,382813	-26,148632	-26,122494	-0,19999444	3,6452897e-05	-0,056833643	-0,054265112
41801	71,882813	-25,648632	-25,694084	-0,19734204	2,3644883e-05	-0,055888008	-0,053438839
41801	72,382813	-25,148632	-25,15242	-0,19403696	-1,46823e-06	-0,054880381	-0,052405953
41801	72,882813	-24,648632	-24,63088	-0,19190609	5,7130586e-05	-0,053801019	-0,05139783
41801	73,382813	-24,148632	-24,162058	-0,18793643	3,0673109e-05	-0,05288697	-0,050519034
41801	73,882813	-23,648632	-23,600454	-0,18533766	9,6223783e-05	-0,051808152	-0,049363595
41801	74,382813	-23,148632	-23,124817	-0,1830101	2,632197e-05	-0,050828487	-0,048502214
41801	74,882813	-22,648632	-22,653242	-0,17935634	8,6497981e-05	-0,049870096	-0,047541946
41801	75,382813	-22,148632	-22,125118	-0,17723441	2,2009015e-05	-0,048838329	-0,046483751
41801	75,882813	-21,648632	-21,682196	-0,17349124	-2,199132e-05	-0,047880799	-0,045626778
41801	76,382813	-21,148632	-21,103088	-0,1704365	-9,2312694e-06	-0,04671184	-0,044371884
41801	76,882813	-20,648632	-20,618259	-0,16754568	-1,263665e-05	-0,045708541	-0,04345667
41801	77,382813	-20,148632	-20,146441	-0,16398728	7,4898358e-05	-0,044803031	-0,042591162
41801	77,882813	-19,648632	-19,600807	-0,16168058	-3,4458935e-06	-0,043628324	-0,041403838
41801	78,382813	-19,148632	-19,127819	-0,15912056	6,1070081e-05	-0,042801093	-0,040524531
41801	78,882813	-18,648632	-18,588217	-0,15508533	1,3552606e-05	-0,041619685	-0,039412338
41801	79,382813	-18,148632	-18,132055	-0,15392303	0,00010287901	-0,040676802	-0,038529601
41801	79,882813	-17,648632	-17,611858	-0,14970005	4,3428037e-05	-0,039559957	-0,037467308
41801	80,382813	-17,148632	-17,162382	-0,14627874	3,7485734e-05	-0,038625766	-0,036472287
41801	80,882813	-16,648632	-16,658363	-0,14283359	-1,077354e-05	-0,037491523	-0,035475098
41801	81,382813	-16,148632	-16,135166	-0,13945401	-1,9700266e-05	-0,036453031	-0,034491524
41801	81,882813	-15,648632	-15,662442	-0,13619661	-4,3155625e-05	-0,035417914	-0,033357464
41801	82,382813	-15,148632	-15,131716	-0,13245344	7,8724232e-05	-0,034278825	-0,032482877
41801	82,882813	-14,648632	-14,648321	-0,1298964	7,1367715e-05	-0,03336826	-0,031437993
41801	83,382813	-14,148632	-14,133271	-0,12538433	3,7583057e-05	-0,032225974	-0,030283544
41801	83,882813	-13,648632	-13,601266	-0,12330115	1,3199635e-05	-0,031154897	-0,029390037
41801	84,382813	-13,148632	-13,117684	-0,11946559	3,9963517e-05	-0,030042943	-0,028256744
41801	84,882813	-12,648632	-12,592068	-0,11585057	3,2730401e-05	-0,028967828	-0,027273938
41801	85,382813	-12,148632	-12,086622	-0,11300147	9,1009308e-05	-0,027826387	-0,026351418
41801	85,882813	-11,648632	-11,602893	-0,10944605	6,4551365e-05	-0,026815157	-0,025217565
41801	86,382813	-11,148632	-11,163125	-0,10508001	7,1109738e-05	-0,025778584	-0,024299854
41801	86,882813	-10,648632	-10,692328	-0,10231733	7,201219e-05	-0,02478889	-0,023393242
41801	87,382813	-10,148632	-10,116396	-0,099131465	2,6353635e-05	-0,023531754	-0,02221282
41801	87,882813	-9,648632	-9,6132803	-0,094893575	0,00010670209	-0,02249134	-0,021171167
41801	88,382813	-9,148632	-9,1062803	-0,09072423	4,4897664e-05	-0,021394055	-0,020209376
41801	88,882813	-8,648632	-8,6003637	-0,086694956	7,9944264e-05	-0,020251073	-0,019207297
41801	89,382813	-8,148632	-8,0617886	-0,08263886	0,000107083	-0,01904311	-0,01812014
41801	89,882813	-7,648632	-7,6227093	-0,078424811	6,591389e-05	-0,017987214	-0,017124712
41801	90,382813	-7,148632	-7,1428919	-0,074660778	7,6339114e-05	-0,016834546	-0,016123686
41801	90,882813	-6,648632	-6,5903535	-0,070622563	3,2394659e-05	-0,015677679	-0,014842504
41801	91,382813	-6,148632	-6,1620603	-0,065344572	7,9129357e-05	-0,014730312	-0,014173154
41801	91,882813	-5,648632	-5,6779327	-0,062897801	9,4844494e-05	-0,013683405	-0,013101474
41801	92,382813	-5,148632	-5,4667573	-0,060275197	0,0001469641	-0,013141166	-0,012562377
41801	92,882813	-4,648632	-4,554687	-0,052794814	-1,7812476e-05	-0,011116602	-0,010618036
41801	93,382813	-4,148632	-4,1074567	-0,04864037	2,7799979e-05	-0,010069672	-0,0096097318
41801	93,882813	-3,648632	-3,6332831	-0,043919683	7,2344672e-05	-0,0089964494	-0,0085273571
41801	94,382813	-3,148632	-3,1469743	-0,03901124	0,00012826407	-0,0079058297	-0,0074639418
41801	94,882813	-2,648632	-2,6731436	-0,033733249	0,00010571862	-0,0069025308	-0,0062961229
41801	95,382813	-2,148632	-2,1551178	-0,028848648	1,8497463e-05	-0,0055976845	-0,0050925529
41801	95,882813	-1,648632	-1,6334225	-0,021913648	5,8469828e-05	-0,0043276474	-0,0038434935
41801	96,382813	-1,148632	-1,1357944	-0,015321374	5,3151976e-05	-0,0030614957	-0,0026610221
41801	96,882813	-1,3466797	-1,0733548	-0,013116002	0,0001326357	-0,0027742125	-0,0025058072
41801	97,382813	-1,8466797	-1,6661696	-0,020113587	8,1211794e-05	-0,0041491836	-0,0038437445
41801	97,882813	-2,3466797	-2,2180676	-0,02644062	-1,5383121e-05	-0,0052090809	-0,0048988271
41801	98,382813	-2,8466797	-2,4075899	-0,027802587	0,00010693399	-0,0056174733	-0,0053637377
41801	98,882813	-3,3466797	-3,2956209	-0,036165118	3,145542e-05	-0,0075053312	-0,0072804564
41801	99,382813	-3,8466797	-3,8823447	-0,041469932	8,5818116e-05	-0,00867806	-0,0085912216
41801	99,882813	-4,3466797	-4,3868909	-0,046542287	-2,3746397e-05	-0,0096540004	-0,009658494
41801	100,38281	-4,8466797	-4,8211608	-0,04940927	0,0001192051	-0,010577068	-0,010678306
41801	100,88281	-5,3466797	-5,3571963	-0,053483248	5,9445854e-05	-0,011732116	-0,011867424
41801	101,38281	-5,8466797	-5,8816037	-0,05903542	0,00012838142	-0,012911625	-0,012888284
41801	101,88281	-6,3466797	-6,4463391	-0,06274879	8,4730331e-05	-0,013946798	-0,014121549
41801	102,38281	-6,8466797	-6,9543028	-0,067400932	0,00011564	-0,015052702	-0,015171858
41801	102,88281	-7,3466797	-7,4022226	-0,070416927	0,00013405411	-0,016013324	-0,016070319
41801	103,38281	-7,8466797	-7,886879	-0,074398518	6,4820517e-05	-0,017048139	-0,017064076
41801	103,88281	-8,3466797	-8,3278656	-0,079283118	8,3740335e-05	-0,018080741	-0,018032927
41801	104,38281	-8,8466797	-8,9116907	-0,081989169	1,5270431e-05	-0,019273691	-0,019087795
41801	104,88281	-9,3466797	-9,3306227	-0,085651875	0,00012889178	-0,020161394	-0,020020116
41801	105,38281	-9,8466797	-9,8728275	-0,089651346	0,00014576456	-0,021352198	-0,021083122
41801	105,88281	-10,34668	-10,367443	-0,093835592	6,9983769e-05	-0,022362929	-0,022005003
41801	106,38281	-10,84668	-10,95848	-0,098061562	8,0282334e-05	-0,023518752	-0,023308799
41801	106,88281	-11,34668	-11,379236	-0,10119677	7,5894874e-05	-0,024545763	-0,02415709
41801	107,38281	-11,84668	-11,862603	-0,10285378	8,7293331e-05	-0,025481764	-0,025148997
41801	107,88281	-12,34668	-12,377988	-0,10735393	9,8765362e-05	-0,026549585	-0,026257755
41801	108,38281	-12,84668	-12,938494	-0,11183023	3,7835445e-05	-0,027702771	-0,027205497
41801	108,88281	-13,34668	-13,38444	-0,11415184	1,6386155e-05	-0,028740242	-0,028191717
41801	109,38281	-13,84668	-13,825569	-0,11716783	0,00013601268	-0,029606532	-0,029105119
41801	109,88281	-14,34668	-14,41373	-0,12181997	6,0405117e-05	-0,030823337	-0,030309485
41801	110,38281	-14,84668	-14,858033	-0,12408197	7,0416834e-05	-0,031777523	-0,031122776
41801	110,88281	-15,34668	-15,386765	-0,12771189	8,5479114e-05	-0,032814108	-0,032211661
41801	111,38281	-15,84668	-15,889271	-0,13077557	0,00015441095	-0,033896096	-0,033247072
41801	111,88281	-16,34668	-16,366894	-0,13418198	4,4075307e-05	-0,034926489	-0,034289401
41801	112,38281	-16,84668	-16,940458	-0,13835132	1,6693957e-05	-0,036114119	-0,035394032
41801	112,88281	-17,34668	-17,394688	-0,1407057	8,5020903e-05	-0,037107814	-0,036445964
41801	113,38281	-17,84668	-17,869753	-0,14482141	6,4960215e-05	-0,038138203	-0,037377451
41801	113,88281	-18,34668	-18,367804	-0,14731884	8,8038389e-05	-0,039187819	-0,038445488
41801	114,38281	-18,84668	-18,917509	-0,150159	1,6872305e-05	-0,04031691	-0,039504249
41801	114,88281	-19,34668	-19,414772	-0,15332401	8,6443964e-05	-0,041346814	-0,040409785
41801	115,38281	-19,84668	-19,910082	-0,15621185	0,00015302608	-0,042430766	-0,041562635
41801	115,88281	-20,34668	-20,371422	-0,15972257	0,00010788767	-0,043391395	-0,042522121
41801	116,38281	-20,84668	-20,914486	-0,16312301	9,4375107e-05	-0,044454604	-0,043554917
41801	116,88281	-21,34668	-21,432793	-0,16698241	3,6811922e-05	-0,045602176	-0,044657938
41801	117,38281	-21,84668	-21,883509	-0,16990304	9,5493626e-05	-0,046552964	-0,045597196
41801	117,88281	-22,34668	-22,374395	-0,1724869	8,4215309e-05	-0,047596149	-0,046755437
41801	118,38281	-22,84668	-22,89665	-0,17654896	0,00010346854	-0,04876909	-0,047669876
41801	118,88281	-23,34668	-23,39418	-0,17973781	-3,0767173e-05	-0,049705751	-0,048756357
41801	119,38281	-23,84668	-23,884827	-0,1827985	6,4182561e-05	-0,050785113	-0,049741242
41801	119,88281	-24,34668	-24,369291	-0,18542111	2,6929658e-05	-0,051857527	-0,050719786
41801	120,38281	-24,84668	-24,8358	-0,18902123	6,7771878e-05	-0,052872155	-0,051721796
41801	120,88281	-25,34668	-25,372057	-0,19218624	2,4707988e-06	-0,053923238	-0,052815359
41801	121,38281	-25,84668	-25,884678	-0,19334853	8,2093757e-05	-0,0549988	-0,053809974
41801	121,88281	-26,34668	-26,389114	-0,19778013	6,0798135e-05	-0,05613577	-0,054960951
41801	122,38281	-26,84668	-26,844444	-0,20174384	8,823676e-05	-0,057014231	-0,055816367
41801	122,88281	-27,34668	-27,404902	-0,20331144	4,3558422e-05	-0,05814521	-0,056965221
41801	123,38281	-27,84668	-27,898525	-0,20693243	8,1273261e-05	-0,059292223	-0,058128618
41801	123,88281	-28,34668	-28,416321	-0,21006167	9,3952287e-05	-0,060440246	-0,059077971
41801	124,38281	-28,84668	-28,829945	-0,21264553	0,00010361662	-0,061293606	-0,059981059
41801	124,88281	-29,34668	-29,420881	-0,21626651	8,0489554e-06	-0,062494781	-0,061110307
41801	125,38281	-29,84668	-29,92429	-0,21904409	6,7720655e-05	-0,06349811	-0,062259302
41801	125,88281	-30,34668	-30,345606	-0,22206306	8,8656787e-05	-0,064529516	-0,063226514
41801	126,38281	-30,84668	-30,885605	-0,22574961	-1,5418045e-06	-0,065573856	-0,064197533
41801	126,88281	-31,34668	-31,324055	-0,22825301	7,7999663e-05	-0,066593297	-0,065167733
41801	127,38281	-31,84668	-31,870956	-0,2318114	9,1994647e-05	-0,06781435	-0,066443518
41801	127,88281	-32,258007	-32,354454	-0,23496449	2,6025344e-05	-0,068757094	-0,0672874
41801	128,38281	-31,758007	-31,825121	-0,23113787	9,9413563e-05	-0,067881666	-0,066399381
41801	128,88281	-31,258007	-31,293955	-0,22844076	6,9630332e-06	-0,066913188	-0,065344021
41801	129,38281	-30,758007	-30,714314	-0,22662878	0,00012935558	-0,065811776	-0,064431213
41801	129,88281	-30,258007	-30,28651	-0,22397637	-5,0761737e-06	-0,064933397	-0,063566349
41801	130,38281	-29,758007	-29,755808	-0,2209574	0,00011411356	-0,063997351	-0,062518023
41801	130,88281	-29,258007	-29,279245	-0,21934211	4,2202417e-05	-0,063082874	-0,061704684
41801	131,38281	-28,758007	-28,731323	-0,21577477	0,00010434678	-0,062074158	-0,060593355
41801	131,88281	-28,258007	-28,261152	-0,21311343	1,2550503e-05	-0,060999665	-0,059633013
41801	132,38281	-27,758007	-27,759855	-0,21039248	3,8801227e-05	-0,060091067	-0,058791209
41801	132,88281	-27,258007	-27,218647	-0,20673275	0,00016520033	-0,059150606	-0,05774413
41801	133,38281	-26,758007	-26,729284	-0,20500124	1,3693701e-05	-0,058069304	-0,056700289
41801	133,88281	-26,258007	-26,310446	-0,20221472	1,3792422e-05	-0,057342287	-0,055876233
41801	134,38281	-25,758007	-25,773125	-0,20041466	0,00013117166	-0,056276653	-0,054860119
41801	134,88281	-25,258007	-25,250128	-0,19551516	7,0613343e-05	-0,055191442	-0,05387342
41801	135,38281	-24,758007	-24,78253	-0,19387603	1,6295817e-05	-0,054172933	-0,052787066
41801	135,88281	-24,258007	-24,266262	-0,19011199	3,8770959e-06	-0,053212877	-0,05187783
41801	136,38281	-23,758007	-23,764206	-0,18816292	9,9699479e-05	-0,052257311	-0,051001772
41801	136,88281	-23,258007	-23,2981	-0,18523633	8,3989929e-05	-0,051270969	-0,049879767
41801	137,38281	-22,758007	-22,785332	-0,18233359	2,9755756e-06	-0,05025867	-0,048864789
41801	137,88281	-22,258007	-22,255594	-0,17933249	2,3295637e-05	-0,049146101	-0,047827505
41801	138,38281	-21,758007	-21,74272	-0,17686188	5,6941528e-05	-0,048175447	-0,046712827
41801	138,88281	-21,258007	-21,278986	-0,17352104	7,4846204e-05	-0,047121935	-0,045933429
41801	139,38281	-20,758007	-20,723951	-0,16948283	4,6764035e-05	-0,046069048	-0,044740468
41801	139,88281	-20,258007	-20,314848	-0,1680851	2,6449561e-06	-0,045128562	-0,0440218
41801	140,38281	-19,758007	-19,713865	-0,16440451	5,0129835e-05	-0,044003151	-0,042776082
41801	140,88281	-19,258007	-19,26795	-0,16096532	-6,5160915e-05	-0,043045852	-0,041772835
41801	141,38281	-18,758007	-18,742212	-0,15785396	7,4187759e-05	-0,042082988	-0,040831514
41801	141,88281	-18,258007	-18,209545	-0,15449524	8,983491e-05	-0,040880859	-0,039818633
41801	142,38281	-17,758007	-17,772572	-0,15135109	4,7106296e-06	-0,040015377	-0,038785227
41801	142,88281	-17,258007	-17,262217	-0,14843345	8,7772496e-06	-0,039032191	-0,03781895
41801	143,38281	-16,758007	-16,809002	-0,14498234	2,8887298e-05	-0,037857059	-0,036871798
41801	143,88281	-16,258007	-16,250057	-0,14179945	4,2766798e-05	-0,036793325	-0,035719976
41801	144,38281	-15,758007	-15,713031	-0,13885796	4,0601473e-05	-0,035723351	-0,034681998
41801	144,88281	-15,258007	-15,259921	-0,13416111	2,2841152e-05	-0,034725271	-0,033650998
41801	145,38281	-14,758007	-14,811331	-0,13221204	3,9346516e-05	-0,033722788	-0,032796819
41801	145,88281	-14,258007	-14,27282	-0,12871921	3,3858698e-05	-0,032631621	-0,031797558
41801	146,38281	-13,758007	-13,785527	-0,12508631	1,9677449e-05	-0,031519733	-0,030662689
41801	146,88281	-13,258007	-13,246582	-0,12308955	-3,1642616e-05	-0,030376069	-0,029692018
41801	147,38281	-12,758007	-12,748965	-0,11791885	8,6538959e-05	-0,029322535	-0,028500052
41801	147,88281	-12,258007	-12,238611	-0,11469126	4,3840613e-05	-0,028269909	-0,027624715
41801	148,38281	-11,758007	-11,744564	-0,11197925	-3,4729019e-06	-0,027199563	-0,026540998
41801	148,88281	-11,258007	-11,283152	-0,10805726	3,8377009e-05	-0,026169069	-0,025490055
41801	149,38281	-10,758007	-10,762755	-0,10484457	3,4175813e-05	-0,025100134	-0,024572456
41801	149,88281	-10,258007	-10,299569	-0,10078549	-2,0302832e-05	-0,023989934	-0,02343994
41801	150,38281	-9,758007	-9,8122435	-0,096666813	3,7432183e-05	-0,022992287	-0,022523964
41801	150,88281	-9,258007	-9,2751141	-0,093221664	0,00010926416	-0,021836851	-0,021536553
41801	151,38281	-8,758007	-8,782692	-0,089520216	3,2618642e-05	-0,020682793	-0,020458475
41801	151,88281	-8,258007	-8,3137884	-0,086206198	-3,4207478e-05	-0,019607719	-0,019476315
41801	152,38281	-7,758007	-7,744504	-0,080803037	4,0974002e-05	-0,018344555	-0,018282436
41801	152,88281	-7,258007	-7,2560406	-0,077569485	3,8411003e-05	-0,017256804	-0,017247148
41801	153,38281	-6,758007	-6,761601	-0,073152781	-3,1827483e-05	-0,016099334	-0,016243666
41801	153,88281	-6,258007	-6,2592721	-0,069609284	6,9037545e-05	-0,015002225	-0,015179673
41801	154,38281	-5,758007	-5,7980456	-0,064778328	3,6260579e-05	-0,013999268	-0,01425692
41801	154,88281	-5,258007	-5,47787	-0,061953068	5,0981995e-05	-0,013207585	-0,01350223
41801	155,38281	-4,758007	-4,9385948	-0,058323145	8,7635126e-05	-0,012059927	-0,012286462
41801	155,88281	-4,258007	-4,1848607	-0,050732493	-4,9062073e-06	-0,010340299	-0,010666004
41801	156,38281	-3,758007	-3,7298818	-0,04581511	-1,335796e-05	-0,0092847683	-0,0095751584
41801	156,88281	-3,258007	-3,2142401	-0,041401386	8,2032289e-05	-0,008217629	-0,0083597451
41801	157,38281	-2,758007	-2,7976279	-0,036811829	4,0081795e-05	-0,007241156	-0,0074256435
41801	157,88281	-2,258007	-2,2790544	-0,031358004	1,4405698e-05	-0,0060209185	-0,0061891382
41801	158,38281	-1,758007	-1,7755554	-0,025621057	5,6687277e-05	-0,0048658773	-0,0049318476
41801	158,88281	-1,258007	-1,1830591	-0,018209219	0,00011130935	-0,0034237504	-0,0034976255
41801	159,38281	-1	-0,8855201	-0,01218915	6,168941e-05	-0,0025287159	-0,0025555552
41801	159,88281	-1	-0,86794609	-0,011843443	5,2808318e-05	-0,0024614446	-0,0026057677
41801	160,38281	-1	-0,83647108	-0,010898709	6,3399319e-05	-0,0023502	-0,0024751227
41801	160,88281	-1	-0,95165896	-0,012984872	6,9000293e-05	-0,0025602579	-0,0026120758
41801	161,38281	-1	-0,949543	-0,01244843	7,4210111e-05	-0,0026010349	-0,002656566
41801	161,88281	-1	-0,97520649	-0,013056397	0,00011105044	-0,0026497766	-0,0027128356
41801	162,38281	-1	-1,0011028	-0,012782216	4,1595194e-05	-0,0027316324	-0,0025973944
41801	162,88281	-1	-0,96089953	-0,012254715	3,6104117e-05	-0,0026009195	-0,0026523438
41801	163,38281	-1	-1,025876	-0,013130903	6,8439636e-05	-0,0025707595	-0,0026688452
41801	163,88281	-1	-0,94459206	-0,012019277	8,4622297e-05	-0,0024608001	-0,0024045066
41801	164,38281	-1	-0,92507899	-0,013136864	0,000130923	-0,0024265684	-0,0024419767
41801	164,88281	-1	-0,99583155	-0,011965632	4,8792455e-05	-0,0024771281	-0,0024680321
41801	165,38281	-1	-0,99877453	-0,012099743	9,1786031e-05	-0,0025489442	-0,0025171218
41801	165,88281	-1	-0,99482203	-0,013244152	0,0001923698	-0,0024944767	-0,0026246395
41801	166,38281	-1	-0,99431723	-0,012084842	-4,1988678e-06	-0,0024935566	-0,0024651319
41801	166,88281	-1	-1,0087304	-0,012379885	3,2760669e-05	-0,0024648309	-0,0025828432
41801	167,38281	-1	-0,95661354	-0,011226535	8,5501466e-05	-0,002322074	-0,0023932292
41801	167,88281	-1	-1,0284055	-0,012436509	7,5868797e-05	-0,0024204291	-0,0025290796
41801	168,38281	-1	-0,97690523	-0,012132525	0,00012593018	-0,0022762641	-0,0025171144
41801	168,88281	-1	-1,024384	-0,01295805	1,9581057e-06	-0,00240466	-0,0024261223
41801	169,38281	-1	-0,95636958	-0,012242794	3,1213276e-05	-0,0022616796	-0,0023533476
41801	169,88281	-1	-1,0264497	-0,012308359	0,00010317424	-0,0024935193	-0,002486032
41801	170,38281	-1	-1,0614469	-0,012037158	6,086519e-05	-0,0025161654	-0,0025608907
41801	170,88281	-1	-0,96099448	-0,011080503	0,00014128396	-0,0022477694	-0,0023576922
41801	171,38281	-1	-1,0473896	-0,012025237	4,8309099e-05	-0,0023886189	-0,0023956292
41801	171,88281	-1	-1,0567046	-0,012683868	0,00015896792	-0,0024832226	-0,0026230945
41801	172,38281	-1	-1,0473411	-0,012022257	5,1498879e-05	-0,0023972653	-0,0024750985
41801	172,88281	-1	-1,0670778	-0,012460351	9,0345275e-05	-0,0023795068	-0,0025186909
41801	173,38281	-1	-1,0465122	-0,012472272	8,1086997e-05	-0,0023736209	-0,0024140102
41801	173,88281	-1	-0,98240745	-0,0095695257	3,2427255e-05	-0,0021919273	-0,0022711044
41801	174,38281	-1	-0,99300778	-0,011605024	0,00012948224	-0,0022508875	-0,0023701873
41801	174,88281	-1	-1,0484979	-0,012046099	6,3218642e-05	-0,0023605935	-0,0024604655
41801	175,38281	-1	-1,0172241	-0,011593103	9,5655676e-05	-0,0023482218	-0,002355177
41801	175,88281	-1	-1,0691527	-0,012725592	3,4437049e-05	-0,0023070313	-0,0024078435
41801	176,38281	-1	-1,0017939	-0,011655688	0,00012205401	-0,0022688992	-0,0022190607
41801	176,88281	-1	-0,9996928	-0,010177493	0,00011014147	-0,0022406355	-0,0022938636
41801	177,38281	-1	-1,0297037	-0,010743737	8,1342179e-05	-0,0022409	-0,0023530279
41801	177,88281	-1	-1,0118876	-0,011819601	0,00014945818	-0,0023017414	-0,0023623921
41801	178,38281	-1	-1,0240935	-0,011852384	8,4789004e-05	-0,0022164956	-0,0023310031
41801	178,88281	-1	-1,0237452	-0,012558699	3,2531563e-05	-0,0022267066	-0,0022324258
41801	179,38281	-1	-0,98568946	-0,011476874	0,00015559373	-0,0022047646	-0,0023268219
41801	179,88281	-1	-1,067441	-0,01180768	1,702318e-05	-0,0023092702	-0,0024215805
41801	180,38281	-1	-1,0301285	-0,011685491	0,00010475563	-0,0022266693	-0,0023046446
41801	180,88281	-1	-1,0718852	-0,010967255	5,3176191e-05	-0,0022658519	-0,0024733937
41801	181,38281	-1	-1,0596458	-0,012564659	0,00010410929	-0,0022660866	-0,002379626
41801	181,88281	-1	-1,0761917	-0,012788177	0,00011543045	-0,0022960678	-0,0023886426
41801	182,38281	-1	-1,0358728	-0,01231432	5,2841846e-05	-0,0022522174	-0,0022642054
41801	182,88281	-1	-0,99541807	-0,012743473	5,3883065e-05	-0,0022459328	-0,002210652
41801	183,38281	-1	-1,0328759	-0,012055039	3,2973941e-05	-0,0021979772	-0,0022546644
41801	183,88281	-1	-1,0427256	-0,011765957	0,00011237012	-0,0022244826	-0,0023643498
41801	184,38281	-1	-1,0375102	-0,011739135	6,6997949e-05	-0,0022068359	-0,0022622123
41801	184,88281	-1	-1,0154452	-0,010895729	0,00013034651	-0,0021185465	-0,0022223345
41801	185,38281	-1	-1,0403376	-0,011444092	9,5732044e-05	-0,0022359379	-0,0022586689
41801	185,88281	-1	-1,0247416	-0,011563301	4,8170332e-05	-0,0021739639	-0,0022882342
41801	186,38281	-1	-0,99553728	-0,010615587	0,00017955294	-0,0021589622	-0,0022901511
41801	186,88281	-1	-1,0178033	-0,010576844	-1,6198028e-05	-0,0021236874	-0,0021297398
41801	187,38281	-1	-0,98765081	-0,010704994	0,00014707586	-0,0021174625	-0,0022114271
41801	187,88281	-1	-1,0214522	-0,011581182	0,00011576852	-0,0021449551	-0,0022227454
41801	188,38281	-1	-1,0085721	-0,011661649	6,7190733e-05	-0,0022029653	-0,0022629299
41801	188,88281	-1	-1,0416042	-0,011387467	0,00010955846	-0,0021894909	-0,0023830598
41801	189,38281	-1,234375	-1,1817049	-0,012400746	8,6630229e-05	-0,0025373362	-0,0026116294
41801	189,88281	-1,734375	-1,7740782	-0,019496679	8,3437655e-05	-0,0038444735	-0,004106042
41801	190,38281	-2,234375	-2,2328217	-0,024199486	-4,8740767e-06	-0,0048462488	-0,0051027359
41801	190,88281	-2,734375	-2,3943763	-0,02708137	0,00013003824	-0,0051810667	-0,00542728
41801	191,38281	-3,234375	-3,0909629	-0,033605099	0,00012171967	-0,0065534711	-0,0072006793
41801	191,88281	-3,734375	-3,8382523	-0,040346384	3,8012862e-05	-0,0080861598	-0,0087996097
41801	192,38281	-4,234375	-4,2749701	-0,043597817	5,2853953e-05	-0,0090380795	-0,0097939884
41801	192,88281	-4,734375	-4,7561731	-0,04875958	5,837949e-05	-0,0099150948	-0,010821879
41801	193,38281	-5,234375	-5,2330084	-0,051939487	5,2134972e-05	-0,010996331	-0,01178328
41801	193,88281	-5,734375	-5,760066	-0,057905912	2,5422778e-05	-0,012095124	-0,013039523
41801	194,38281	-6,234375	-6,3268747	-0,062412024	7,0048962e-05	-0,013299357	-0,014228771
41801	194,88281	-6,734375	-6,8635287	-0,065824389	9,6533913e-05	-0,014473189	-0,015349528
41801	195,38281	-7,234375	-7,3753428	-0,070381165	3,0334108e-05	-0,015526734	-0,016412294
41801	195,88281	-7,734375	-7,8096056	-0,074529648	4,8402231e-05	-0,016430456	-0,017376855
41801	196,38281	-8,234375	-8,3754253	-0,078877807	2,6976224e-05	-0,0176256	-0,01848409
41801	196,88281	-8,734375	-8,7891798	-0,081166625	0,00019062078	-0,018617809	-0,019373234
41801	197,38281	-9,234375	-9,3767776	-0,08494854	5,0793868e-05	-0,019683816	-0,020509006
41801	197,88281	-9,734375	-9,8154287	-0,089469552	0,00013627345	-0,020737741	-0,02149893
41801	198,38281	-10,234375	-10,337094	-0,092250109	1,1444092e-05	-0,021867227	-0,022338694
41801	198,88281	-10,734375	-10,77073	-0,097244978	0,00014150096	-0,022839352	-0,023359381
41801	199,38281	-11,234375	-11,296215	-0,10035038	8,396944e-05	-0,023921136	-0,024603378
41801	199,88281	-11,734375	-11,724977	-0,10325909	0,00013015466	-0,024779223	-0,025362739
41801	200,38281	-12,234375	-12,269406	-0,10685325	0,0001471038	-0,025959253	-0,026567463
41801	200,88281	-12,734375	-12,798589	-0,11083782	7,5095799e-05	-0,027115539	-0,027571818
41801	201,38281	-13,234375	-13,207273	-0,11369288	0,00012621423	-0,027980387	-0,028464191
41801	201,88281	-13,734375	-13,839128	-0,11758804	5,1704701e-05	-0,029287588	-0,029809266
41801	202,38281	-14,234375	-14,280448	-0,11978447	0,00017047813	-0,030222537	-0,030691773
41801	202,88281	-14,734375	-14,766171	-0,12370944	6,5683853e-05	-0,031256519	-0,031629562
41801	203,38281	-15,234375	-15,329319	-0,12771189	0,00011790032	-0,03238681	-0,032812566
41801	203,88281	-15,734375	-15,872638	-0,13048053	1,2133736e-05	-0,033478994	-0,033844806
41801	204,38281	-16,234375	-16,38558	-0,13518631	0,00010093162	-0,034672625	-0,035096012
41801	204,88281	-16,734375	-16,84565	-0,13771653	-8,1695616e-06	-0,035589084	-0,035921309
41801	205,38281	-17,234375	-17,311882	-0,14092922	0,00010213396	-0,03666918	-0,036952339
41801	205,88281	-17,734375	-17,852333	-0,1436919	4,4586603e-05	-0,037785046	-0,037988234
41801	206,38281	-18,234375	-18,331861	-0,14743805	-5,2014366e-06	-0,038753323	-0,039057486
41801	206,88281	-18,734375	-18,733686	-0,15055537	4,9714465e-05	-0,039711915	-0,039863251
41801	207,38281	-19,234375	-19,272356	-0,15337467	5,1068608e-05	-0,040876862	-0,040939782
41801	207,88281	-19,734375	-19,832422	-0,15770495	3,0444004e-05	-0,042043604	-0,042152386
41801	208,38281	-20,234375	-20,291725	-0,16026497	4,8042741e-05	-0,042933561	-0,043019563
41801	208,88281	-20,734375	-20,788746	-0,16336143	8,9139212e-05	-0,044056937	-0,044151261
41801	209,38281	-21,234375	-21,350142	-0,1657784	4,2375177e-08	-0,045177732	-0,045244545
41801	209,88281	-21,734375	-21,811756	-0,16974509	0,00011090701	-0,046181392	-0,046221912
41801	210,38281	-22,234375	-22,373888	-0,17270744	-5,9281942e-05	-0,047335818	-0,047293138
41801	210,88281	-22,734375	-22,765984	-0,1757741	8,1391539e-05	-0,048206348	-0,048148219
41801	211,38281	-23,234375	-23,355984	-0,17933547	-3,6051031e-05	-0,049466975	-0,0493051
41801	211,88281	-23,734375	-23,827206	-0,18239021	4,2663421e-05	-0,050473146	-0,050426748
41801	212,38281	-24,234375	-24,344088	-0,18600523	9,8262448e-05	-0,051473357	-0,051313441
41801	212,88281	-24,734375	-24,801565	-0,18882453	0,00013536168	-0,052525077	-0,052365199
41801	213,38281	-25,234375	-25,278149	-0,19248426	6,6687819e-05	-0,0535505	-0,053387944
41801	213,88281	-25,734375	-25,855244	-0,19556582	0,00013868278	-0,054713339	-0,054596096
41801	214,38281	-26,234375	-26,36717	-0,19799173	7,7521894e-05	-0,055828921	-0,055574466
41801	214,88281	-26,734375	-26,775356	-0,20169616	9,326404e-05	-0,056717232	-0,056366418
41801	215,38281	-27,234375	-27,364752	-0,20452142	4,3991022e-06	-0,057923678	-0,057540771
41801	215,88281	-27,734375	-27,77091	-0,20610392	8,4789004e-05	-0,058880389	-0,058545079
41801	216,38281	-28,234375	-28,269711	-0,20936728	3,6401208e-05	-0,059876416	-0,059581019
41801	216,88281	-28,734375	-28,843225	-0,21320879	0,00010378333	-0,061124306	-0,060772177
41801	217,38281	-29,234375	-29,350996	-0,21524429	7,5987075e-05	-0,062151965	-0,061915915
41801	217,88281	-29,734375	-29,79388	-0,21975935	7,6970551e-05	-0,063162521	-0,062770449
41801	218,38281	-30,234375	-30,357555	-0,22141933	7,5069256e-06	-0,064255014	-0,063912883
41801	218,88281	-30,734375	-30,823587	-0,22490025	1,1896249e-05	-0,065373443	-0,064885035
41801	219,38281	-31,234375	-31,337919	-0,22754967	4,0104147e-05	-0,066373184	-0,065962717
41801	219,88281	-31,734375	-31,798571	-0,23113787	4,8798043e-05	-0,067549542	-0,067014597
41801	220,38281	-32,234375	-32,348606	-0,23410618	9,6863601e-05	-0,068559669	-0,068013571
41801	220,88281	-32,299999	-32,32259	-0,23497045	0,00013894727	-0,06871327	-0,068168662
41801	221,38281	-32,299999	-32,390968	-0,23512244	5,6751538e-05	-0,068874545	-0,068405002
41801	221,88281	-32,299999	-32,356823	-0,23539066	0,00014713174	-0,068877429	-0,068329223
41801	222,38281	-32,299999	-32,362232	-0,23528934	0,00010031415	-0,068944946	-0,068397045
41801	222,88281	-32,299999	-32,320232	-0,23637414	0,00013562245	-0,068961531	-0,06831336
41801	223,38281	-32,299999	-32,344921	-0,23587644	4,1993801e-05	-0,068998016	-0,068440363
41801	223,88281	-32,299999	-32,303982	-0,23574531	0,00015850598	-0,069043495	-0,068521269
41801	224,38281	-32,299999	-32,385963	-0,23590624	4,7069509e-05	-0,069225907	-0,068524688
41801	224,88281	-32,299999	-32,347404	-0,23703277	0,00015316019	-0,069255605	-0,068624184
41801	225,38281	-32,299999	-32,27412	-0,23671687	5,015498e-05	-0,068956427	-0,068478249
41801	225,88281	-32,299999	-32,287292	-0,23607314	0,00010113092	-0,069100924	-0,068602219
41801	226,38281	-32,299999	-32,337372	-0,23636222	7,516006e-05	-0,069213368	-0,06870348
41801	226,88281	-32,299999	-32,324741	-0,23739338	0,00014577014	-0,069279864	-0,068678439
41801	227,38281	-32,299999	-32,292049	-0,23675561	0,00015397137	-0,069151208	-0,068670057
41801	227,88281	-32,299999	-32,371689	-0,23718774	0,00010539452	-0,069442399	-0,068895966
41801	228,38281	-32,299999	-32,324646	-0,23618042	0,00012597023	-0,069343716	-0,068750553
41801	228,88281	-32,299999	-32,335274	-0,2371639	8,0094207e-05	-0,069439277	-0,068860956
41801	229,38281	-32,299999	-32,337334	-0,23733377	0,00018400373	-0,06951391	-0,068935551
41801	229,88281	-32,299999	-32,355232	-0,23706257	5,1986892e-05	-0,069480166	-0,068942331
41801	230,38281	-32,299999	-32,337193	-0,2368331	0,00012079952	-0,069591597	-0,068998016
41801	230,88281	-32,299999	-32,302319	-0,23702383	0,00011068815	-0,069438115	-0,068767078
41801	231,38281	-32,299999	-32,350437	-0,23795068	9,5119234e-05	-0,069666289	-0,069029145
41801	231,88281	-32,299999	-32,380764	-0,23696423	9,2488248e-05	-0,069659442	-0,069037937
41801	232,38281	-32,299999	-32,247738	-0,23691058	8,9854468e-05	-0,069417164	-0,068883821
41801	232,88281	-32,299999	-32,333332	-0,23672283	8,6413231e-05	-0,069666736	-0,06910871
41801	233,38281	-32,299999	-32,195934	-0,23659468	9,015901e-05	-0,069372386	-0,068858162
41801	233,88281	-32,299999	-32,309013	-0,23779869	8,0479775e-05	-0,069637999	-0,069049761
41801	234,38281	-32,299999	-32,336494	-0,23824573	0,0001174449	-0,069711089	-0,06914293
41801	234,88281	-32,299999	-32,286098	-0,2376169	0,00011044694	-0,069646426	-0,069021069
41801	235,38281	-32,299999	-32,3433	-0,23732781	0,00013196236	-0,069818169	-0,069058612
41801	235,88281	-32,299999	-32,374168	-0,2382338	0,00013080752	-0,069921046	-0,069308117
41801	236,38281	-32,299999	-32,344193	-0,23831427	-2,4836976e-05	-0,06982132	-0,069102682
41801	236,88281	-32,299999	-32,338684	-0,23745894	0,00017687352	-0,069837816	-0,069211602
41801	237,38281	-32,299999	-32,44043	-0,23742914	5,8522914e-05	-0,070029877	-0,069337793
41801	237,88281	-32,299999	-32,334396	-0,23731589	6,782962e-05	-0,069892883	-0,069197245
41801	238,38281	-32,299999	-32,403038	-0,23888052	5,3944532e-05	-0,070009246	-0,069324218
41801	238,88281	-32,299999	-32,359447	-0,23847818	8,0300961e-05	-0,069992326	-0,069333568
41801	239,38281	-32,299999	-32,352768	-0,23826361	-8,6226501e-06	-0,069896474	-0,069289595
41801	239,88281	-32,299999	-32,348793	-0,2382189	5,587982e-05	-0,069968469	-0,069394939
41801	240,38281	-32,299999	-32,370815	-0,23768842	7,568812e-05	-0,070030935	-0,069356814
41801	240,88281	-32,299999	-32,383511	-0,23874342	-1,5094411e-05	-0,070139728	-0,069475211
41801	241,38281	-32,299999	-32,355659	-0,23779869	9,7387005e-05	-0,070041418	-0,069325089
41801	241,88281	-32,299999	-32,335617	-0,23781955	1,5672762e-05	-0,070011757	-0,06934692
41801	242,38281	-32,299999	-32,349957	-0,23860335	7,2060619e-05	-0,070063353	-0,069460176
41801	242,88281	-32,299999	-32,433464	-0,2384305	3,6060344e-05	-0,07017193	-0,069557242
41801	243,38281	-32,299999	-32,297543	-0,23810267	6,1994884e-05	-0,070012644	-0,069391035
41801	243,88281	-32,299999	-32,341637	-0,23892224	2,7296599e-05	-0,070074461	-0,069449164
41801	244,38281	-32,299999	-32,338604	-0,23806989	4,6292786e-05	-0,070117705	-0,069358423
41801	244,88281	-32,299999	-32,322464	-0,23846924	6,7346264e-05	-0,070044391	-0,069457881
41801	245,38281	-32,299999	-32,325912	-0,23891628	-6,4796768e-05	-0,070117004	-0,069498405
41801	245,88281	-32,299999	-32,382664	-0,23969114	9,9000987e-05	-0,070248976	-0,069633052
41801	246,38281	-32,299999	-32,432079	-0,23896992	6,2042382e-05	-0,070309915	-0,069741771
41801	246,88281	-32,299999	-32,302204	-0,23942888	0,00013491372	-0,070112355	-0,069422044
41801	247,38281	-32,299999	-32,388428	-0,23850203	6,4799096e-05	-0,070240945	-0,069659799
41801	247,88281	-32,299999	-32,333359	-0,23882985	6,9405418e-05	-0,070267431	-0,069561549
41801	248,38281	-32,299999	-32,374279	-0,2391994	1,578033e-05	-0,070267424	-0,069596589
41801	248,88281	-32,299999	-32,286839	-0,23944378	1,5740283e-05	-0,070147648	-0,06955757
41801	249,38281	-32,299999	-32,38031	-0,23878217	4,4853892e-05	-0,070319593	-0,069711395
41801	249,88281	-32,299999	-32,36768	-0,23882091	6,4371619e-05	-0,070342019	-0,069769189
41801	250,38281	-32,299999	-32,338337	-0,23867786	4,7838781e-05	-0,070307858	-0,06966912
41801	250,88281	-30,16621	-30,272696	-0,22786856	1,6898848e-06	-0,066308498	-0,065662071
41801	251,38281	-27,66621	-27,775829	-0,21473169	6,98152e-05	-0,061444931	-0,0609359
41801	251,88281	-25,16621	-25,25174	-0,20010769	3,0107796e-05	-0,056500465	-0,055947483
41801	252,38281	-22,66621	-22,657042	-0,18571019	0,00010045199	-0,051305182	-0,050874174
41801	252,88281	-20,16621	-20,135807	-0,17003417	-2,2308435e-05	-0,046177898	-0,045757283
41801	253,38281	-17,66621	-17,643623	-0,15538335	0,00012745941	-0,04100994	-0,040715747
41801	253,88281	-15,16621	-15,204358	-0,13884306	2,5953166e-05	-0,035773035	-0,035791129
41801	254,38281	-12,66621	-12,722387	-0,12227297	0,00010024896	-0,030547937	-0,030661603
41801	254,88281	-10,16621	-10,167186	-0,10439754	2,3938715e-05	-0,024944283	-0,025466764
41801	255,38281	-7,6662102	-7,6751337	-0,084486604	5,009165e-05	-0,019487564	-0,020243214
41801	255,88281	-5,1662102	-5,223803	-0,064301491	1,6407575e-05	-0,013977334	-0,01493213
41801	256,38281	-2,6662102	-3,5102367	-0,048020482	5,0507952e-05	-0,010047853	-0,01101893
41801	256,88281	-1	-0,9054113	-0,016459823	2,7562492e-05	-0,0039728321	-0,0043459302
41801	257,38281	-1	-0,76542979	-0,014069676	6,2589999e-05	-0,0034338273	-0,0037843778
41801	257,88281	-1	-0,71655774	-0,012251735	2,7860515e-06	-0,0032447353	-0,0035437909
41801	258,38281	-1	-0,72127765	-0,011816621	5,8211852e-05	-0,0030899048	-0,003381887
41801	258,88281	-1	-0,78200734	-0,012877584	2,6667025e-05	-0,0031355359	-0,0035006299
41801	259,38281	-1	-0,78218246	-0,013142824	6,4247753e-05	-0,0031155348	-0,0034888859
41801	259,88281	-1	-0,86672419	-0,01360178	5,9410464e-05	-0,003218811	-0,0036251768
41801	260,38281	-1	-0,93205088	-0,014227629	9,3882438e-05	-0,0033536255	-0,0037295136
41801	260,88281	-1	-0,95013714	-0,013980269	9,8680612e-05	-0,0033396073	-0,0036951592
41801	261,38281	-1	-0,96594542	-0,013542175	4,0287618e-05	-0,0033487193	-0,0037470115
41801	261,88281	-1	-0,94129705	-0,014039874	6,2226783e-05	-0,003321711	-0,0037419493
41801	262,38281	-1	-0,95826757	-0,013843179	5,8130827e-05	-0,0031817444	-0,0037506388
41801	262,88281	-1	-1,010554	-0,01513958	5,6442805e-06	-0,0033266023	-0,0037820353
41801	263,38281	-1	-1,0583662	-0,014799833	0,00011699041	-0,0034802295	-0,0039067385
41801	263,88281	-1	-1,0304023	-0,014996529	-6,6468492e-06	-0,0033257306	-0,003666081
41801	264,38281	-1	-1,0281727	-0,014764071	7,1586575e-05	-0,0033384301	-0,0038346443
41801	264,88281	-1	-1,0431614	-0,014865398	1,0534655e-05	-0,0032367595	-0,0036615764
41801	265,38281	-1	-0,95518863	-0,013259053	3,5125297e-05	-0,0031164438	-0,0035576988
41801	265,88281	-1	-0,97445399	-0,014036894	2,3711007e-05	-0,0031056367	-0,003527466
41801	266,38281	-1	-0,95698053	-0,014513731	8,0189202e-05	-0,0030808039	-0,0035920513
41801	266,88281	-1	-1,0402613	-0,015074015	-1,2204982e-06	-0,0031887777	-0,020694865
41801	267,38281	-1	-1,0189991	-0,013694167	4,8391055e-05	-0,0032351948	0,97724527
41801	267,88281	-1	-1,0316819	-0,013965368	9,5646828e-07	-0,0031332225	-2,7648106
41801	268,38281	-1	-0,96602738	-0,013837218	0,00012646755	-0,0030059442	0,59106618
41801	268,88281	-1	-1,0095779	-0,014656782	7,0128124e-05	-0,0031378902	0,53432012
41801	269,38281	-1	-1,0038409	-0,014081597	7,6797325e-05	-0,0030469634	0,50936288
41801	269,88281	-1	-1,0001119	-0,014021993	4,0594023e-05	-0,0030631348	0,5145781
41801	270,38281	-1	-1,0547973	-0,014027953	-4,8941001e-06	1,277297	0,53424323
41801	270,88281	-1	-1,0839366	-0,015109777	2,8068665e-05	-2,583009	0,53795272
41801	271,38281	-1	-1,0545924	-0,013834238	5,9008133e-05	0,9294641	0,53964901
41801	271,88281	-1	-1,0355972	-0,014737248	7,2224066e-06	1,0515562	0,54307175
41801	272,38281	-1	-1,0595564	-0,015220046	8,3034392e-05	1,0437498	0,54492933
41801	272,88281	-1	-0,99750048	-0,013127923	2,3222994e-05	1,0401006	0,54626375
41801	273,38281	-1	-0,96730518	-0,013127923	7,2962139e-05	1,0388949	0,54735148
41801	273,88281	-1	-1,041932	-0,014358759	-0,00012776814	1,0385453	0,54856288
41801	274,38281	-1	-0,9778347	-0,013446808	9,9990051e-05	1,0382239	0,54985285
41801	274,88281	-1	-1,0441244	-0,013843179	-4,9941707e-05	1,0378482	0,55050999
41801	275,38281	-1	-0,98869574	-0,01295805	1,9181054e-05	1,0377403	0,55137128
41801	275,88281	-1	-1,0734723	-0,013533235	-1,6377773e-05	1,0373534	0,55179143
41801	276,38281	-1	-1,0215547	-0,013771653	7,4170996e-05	1,0372555	0,55239141
41801	276,88281	-1	-1,0384973	-0,013712049	4,6291854e-05	1,0368818	0,55270213
41801	277,38281	-1	-0,99749118	-0,013062358	3,4241471e-05	1,0366364	0,55300343
41801	277,88281	-1	-1,0982491	-0,013798475	2,3583882e-05	1,0362639	0,5534448
41801	278,38281	-1	-0,98261052	-0,013872981	3,8851984e-05	1,0355344	0,55385947
41801	278,88281	-1	-1,0215342	-0,013634562	3,593415e-05	1,0354331	0,55407405
41801	279,38281	-1	-1,0907352	-0,013357401	-5,5213459e-06	1,034775	0,55448645
41801	279,88281	0	0,071780756	2,3634255	4,1504856e-05	1,0348426	0,55421114

Datenerfassung						Zeit:	280,14453	s	11.06.2014 14:50:45
Ch 1 Kraft	Ch 1 Weg	1944 A	1944 B	1281068
kN	mm	mm	mm	mm
0,11733361	4,8308105	0,00026924955	1,6012235	2,957902
-33,429356	-0,24065077	-0,00025790324	-2,8791022	-2,7872534
