Datum : 	31.05.2011
Durchmesser in mm	149,4
Datum	Laufzeit	Ch 1 Kraft Sollwert	Ch 1 Kraft	Ch 1 Weg	1944 A	1944 B	1281068
d	s	kN	kN	mm	mm	mm	mm
41878	137,96289	-1,4980469	-1,3927873	-0,0020772219	-0,00047331303	-0,00047942251	-0,00022013397
41878	138,46289	-1,9980469	-1,3528857	-0,0025242567	-0,00052987039	-0,00048451498	-0,00013643608
41878	138,96289	-2,4980469	-2,3885818	-0,0095695257	-0,001811713	-0,0018163435	-0,00085511256
41878	139,46289	-2,9980469	-3,0667279	-0,01603663	-0,0026379302	-0,0026157461	-0,0014711535
41878	139,96289	-3,4980469	-3,6616902	-0,018700957	-0,0033710375	-0,0033341125	-0,0018328574
41878	140,46289	-3,9980469	-4,1712484	-0,021880865	-0,0039974898	-0,0039759502	-0,0023597318
41878	140,96289	-4,4980469	-4,6743302	-0,026357174	-0,0047102123	-0,0044759773	-0,0027491448
41878	141,46289	-4,9980469	-5,1381531	-0,029915571	-0,0051924586	-0,0051065572	-0,0031629121
41878	141,96289	-5,4980469	-5,6493673	-0,031664968	-0,0059284344	-0,0056265108	-0,0035243074
41878	142,46289	-5,9980469	-6,0749183	-0,034609437	-0,006360583	-0,0062659904	-0,0039690938
41878	142,96289	-6,4980469	-6,5785089	-0,039553642	-0,0070559978	-0,0068009757	-0,0043351208
41878	143,46289	-6,9980469	-7,0759263	-0,041905046	-0,0076601729	-0,0074569248	-0,0046868525
41878	143,96289	-7,4980469	-7,5339518	-0,044801831	-0,0082324073	-0,0080182329	-0,0051718373
41878	144,46289	-7,9980469	-8,0309973	-0,048154593	-0,0088633224	-0,0086433776	-0,0056292573
41878	144,96289	-8,4980469	-8,524332	-0,050932169	-0,0095562562	-0,0092286468	-0,0059894663
41878	145,46289	-8,9980469	-9,02178	-0,053152442	-0,010164097	-0,0097993389	-0,0064283754
41878	145,96289	-9,4980469	-9,5801897	-0,055712461	-0,010873154	-0,010426551	-0,0069989515
41878	146,46289	-9,9980469	-10,063273	-0,05954206	-0,011421017	-0,01097545	-0,0074131805
41878	146,96289	-10,498047	-10,5851	-0,061753392	-0,01205083	-0,011601727	-0,0079277148
41878	147,46289	-10,998047	-11,060282	-0,063928962	-0,012644164	-0,012145758	-0,008464939
41878	147,96289	-11,498047	-11,53158	-0,066283345	-0,013172895	-0,012786709	-0,0088671884
41878	148,46289	-11,998047	-12,030333	-0,069409609	-0,013819009	-0,013323072	-0,009369134
41878	148,96289	-12,498047	-12,478541	-0,07134378	-0,014300391	-0,013868969	-0,0097322166
41878	149,46289	-12,998047	-12,982428	-0,073623657	-0,014893182	-0,014479388	-0,01028083
41878	149,96289	-13,498047	-13,460664	-0,075635314	-0,015367828	-0,014994111	-0,010937052
41878	150,46289	-13,998047	-13,969099	-0,077804923	-0,015933022	-0,015592415	-0,011337786
41878	150,96289	-14,498047	-14,515618	-0,081390142	-0,016595133	-0,01622016	-0,011961901
41878	151,46289	-14,998047	-15,017567	-0,082701445	-0,017213106	-0,016776226	-0,012452541
41878	151,96289	-15,498047	-15,520106	-0,085780025	-0,017845314	-0,017400749	-0,013032227
41878	152,46289	-15,998047	-16,061785	-0,088465214	-0,01842976	-0,018093202	-0,013504919
41878	152,96289	-16,498047	-16,497606	-0,089821219	-0,01899787	-0,01857508	-0,014081204
41878	153,46289	-16,998047	-16,978487	-0,092363358	-0,019515913	-0,019225098	-0,014580356
41878	153,96289	-17,498047	-17,484274	-0,094637275	-0,020029932	-0,019787926	-0,015092201
41878	154,46289	-17,998047	-17,977671	-0,097715855	-0,020607017	-0,020329602	-0,015621094
41878	154,96289	-18,498047	-18,50037	-0,099611282	-0,021238443	-0,020905267	-0,016150968
41878	155,46289	-18,998047	-19,031143	-0,10279715	-0,021848127	-0,021528527	-0,016807893
41878	155,96289	-19,498047	-19,539145	-0,1037389	-0,022430599	-0,022200264	-0,017254647
41878	156,46289	-19,998047	-20,046135	-0,10589957	-0,022972863	-0,02276681	-0,017954016
41878	156,96289	-20,498047	-20,56085	-0,10931492	-0,023608748	-0,023327045	-0,018512938
41878	157,46289	-20,998047	-21,052235	-0,11121035	-0,02415381	-0,023892604	-0,018928036
41878	157,96289	-21,498047	-21,503817	-0,1139611	-0,024662066	-0,024478527	-0,019557029
41878	158,46289	-21,998047	-22,035028	-0,11486709	-0,025297258	-0,025057768	-0,020088693
41878	158,96289	-22,498047	-22,465879	-0,11775494	-0,025814045	-0,025614806	-0,020582782
41878	159,46289	-22,998047	-22,982367	-0,1188606	-0,026344623	-0,026149254	-0,021104276
41878	159,96289	-23,498047	-23,491495	-0,12255609	-0,027053889	-0,026774274	-0,021730993
41878	160,46289	-23,998047	-23,992146	-0,12408793	-0,027478334	-0,027324108	-0,022231668
41878	160,96289	-24,498047	-24,536285	-0,1262933	-0,028152853	-0,027968688	-0,022877634
41878	161,46289	-24,998047	-25,07056	-0,1288265	-0,028787538	-0,028589519	-0,023372347
41878	161,96289	-25,498047	-25,553724	-0,13018548	-0,029330306	-0,029185712	-0,023968669
41878	162,46289	-25,998047	-26,08028	-0,13298392	-0,029979222	-0,029803906	-0,024575133
41878	162,96289	-26,498047	-26,530403	-0,13492703	-0,030518726	-0,030372016	-0,025123071
41878	163,46289	-26,998047	-27,014498	-0,13769567	-0,031033982	-0,030968279	-0,02572049
41878	163,96289	-27,498047	-27,498724	-0,13849139	-0,031596929	-0,031496949	-0,026229467
41878	164,46289	-27,998047	-27,955006	-0,14117062	-0,032116875	-0,031960174	-0,026744468
41878	164,96289	-28,498047	-28,485703	-0,14290214	-0,032760747	-0,032649197	-0,0274246
41878	165,46289	-28,998047	-29,009853	-0,14518201	-0,033323545	-0,033251941	-0,027922729
41878	165,96289	-29,498047	-29,506128	-0,14718771	-0,033860371	-0,033846498	-0,028529052
41878	166,46289	-29,998047	-30,044586	-0,14915168	-0,034543302	-0,034471393	-0,029139001
41878	166,96289	-30,498047	-30,58849	-0,15154779	-0,035202738	-0,035039786	-0,029767206
41878	167,46289	-30,998047	-31,01634	-0,1537472	-0,035622951	-0,035601415	-0,030236002
41878	167,96289	-31,498047	-31,545992	-0,1557529	-0,036334515	-0,036221344	-0,030828012
41878	168,46289	-31,998047	-31,985771	-0,15752614	-0,036774866	-0,036701724	-0,031479333
41878	168,96289	-32,498047	-32,470028	-0,15931427	-0,037361577	-0,037318684	-0,031867068
41878	169,46289	-32,998047	-32,953171	-0,16185343	-0,037909348	-0,037895113	-0,032511599
41878	169,96289	-33,498047	-33,460552	-0,16375184	-0,038448565	-0,038545832	-0,033023845
41878	170,46289	-33,998047	-33,995575	-0,16498864	-0,03912605	-0,039084114	-0,03368995
41878	170,96289	-34,498047	-34,51078	-0,16747713	-0,039688226	-0,039735548	-0,034312427
41878	171,46289	-34,998047	-35,034424	-0,17027259	-0,040297903	-0,040333293	-0,034883134
41878	171,96289	-35,498047	-35,585686	-0,17229915	-0,04098979	-0,040938042	-0,03561781
41878	172,46289	-35,998047	-36,068054	-0,17499328	-0,041502777	-0,041516155	-0,036021978
41878	172,96289	-36,498047	-36,532848	-0,17588139	-0,04205494	-0,042130955	-0,036740329
41878	173,46289	-36,998047	-37,045948	-0,17920434	-0,042659361	-0,042699941	-0,037152864
41878	173,96289	-37,498047	-37,481705	-0,17994642	-0,043173369	-0,043231204	-0,037801608
41878	174,46289	-37,998047	-37,95948	-0,18130243	-0,043668959	-0,04372859	-0,038397994
41878	174,96289	-38,498047	-38,478779	-0,18471479	-0,044338506	-0,044320192	-0,038929079
41878	175,46289	-38,998047	-38,989746	-0,18647909	-0,044937756	-0,044993546	-0,039539468
41878	175,96289	-39,498047	-39,541603	-0,18849671	-0,045620561	-0,045640618	-0,040165566
41878	176,46289	-39,998047	-40,038712	-0,18979311	-0,046174213	-0,046194535	-0,040874604
41878	176,96289	-39,506836	-39,53875	-0,18924475	-0,045697831	-0,045801703	-0,04027275
41878	177,46289	-39,006836	-39,019859	-0,18672347	-0,045113131	-0,045288384	-0,039794575
41878	177,96289	-38,506836	-38,464371	-0,1853466	-0,044530701	-0,044683445	-0,039208673
41878	178,46289	-38,006836	-37,929005	-0,18382967	-0,043991029	-0,044134483	-0,038714997
41878	178,96289	-37,506836	-37,432217	-0,18238723	-0,043446407	-0,043604527	-0,038092148
41878	179,46289	-37,006836	-36,937527	-0,18010139	-0,04290105	-0,043122746	-0,037689675
41878	179,96289	-36,506836	-36,414471	-0,1794517	-0,04240381	-0,042556826	-0,037174731
41878	180,46289	-36,006836	-35,993938	-0,17715096	-0,041993625	-0,042097446	-0,036539268
41878	180,96289	-35,506836	-35,506519	-0,17519593	-0,041478068	-0,041538745	-0,036212001
41878	181,46289	-35,006836	-34,994293	-0,17317533	-0,040881485	-0,041091982	-0,035580177
41878	181,96289	-34,506836	-34,562706	-0,17215908	-0,040429682	-0,040596746	-0,035051793
41878	182,46289	-34,006836	-34,002277	-0,17033517	-0,039843552	-0,040033184	-0,034551118
41878	182,96289	-33,506836	-33,465252	-0,16881526	-0,03931151	-0,03942246	-0,034010168
41878	183,46289	-33,006836	-32,999424	-0,16648769	-0,038688537	-0,038921118	-0,03346128
41878	183,96289	-32,506836	-32,428432	-0,16497672	-0,03814761	-0,038380012	-0,032895535
41878	184,46289	-32,006836	-31,961563	-0,16323924	-0,03764303	-0,037848271	-0,032444261
41878	184,96289	-31,506836	-31,462929	-0,16157031	-0,037065174	-0,037337959	-0,031857748
41878	185,46289	-31,006836	-30,976923	-0,15974343	-0,036542881	-0,036777124	-0,031319704
41878	185,96289	-30,506836	-30,544659	-0,15690029	-0,036052831	-0,036311641	-0,03084296
41878	186,46289	-30,006836	-30,016926	-0,15625954	-0,035480592	-0,03579402	-0,030332003
41878	186,96289	-29,506836	-29,538824	-0,15439093	-0,034980033	-0,035203621	-0,02965262
41878	187,46289	-29,006836	-29,036245	-0,15198886	-0,034432754	-0,03470552	-0,029209841
41878	187,96289	-28,506836	-28,461691	-0,14964938	-0,033774175	-0,034039594	-0,028547721
41878	188,46289	-28,006836	-27,989403	-0,14855266	-0,033359997	-0,033519544	-0,028075371
41878	188,96289	-27,506836	-27,442635	-0,14594197	-0,032658748	-0,032911435	-0,027464097
41878	189,46289	-27,006836	-26,964998	-0,14499426	-0,03212988	-0,032349057	-0,026847333
41878	189,96289	-26,506836	-26,435848	-0,1421541	-0,031598601	-0,031831361	-0,026356816
41878	190,46289	-26,006836	-25,966816	-0,14081299	-0,031042259	-0,031401061	-0,025853515
41878	190,96289	-25,506836	-25,52462	-0,13861656	-0,030560344	-0,030859867	-0,025396731
41878	191,46289	-25,006836	-25,01907	-0,136742	-0,029974423	-0,030235901	-0,024791153
41878	191,96289	-24,506836	-24,528589	-0,13495684	-0,029452562	-0,029792514	-0,024270302
41878	192,46289	-24,006836	-24,03936	-0,13335347	-0,028884619	-0,029246558	-0,023787558
41878	192,96289	-23,506836	-23,491611	-0,1313448	-0,028265566	-0,028680513	-0,023180407
41878	193,46289	-23,006836	-23,024649	-0,12806654	-0,027787901	-0,028051104	-0,022604471
41878	193,96289	-22,506836	-22,465542	-0,12737811	-0,027129903	-0,027508533	-0,021987509
41878	194,46289	-22,006836	-21,907459	-0,12513697	-0,026459645	-0,026966544	-0,021454481
41878	194,96289	-21,506836	-21,480589	-0,12276471	-0,026012193	-0,026364246	-0,020850861
41878	195,46289	-21,006836	-20,989702	-0,11986494	-0,025422823	-0,025799274	-0,020419046
41878	195,96289	-20,506836	-20,49617	-0,11827946	-0,024841763	-0,025315747	-0,019893942
41878	196,46289	-20,006836	-20,062485	-0,11680126	-0,024375614	-0,024849888	-0,019327128
41878	196,96289	-19,506836	-19,526602	-0,11346936	-0,023704849	-0,024261244	-0,018857459
41878	197,46289	-19,006836	-19,056591	-0,11286139	-0,023166217	-0,023726922	-0,018187642
41878	197,96289	-18,506836	-18,519152	-0,11141002	-0,022599529	-0,023100879	-0,017799614
41878	198,46289	-18,006836	-18,004906	-0,10913908	-0,021959372	-0,022512697	-0,017056469
41878	198,96289	-17,506836	-17,468897	-0,10547638	-0,02131984	-0,022000354	-0,016670153
41878	199,46289	-17,006836	-16,92277	-0,10318458	-0,020708431	-0,021370899	-0,015995448
41878	199,96289	-16,506836	-16,476717	-0,10183454	-0,020185009	-0,020916108	-0,015418514
41878	200,46289	-16,006836	-15,955389	-0,099626184	-0,019653786	-0,020252854	-0,015014067
41878	200,96289	-15,506836	-15,534342	-0,097545981	-0,019105773	-0,019767996	-0,014417477
41878	201,46289	-15,006836	-15,069582	-0,094079971	-0,018564831	-0,019323237	-0,013992039
41878	201,96289	-14,506836	-14,521463	-0,09200573	-0,017949309	-0,018740147	-0,013342788
41878	202,46289	-14,006836	-14,030438	-0,089472532	-0,017365787	-0,01812895	-0,012836822
41878	202,96289	-13,506836	-13,493417	-0,088435411	-0,01672164	-0,017506402	-0,012259831
41878	203,46289	-13,006836	-12,989883	-0,085741282	-0,016108043	-0,01692117	-0,011656689
41878	203,96289	-12,506836	-12,484061	-0,083184242	-0,015522577	-0,016280841	-0,011111477
41878	204,46289	-12,006836	-11,95666	-0,080084801	-0,014862694	-0,015779696	-0,010518288
41878	204,96289	-11,506836	-11,464348	-0,077617168	-0,014244534	-0,015114959	-0,010013243
41878	205,46289	-11,006836	-10,93044	-0,07558763	-0,013586886	-0,014586847	-0,0094647966
41878	205,96289	-10,506836	-10,550526	-0,07262826	-0,013194337	-0,014220133	-0,0090296753
41878	206,46289	-10,006836	-10,059399	-0,070357323	-0,012574956	-0,013591889	-0,0085276719
41878	206,96289	-9,5068359	-9,6492949	-0,068706274	-0,012054078	-0,013074085	-0,0081289979
41878	207,46289	-9,0068359	-9,4002066	-0,066959858	-0,011760615	-0,012716111	-0,0078549944
41878	207,96289	-8,5068359	-8,4310217	-0,062891841	-0,01050546	-0,011635609	-0,006918367
41878	208,46289	-8,0068359	-7,9163976	-0,059276819	-0,0098478273	-0,01104331	-0,0064490368
41878	208,96289	-7,5068359	-7,463604	-0,056478381	-0,0092696995	-0,010503475	-0,005878123
41878	209,46289	-7,0068359	-6,9643893	-0,05299747	-0,0085427314	-0,0098658986	-0,0054619093
41878	209,96289	-6,5068359	-6,5110216	-0,050851703	-0,0079802424	-0,0093291961	-0,0050752754
41878	210,46289	-6,0068359	-5,9953947	-0,047677755	-0,0073566884	-0,0086771473	-0,0045698923
41878	210,96289	-5,5068359	-5,4845195	-0,044825673	-0,0066738278	-0,0080529675	-0,0040619592
41878	211,46289	-5,0068359	-4,9873757	-0,041514635	-0,0059213042	-0,0073849373	-0,0035997238
41878	211,96289	-4,5068359	-4,4529028	-0,038230419	-0,0051933527	-0,0067339204	-0,0031488312
41878	212,46289	-4,0068359	-3,9484911	-0,033852458	-0,0045362711	-0,0061323494	-0,0026632131
41878	212,96289	-3,5068359	-3,4596603	-0,030851364	-0,0038681552	-0,0054288693	-0,002252466
41878	213,46289	-3,0068359	-2,9218533	-0,026476383	-0,0031603649	-0,004743278	-0,0018498905
41878	213,96289	-2,5068359	-2,4739151	-0,022900105	-0,0025467351	-0,0040002018	-0,0014507562
41878	214,46289	-2,0068359	-1,9494984	-0,018697977	-0,0018741861	-0,0033343062	-0,001034177
41878	214,96289	-1,5068359	-1,4599301	-0,015211105	-0,0011701584	-0,0025959276	-0,00074587617
41878	215,46289	-1,0068359	-1,0079592	-0,0086992979	-0,00042148679	-0,0017680004	-0,00054964377
41878	215,96289	-1,4882813	-1,3291817	-0,011497736	-0,00085414946	-0,0022988245	-0,00070203474
41878	216,46289	-1,9882813	-1,4850646	-0,012236834	-0,0010786206	-0,0024428032	-0,00079038687
41878	216,96289	-2,4882813	-2,3884251	-0,019544363	-0,0020776764	-0,0037913397	-0,0011760491
41878	217,46289	-2,9882813	-2,9633622	-0,024688244	-0,0028787702	-0,004497163	-0,0017446047
41878	217,96289	-3,4882813	-3,6435015	-0,028505921	-0,0035808161	-0,0054506138	-0,002246741
41878	218,46289	-3,9882813	-4,1284914	-0,030955672	-0,0042273924	-0,0060723126	-0,0025992154
41878	218,96289	-4,4882813	-4,6296453	-0,033646822	-0,004853487	-0,0066799447	-0,0030076888
41878	219,46289	-4,9882813	-5,0613546	-0,037381053	-0,0053475127	-0,0072215833	-0,0034240978
41878	219,96289	-5,4882813	-5,5125709	-0,040841103	-0,0059157759	-0,0076579116	-0,0038105494
41878	220,46289	-5,9882813	-6,0910096	-0,044029951	-0,0066422299	-0,0084673055	-0,0042105136
41878	220,96289	-6,4882813	-6,5640287	-0,046977401	-0,0072606131	-0,0090124793	-0,0047853552
41878	221,46289	-6,9882813	-7,0525761	-0,048467517	-0,0078174174	-0,0096108913	-0,0051693968
41878	221,96289	-7,4882813	-7,5788217	-0,053524971	-0,0084495917	-0,010212835	-0,0056555485
41878	222,46289	-7,9882813	-8,0443573	-0,054335594	-0,0090864077	-0,010819569	-0,0060042171
41878	222,96289	-8,4882813	-8,4989758	-0,057673454	-0,0096321255	-0,011289455	-0,0065024551
41878	223,46289	-8,9882813	-9,0247192	-0,060468912	-0,010266945	-0,011922088	-0,0070481757
41878	223,96289	-9,4882813	-9,4811926	-0,063300133	-0,01082246	-0,012401115	-0,0074456651
41878	224,46289	-9,9882813	-9,9466438	-0,065368414	-0,011404283	-0,013040572	-0,0078489259
41878	224,96289	-10,488281	-10,490239	-0,06865263	-0,012115747	-0,013585348	-0,0083958311
41878	225,46289	-10,988281	-10,985706	-0,070589781	-0,012648478	-0,01422403	-0,0089001618
41878	225,96289	-11,488281	-11,506883	-0,072064996	-0,01322519	-0,01476147	-0,009397543
41878	226,46289	-11,988281	-12,044182	-0,076648593	-0,013830416	-0,015374172	-0,0099881701
41878	226,96289	-12,488281	-12,540057	-0,078049302	-0,014431894	-0,015909284	-0,010445562
41878	227,46289	-12,988281	-13,071348	-0,080516934	-0,015065715	-0,016559958	-0,011234526
41878	227,96289	-13,488281	-13,515162	-0,082811713	-0,01553148	-0,017101899	-0,011627904
41878	228,46289	-13,988281	-13,962872	-0,084501505	-0,016049065	-0,017542258	-0,012197237
41878	228,96289	-14,488281	-14,469745	-0,08739531	-0,016648188	-0,018152345	-0,012664783
41878	229,46289	-14,988281	-14,930511	-0,089639425	-0,017138649	-0,018652249	-0,013082988
41878	229,96289	-15,488281	-15,462268	-0,091567636	-0,017819248	-0,019274302	-0,013713506
41878	230,46289	-15,988281	-15,976856	-0,093400478	-0,018413354	-0,01981641	-0,014243335
41878	230,96289	-16,488281	-16,48897	-0,096663833	-0,018986613	-0,02040473	-0,014838247
41878	231,46289	-16,988281	-17,056311	-0,098213553	-0,019680761	-0,021036673	-0,015471129
41878	231,96289	-17,488281	-17,54348	-0,10074079	-0,020071503	-0,021574192	-0,015943585
41878	232,46289	-17,988281	-18,038881	-0,1036346	-0,020707559	-0,022131093	-0,016594592
41878	232,96289	-18,488281	-18,52643	-0,10471642	-0,021270853	-0,022684675	-0,01700416
41878	233,46289	-18,988281	-18,970114	-0,10618865	-0,021748833	-0,023245409	-0,01760176
41878	233,96289	-19,488281	-19,425966	-0,10865927	-0,022335745	-0,02378349	-0,017975487
41878	234,46289	-19,988281	-19,939623	-0,11059642	-0,022913765	-0,024318282	-0,018636582
41878	234,96289	-20,488281	-20,447903	-0,11328757	-0,023489375	-0,024869446	-0,019207226
41878	235,46289	-20,988281	-20,995653	-0,11574924	-0,024127077	-0,025383631	-0,019751836
41878	235,96289	-21,488281	-21,481987	-0,11671782	-0,024640962	-0,026039941	-0,020425085
41878	236,46289	-21,988281	-21,983107	-0,11937916	-0,025221348	-0,02663221	-0,020898171
41878	236,96289	-22,488281	-22,585421	-0,12121201	-0,025938772	-0,027255015	-0,021568792
41878	237,46289	-22,988281	-23,036432	-0,12459159	-0,02641926	-0,027738018	-0,022059862
41878	237,96289	-23,488281	-23,52466	-0,12512803	-0,027001999	-0,028330991	-0,022706944
41878	238,46289	-23,988281	-24,002644	-0,12761056	-0,027546555	-0,028875815	-0,023199769
41878	238,96289	-24,488281	-24,449638	-0,13019443	-0,028045245	-0,029356427	-0,023671919
41878	239,46289	-24,988281	-24,948786	-0,13185143	-0,02858657	-0,029917352	-0,024232296
41878	239,96289	-25,488281	-25,43125	-0,13517439	-0,029224332	-0,030473676	-0,024723085
41878	240,46289	-25,988281	-25,956528	-0,13625324	-0,029787797	-0,031152951	-0,025403205
41878	240,96289	-26,488281	-26,520758	-0,13763905	-0,03044451	-0,031618468	-0,02597481
41878	241,46289	-26,988281	-27,046547	-0,14031529	-0,030982587	-0,032238424	-0,026644992
41878	241,96289	-27,488281	-27,534359	-0,14130473	-0,031558748	-0,032776155	-0,027158564
41878	242,46289	-27,988281	-28,085867	-0,14441907	-0,032234862	-0,033397377	-0,027748646
41878	242,96289	-28,488281	-28,511959	-0,14597774	-0,032610446	-0,033930406	-0,028392952
41878	243,46289	-28,988281	-28,985739	-0,14816225	-0,03319877	-0,034420032	-0,028737582
41878	243,96289	-29,488281	-29,466938	-0,15072525	-0,033727702	-0,035042159	-0,029355366
41878	244,46289	-29,988281	-29,925211	-0,15243888	-0,034341749	-0,035569027	-0,029819967
41878	244,96289	-30,488281	-30,448311	-0,15392005	-0,034938656	-0,036091007	-0,030471444
41878	245,46289	-30,988281	-31,00449	-0,15715063	-0,035541039	-0,036749933	-0,031097077
41878	245,96289	-31,488281	-31,507236	-0,15816092	-0,036059622	-0,037361301	-0,03166109
41878	246,46289	-31,988281	-31,995682	-0,15887618	-0,036618251	-0,037848063	-0,032190677
41878	246,96289	-32,488281	-32,564583	-0,162521	-0,03731823	-0,038563751	-0,032827299
41878	247,46289	-32,988281	-33,065521	-0,1636982	-0,037876647	-0,039120279	-0,033392131
41878	247,96289	-33,488281	-33,52948	-0,16523898	-0,038414445	-0,03966438	-0,034001257
41878	248,46289	-33,988281	-33,989616	-0,16875267	-0,038924936	-0,040194713	-0,034491457
41878	248,96289	-34,488281	-34,446957	-0,16926825	-0,039427705	-0,040761963	-0,035050947
41878	249,46289	-34,988281	-34,960136	-0,17158091	-0,0400475	-0,041265614	-0,035605922
41878	249,96289	-35,488281	-35,444363	-0,17294288	-0,040605467	-0,041949518	-0,036204521
41878	250,46289	-35,988281	-35,969479	-0,175488	-0,041185796	-0,042407356	-0,036776591
41878	250,96289	-36,488281	-36,489628	-0,17855465	-0,041830834	-0,04306218	-0,037329238
41878	251,46289	-36,988281	-37,010551	-0,18005967	-0,042344477	-0,043672331	-0,037917167
41878	251,96289	-37,488281	-37,525124	-0,18229783	-0,042939216	-0,044210374	-0,038622491
41878	252,46289	-37,988281	-38,057602	-0,18458962	-0,043617409	-0,04480328	-0,039151311
41878	252,96289	-38,488281	-38,54517	-0,18425882	-0,04417596	-0,045483343	-0,039665487
41878	253,46289	-38,988281	-39,030121	-0,18822551	-0,044676073	-0,046058133	-0,040360514
41878	253,96289	-38,516602	-38,520378	-0,18553138	-0,044197146	-0,045509495	-0,039759029
41878	254,46289	-38,016602	-37,947735	-0,1832515	-0,043561943	-0,04489027	-0,039226592
41878	254,96289	-37,516602	-37,428982	-0,18129945	-0,043068491	-0,044332027	-0,038655721
41878	255,46289	-37,016602	-36,954861	-0,18104613	-0,042528208	-0,043810397	-0,038106672
41878	255,96289	-36,516602	-36,510429	-0,1788646	-0,042105693	-0,043362632	-0,037769586
41878	256,46289	-36,016602	-36,013634	-0,17705858	-0,041492131	-0,042853314	-0,037152208
41878	256,96289	-35,516602	-35,52853	-0,17558932	-0,041041438	-0,042380661	-0,036571272
41878	257,46289	-35,016602	-35,053879	-0,17312765	-0,040564653	-0,041881096	-0,036201283
41878	257,96289	-34,516602	-34,518532	-0,17178655	-0,03999918	-0,041361339	-0,035510521
41878	258,46289	-34,016602	-33,967754	-0,17062724	-0,039344136	-0,040746711	-0,034911364
41878	258,96289	-33,516602	-33,485847	-0,16839504	-0,038822699	-0,040178232	-0,034406375
41878	259,46289	-33,016602	-32,951683	-0,16556978	-0,038230792	-0,039657988	-0,033875093
41878	259,96289	-32,516602	-32,444027	-0,16519725	-0,037732176	-0,039079227	-0,033306118
41878	260,46289	-32,016602	-31,993784	-0,16324222	-0,037216093	-0,038617603	-0,032835081
41878	260,96289	-31,516602	-31,511784	-0,1616329	-0,03676527	-0,038110189	-0,03242524
41878	261,46289	-31,016602	-31,016926	-0,15954077	-0,036176097	-0,037540153	-0,031814516
41878	261,96289	-30,516602	-30,575233	-0,15747249	-0,035712369	-0,037037477	-0,031328533
41878	262,46289	-30,016602	-30,05715	-0,15690029	-0,035170581	-0,036541723	-0,030822929
41878	262,96289	-29,516602	-29,492628	-0,15396476	-0,034548845	-0,035976693	-0,030219374
41878	263,46289	-29,016602	-29,004669	-0,15273988	-0,034014739	-0,035379186	-0,029629296
41878	263,96289	-28,516602	-28,454046	-0,14978945	-0,033418488	-0,034825683	-0,029044695
41878	264,46289	-28,016602	-27,929893	-0,14776289	-0,032760851	-0,034260847	-0,028450664
41878	264,96289	-27,516602	-27,474796	-0,14727414	-0,032312497	-0,03373142	-0,027972605
41878	265,46289	-27,016602	-27,013515	-0,14542639	-0,031742088	-0,033270188	-0,027446825
41878	265,96289	-26,516602	-26,49259	-0,14329553	-0,031171147	-0,032629594	-0,026958015
41878	266,46289	-26,016602	-26,042488	-0,14130473	-0,030692969	-0,032169253	-0,026420843
41878	266,96289	-25,516602	-25,57555	-0,13955534	-0,030208878	-0,031649668	-0,02587343
41878	267,46289	-25,016602	-25,056086	-0,13716519	-0,029743493	-0,031202702	-0,025376925
41878	267,96289	-24,516602	-24,499331	-0,13499558	-0,028972786	-0,030583948	-0,024629818
41878	268,46289	-24,016602	-24,023335	-0,1335144	-0,028510273	-0,029956784	-0,024175182
41878	268,96289	-23,516602	-23,457205	-0,13147593	-0,02781532	-0,029355144	-0,023509638
41878	269,46289	-23,016602	-22,941483	-0,12928247	-0,027285624	-0,028748408	-0,022996109
41878	269,96289	-22,516602	-22,467989	-0,12748241	-0,02676107	-0,028263597	-0,022383451
41878	270,46289	-22,016602	-21,972147	-0,12460649	-0,026180707	-0,027680242	-0,021958379
41878	270,96289	-21,516602	-21,510101	-0,12340844	-0,025668535	-0,02722225	-0,021386718
41878	271,46289	-21,016602	-21,078775	-0,1216799	-0,025174964	-0,026741132	-0,020907514
41878	271,96289	-20,516602	-20,566187	-0,11949539	-0,02454837	-0,026197493	-0,020417202
41878	272,46289	-20,016602	-20,018763	-0,11612475	-0,023941413	-0,025617762	-0,019798242
41878	272,96289	-19,516602	-19,545095	-0,11447072	-0,023444045	-0,025001332	-0,019243797
41878	273,46289	-19,016602	-18,995428	-0,11380911	-0,02267836	-0,024411058	-0,018680928
41878	273,96289	-18,516602	-18,446501	-0,11077523	-0,022125728	-0,023877304	-0,018094646
41878	274,46289	-18,016602	-17,987186	-0,10794997	-0,021608796	-0,023297198	-0,017495299
41878	274,96289	-17,516602	-17,448168	-0,10714233	-0,020993695	-0,022760417	-0,016959434
41878	275,46289	-17,016602	-17,000378	-0,10428131	-0,020437039	-0,022231381	-0,016448004
41878	275,96289	-16,516602	-16,509954	-0,10091662	-0,019914616	-0,021637049	-0,015963743
41878	276,46289	-16,016602	-16,02434	-0,09920001	-0,019338224	-0,021155674	-0,015451577
41878	276,96289	-15,516602	-15,608373	-0,097697973	-0,018859629	-0,020598359	-0,014854697
41878	277,46289	-15,016602	-15,064683	-0,094437599	-0,018242374	-0,020047475	-0,014439462
41878	277,96289	-14,516602	-14,528123	-0,093349814	-0,017609227	-0,019416619	-0,01374615
41878	278,46289	-14,016602	-14,028558	-0,090533495	-0,017038029	-0,01884811	-0,013271278
41878	278,96289	-13,516602	-13,48377	-0,08803606	-0,016362756	-0,018241923	-0,012539605
41878	279,46289	-13,016602	-12,953174	-0,086396933	-0,015727498	-0,017593794	-0,012045039
41878	279,96289	-12,516602	-12,490045	-0,083506107	-0,015190892	-0,017045781	-0,011476431
41878	280,46289	-12,016602	-12,00046	-0,08225143	-0,014590189	-0,016511314	-0,011027553
41878	280,96289	-11,516602	-11,556425	-0,078445673	-0,014055394	-0,01596849	-0,010514091
41878	281,46289	-11,016602	-11,053414	-0,075867772	-0,013498858	-0,015416488	-0,0098884124
41878	281,96289	-10,516602	-10,537933	-0,074502826	-0,012866117	-0,01486038	-0,009380701
41878	282,46289	-10,016602	-10,067771	-0,071394444	-0,012267515	-0,014275335	-0,0087748328
41878	282,96289	-9,5166016	-9,6331806	-0,068899989	-0,01174736	-0,013754297	-0,0083817709
41878	283,46289	-9,0166016	-9,3403835	-0,068035722	-0,011365987	-0,013381895	-0,0080251861
41878	283,96289	-8,5166016	-8,4062824	-0,063243508	-0,01032535	-0,012308337	-0,0071841693
41878	284,46289	-8,0166016	-7,9133606	-0,059688091	-0,0095344186	-0,01179716	-0,0067378022
41878	284,96289	-7,5166016	-7,4287987	-0,057131052	-0,0089629963	-0,011143412	-0,0061473693
41878	285,46289	-7,0166016	-7,0088615	-0,05453229	-0,0083940625	-0,01055751	-0,0058570085
41878	285,96289	-6,5166016	-6,5146275	-0,053027272	-0,0076977611	-0,010145932	-0,0053062509
41878	286,46289	-6,0166016	-6,0265565	-0,049060583	-0,0071180165	-0,0094180442	-0,0048270854
41878	286,96289	-5,5166016	-5,5519381	-0,04530549	-0,006472446	-0,0088282749	-0,0043403115
41878	287,46289	-5,0166016	-4,9988627	-0,041550398	-0,0057161003	-0,0081650987	-0,0038483012
41878	287,96289	-4,5166016	-4,4164395	-0,037932396	-0,0049551427	-0,0075272173	-0,003376503
41878	288,46289	-4,0166016	-3,9320178	-0,035041571	-0,0043581873	-0,0068775341	-0,002876922
41878	288,96289	-3,5166016	-3,4346879	-0,031366944	-0,0036834776	-0,0061850995	-0,0024093345
41878	289,46289	-3,0166016	-2,9197764	-0,028708577	-0,0030524507	-0,0054550357	-0,0019982974
41878	289,96289	-2,5166016	-2,4663191	-0,023880601	-0,0023656562	-0,0048586093	-0,0015635947
41878	290,46289	-2,0166016	-1,9733329	-0,020062923	-0,0016761124	-0,0040995888	-0,0011521559
41878	290,96289	-1,5166016	-1,4985483	-0,01603961	-0,0010868013	-0,0034191534	-0,00090385554
41878	291,46289	-1,0166016	-1,0427051	-0,010234118	-0,00041878968	-0,002532091	-0,00057431322
41878	291,96289	-1	-0,94469821	-0,0082015991	-0,00023390353	-0,0023973249	-0,00053914823
41878	292,46289	-1	-0,95967203	-0,0089883804	-0,00020451844	-0,0024340451	-0,00055666378
41878	292,96289	-1	-0,99332261	-0,0080674887	-0,00024256855	-0,0023588724	-0,00060609833
41878	293,46289	-1	-0,98523867	-0,0085324049	-0,00021290779	-0,0023559518	-0,00055999809
41878	293,96289	-1	-0,96822906	-0,0087440014	-0,0001911968	-0,0024014451	-0,00053984072
41878	294,46289	-1	-0,99273211	-0,0090330839	-0,00023759902	-0,0023607798	-0,00056948507
41878	294,96289	-1	-0,97180343	-0,0080853701	-0,00013358146	-0,0023383126	-0,00046248425
41878	295,46289	-1	-0,97571313	-0,0088512897	-0,00016961247	-0,0023786761	-0,00045151272
41878	295,96289	-1	-1,0348595	-0,0083118677	-0,00020013005	-0,0023522973	-0,00062528061
41878	296,46289	-1	-0,99853426	-0,0097215176	-0,00015880913	-0,0023369305	-0,00046601376
41878	296,96289	-1	-1,0037962	-0,0083714724	-0,00011905283	-0,0023508929	-0,00052003568
41878	297,46289	-1	-1,0476913	-0,0083804131	-0,00025749952	-0,0024125576	-0,00051773875
41878	297,96289	-1	-1,0062307	-0,0082731247	-0,00013852865	-0,0023393854	-0,00058812264
41878	298,46289	-1	-0,98413414	-0,0088095665	-0,00012021512	-0,0022868551	-0,00041160051
41878	298,96289	-1	-1,0194705	-0,0097513199	-0,00014038384	-0,002268333	-0,00049106986
41878	299,46289	-1	-0,98916143	-0,0087678432	-0,0001014173	-0,0022154115	-0,00043285661
41878	299,96289	-1	-0,98968858	-0,0075638294	-9,2357397e-05	-0,0022453703	-0,00038569944
41878	300,46289	-1	-1,0435991	-0,0082671642	-0,00018841773	-0,0022460669	-0,00052777329
41878	300,96289	-1	-1,0132174	-0,0083386898	-8,9563429e-05	-0,0022791661	-0,00043683694
41878	301,46289	-1	-1,0117422	-0,0090420246	-0,00015946478	-0,0023137555	-0,00037995761
41878	301,96289	-1	-1,033131	-0,0087440014	-0,0001135543	-0,0023651831	-0,00041077507
41878	302,46289	-1	-1,0106918	-0,0080287457	-5,0842762e-05	-0,0022905469	-0,00044142615
41878	302,96289	-1	-1,0222867	-0,0067919493	-5,6728721e-05	-0,0023714304	-0,00039003952
41878	303,46289	-1	-1,0210686	-0,0072062016	-7,173419e-05	-0,0022707246	-0,00040996916
41878	303,96289	-1	-0,97881073	-0,0082582235	-9,1046095e-06	-0,0022502616	-0,00028947025
41878	304,46289	-1	-1,018487	-0,0087469816	-4,2974949e-05	-0,0022239611	-0,00036733891
41878	304,96289	-1	-1,0095258	-0,0079721212	-1,4327466e-05	-0,0022388808	-0,0004030542
41878	305,46289	-1	-0,99280292	-0,0093400478	1,6398728e-05	-0,0021823868	-0,00027371806
41878	305,96289	-1	-1,0398998	-0,0084012747	-8,0995262e-05	-0,0022311062	-0,00042089325
41878	306,46289	-1	-1,0066423	-0,0075757504	7,0035458e-06	-0,002248086	-0,00033409253
41878	306,96289	-1	-1,0239631	-0,0087499619	-0,00010366738	-0,0022550933	-0,00035043963
41878	307,46289	-1	-1,0118726	-0,0072598457	-6,5796077e-05	-0,0022537373	-0,00037267827
41878	307,96289	-1	-0,99637735	-0,007763505	6,3739717e-05	-0,0022005662	-0,00033728834
41878	308,46289	-1	-1,0113902	-0,0073254108	-3,4116209e-05	-0,002176147	-0,00033184301
41878	308,96289	-1	-0,98765826	-0,0091016293	3,3058226e-05	-0,0021471232	-0,00029566759
41878	309,46289	-1	-0,99483132	-0,0087380409	5,5573881e-05	-0,0022576265	-0,0003519046
41878	309,96289	-1	-1,0275767	-0,0080525875	-2,5629997e-06	-0,0022110268	-0,00026519032
41878	310,46289	-1	-1,0090209	-0,0082105398	-1,1704862e-05	-0,002191402	-0,00038476617
41878	310,96289	-1	-1,0165758	-0,0086188316	-5,0142407e-05	-0,0021833479	-0,00030692725
41878	311,46289	-1	-1,0226593	-0,0086605549	-7,4699521e-05	-0,0022870861	-0,00031796569
41878	311,96289	-1	-0,99431908	-0,0078499317	3,2037497e-05	-0,0021472052	-0,00031506456
41878	312,46289	-1	-1,012208	-0,0073105097	-1,0922551e-05	-0,0021486655	-0,00033245835
41878	312,96289	-1	-1,0065846	-0,008058548	1,2069941e-06	-0,0022107251	-0,00028573995
41878	313,46289	-1	-0,99164248	-0,0099301338	4,5746565e-05	-0,0021344237	-0,00036991655
41878	313,96289	-1	-1,0184441	-0,0082612038	-1,1391938e-05	-0,0021938458	-0,00035066923
41878	314,46289	-1	-0,99645555	-0,0085264444	-5,1483512e-06	-0,0021707416	-0,00024635665
41878	314,96289	-1	-0,97165442	-0,0086694956	7,5444579e-05	-0,0020859353	-0,00023907174
41878	315,46289	-1	-1,0290556	-0,0091820955	-4,9307942e-05	-0,0021622963	-0,00032427273
41878	315,96289	-1	-1,0247416	-0,0079751015	8,1658363e-06	-0,0022241808	-0,00022121596
41878	316,46289	-1	-1,0204669	-0,0084668398	2,9608607e-05	-0,002217982	-0,00022760943
41878	316,96289	-1	-1,0212846	-0,0079929829	-8,7544322e-06	-0,0022743829	-0,0002647776
41878	317,46289	-1	-1,0054038	-0,0082045794	7,5139105e-05	-0,0021382011	-0,00033861201
41878	317,96289	-1	-1,0029488	-0,0079274178	6,1221421e-05	-0,0021663159	-0,00020391047
41878	318,46289	-1	-0,995202	-0,0079721212	0,00010273606	-0,0021816753	-0,00021197341
41878	318,96289	-1	-0,97102487	-0,0087440014	0,00014197081	-0,0022052824	-0,00023433568
41878	319,46289	-1	-1,0164976	-0,0078082085	-2,156198e-05	-0,0021399781	-0,00035665743
41878	319,96289	-1	-1,0038502	-0,0077664852	6,7688525e-05	-0,0022024736	-0,000205619
41878	320,46289	-1	-0,98711997	-0,008481741	8,4325671e-05	-0,0021094196	-0,00024180835
41878	320,96289	-1	-1,0303147	-0,0080138445	2,6963651e-05	-0,0021699816	-0,00023848985
41878	321,46289	-1	-0,99704039	-0,0086247921	0,00010124594	-0,0022073947	-0,00020961885
41878	321,96289	-1,4755859	-1,3506002	-0,010976195	-0,00029995292	-0,0027991608	-0,00035831018
41878	322,46289	-1,9755859	-1,4436599	-0,011789799	-0,00053285807	-0,0028834231	-0,00047458423
41878	322,96289	-2,4755859	-2,3633633	-0,018537045	-0,0015566424	-0,0041679293	-0,0010011444
41878	323,46289	-2,9755859	-2,9582791	-0,022727251	-0,0023046955	-0,00496592	-0,001362775
41878	323,96289	-3,4755859	-3,6193523	-0,027102232	-0,0031645223	-0,0058486536	-0,0018978202
41878	324,46289	-3,9755859	-4,1398296	-0,032004714	-0,0038015619	-0,0065387264	-0,0023549856
41878	324,96289	-4,4755859	-4,6121588	-0,034031272	-0,0043413118	-0,007127665	-0,0027762598
41878	325,46289	-4,9755859	-5,1625242	-0,038176775	-0,0050765947	-0,0078112073	-0,0032776988
41878	325,96289	-5,4755859	-5,5954847	-0,039756298	-0,0055719912	-0,0083779432	-0,0037132103
41878	326,46289	-5,9755859	-6,0892906	-0,042957067	-0,0061542094	-0,0090033337	-0,0041555483
41878	326,96289	-6,4755859	-6,5763593	-0,046691298	-0,0067813918	-0,0095266402	-0,0045589716
41878	327,46289	-6,9755859	-7,0200434	-0,050204992	-0,0072731376	-0,010114599	-0,0049158484
41878	327,96289	-7,4755859	-7,4786868	-0,051441789	-0,0078515038	-0,01063861	-0,0053411801
41878	328,46289	-7,9755859	-7,977509	-0,053936243	-0,00853879	-0,01114716	-0,0058749509
41878	328,96289	-8,4755859	-8,4596281	-0,057974458	-0,0090612695	-0,011797346	-0,0064015291
41878	329,46289	-8,9755859	-8,9563456	-0,059461594	-0,0097471923	-0,012391724	-0,006800402
41878	329,96289	-9,4755859	-9,4809732	-0,061959028	-0,010356389	-0,013035908	-0,0073049036
41878	330,46289	-9,9755859	-10,053828	-0,065794587	-0,011083335	-0,013667915	-0,0079009766
41878	330,96289	-10,475586	-10,545469	-0,067934394	-0,011609308	-0,014298644	-0,0084157996
41878	331,46289	-10,975586	-11,018937	-0,070074201	-0,012196392	-0,014779344	-0,0087786801
41878	331,96289	-11,475586	-11,540146	-0,073775649	-0,012750283	-0,015383817	-0,0093873516
41878	332,46289	-11,975586	-11,977215	-0,075751543	-0,013309851	-0,01586799	-0,0098204501
41878	332,96289	-12,475586	-12,441874	-0,076949596	-0,013853408	-0,016415704	-0,010366767
41878	333,46289	-12,975586	-12,989909	-0,080013275	-0,014471643	-0,017086573	-0,011027794
41878	333,96289	-13,475586	-13,422527	-0,082230568	-0,014952093	-0,017592143	-0,011362762
41878	334,46289	-13,975586	-13,941348	-0,08482337	-0,015557356	-0,018218387	-0,012065564
41878	334,96289	-14,475586	-14,509884	-0,087457895	-0,016281385	-0,018794715	-0,012552895
41878	335,46289	-14,975586	-14,988542	-0,08802712	-0,016735688	-0,019351363	-0,013129434
41878	335,96289	-15,475586	-15,512048	-0,091084838	-0,017361116	-0,019985676	-0,013697272
41878	336,46289	-15,975586	-16,054451	-0,093746185	-0,018064927	-0,020535368	-0,014262836
41878	336,96289	-16,475586	-16,518665	-0,09521842	-0,018557586	-0,021079093	-0,014801867
41878	337,46289	-16,975586	-16,958872	-0,099000335	-0,019054305	-0,021570947	-0,015311992
41878	337,96289	-17,475586	-17,491673	-0,1006186	-0,019692026	-0,022235215	-0,015877368
41878	338,46289	-17,975586	-17,926161	-0,10255277	-0,020159971	-0,022715542	-0,016353656
41878	338,96289	-18,475586	-18,414227	-0,10454059	-0,020745561	-0,023284964	-0,016980397
41878	339,46289	-18,975586	-18,931467	-0,10591149	-0,021315023	-0,023807596	-0,017451206
41878	339,96289	-19,475586	-19,510077	-0,1080513	-0,021948554	-0,024476778	-0,018128468
41878	340,46289	-19,975586	-19,998615	-0,11066496	-0,022575237	-0,025021337	-0,018734585
41878	340,96289	-20,475586	-20,495205	-0,11230409	-0,023111779	-0,025615025	-0,019290207
41878	341,46289	-20,975586	-21,041103	-0,11434257	-0,023754042	-0,026097776	-0,019868871
41878	341,96289	-21,475586	-21,510225	-0,11787415	-0,02428551	-0,026717048	-0,020403929
41878	342,46289	-21,975586	-21,979618	-0,11970997	-0,024779681	-0,027216658	-0,020895468
41878	342,96289	-22,475586	-22,435539	-0,12142956	-0,025346655	-0,027738055	-0,021423135
41878	343,46289	-22,975586	-22,955944	-0,1234442	-0,025985934	-0,028373033	-0,02198565
41878	343,96289	-23,475586	-23,439156	-0,12524426	-0,026537146	-0,028889613	-0,022638952
41878	344,46289	-23,975586	-23,937653	-0,12634099	-0,027055059	-0,02940806	-0,023116281
41878	344,96289	-24,475586	-24,490557	-0,12866259	-0,027687475	-0,030089656	-0,023743663
41878	345,46289	-24,975586	-25,04624	-0,13093054	-0,028277047	-0,030619208	-0,024342164
41878	345,96289	-25,475586	-25,525551	-0,13232827	-0,028910238	-0,031199744	-0,024949832
41878	346,46289	-25,975586	-26,035013	-0,13507307	-0,029493023	-0,031786039	-0,025441075
41878	346,96289	-26,475586	-26,55522	-0,13770461	-0,030028168	-0,03237465	-0,02606087
41878	347,46289	-26,975586	-26,993383	-0,13958216	-0,030508071	-0,032860186	-0,026584299
41878	347,96289	-27,475586	-27,423132	-0,14235973	-0,031037461	-0,033365041	-0,027140314
41878	348,46289	-27,975586	-27,924877	-0,14378428	-0,031612445	-0,033852197	-0,027699623
41878	348,96289	-28,475586	-28,446987	-0,14645457	-0,032261152	-0,034432597	-0,028194223
41878	349,46289	-28,975586	-28,956402	-0,14722049	-0,032738253	-0,035066843	-0,028873049
41878	349,96289	-29,475586	-29,477976	-0,15053153	-0,033355027	-0,035635918	-0,029403569
41878	350,46289	-29,975586	-30,044516	-0,15199184	-0,034058321	-0,036261443	-0,030062797
41878	350,96289	-30,475586	-30,525936	-0,15377104	-0,034515135	-0,036835626	-0,030603914
41878	351,46289	-30,975586	-31,034981	-0,15549064	-0,035147697	-0,037430983	-0,031246552
41878	351,96289	-31,475586	-31,537104	-0,15769303	-0,035627633	-0,037971746	-0,031789608
41878	352,46289	-31,975586	-31,955973	-0,16056001	-0,036213823	-0,038426235	-0,032343894
41878	352,96289	-32,475586	-32,452343	-0,1630187	-0,036766808	-0,038958743	-0,032908555
41878	353,46289	-32,975586	-32,936749	-0,16338825	-0,037337326	-0,039585266	-0,033443771
41878	353,96289	-33,475586	-33,445004	-0,16606748	-0,037918545	-0,040167067	-0,034061786
41878	354,46289	-33,975586	-33,99115	-0,1683116	-0,038577743	-0,040780246	-0,034616794
41878	354,96289	-34,475586	-34,514896	-0,16955733	-0,039133381	-0,041354295	-0,035252184
41878	355,46289	-34,975586	-35,027065	-0,17054081	-0,039647799	-0,041954406	-0,035806574
41878	355,96289	-35,475586	-35,563892	-0,1737237	-0,040294863	-0,042520113	-0,036417909
41878	356,46289	-35,975586	-36,03561	-0,17525852	-0,040918887	-0,043074451	-0,0370747
41878	356,96289	-36,475586	-36,463669	-0,17770529	-0,041356336	-0,043583483	-0,037462104
41878	357,46289	-36,975586	-36,953602	-0,17955303	-0,041985713	-0,044200651	-0,03810424
41878	357,96289	-37,475586	-37,421459	-0,1816541	-0,042494975	-0,044741444	-0,038639709
41878	358,46289	-37,975586	-37,936344	-0,18263757	-0,043036487	-0,045376603	-0,039191261
41878	358,96289	-38,475586	-38,48695	-0,18587708	-0,043687932	-0,04596135	-0,039790779
41878	359,46289	-38,975586	-38,968979	-0,18771589	-0,044221155	-0,046488877	-0,04036358
41878	359,96289	-39	-39,033588	-0,1878947	-0,044289999	-0,046712041	-0,040477358
41878	360,46289	-39	-39,060051	-0,18797219	-0,044370644	-0,046633899	-0,040379073
41878	360,96289	-39	-39,047363	-0,18768907	-0,044352561	-0,046738222	-0,040550612
41878	361,46289	-39	-38,995693	-0,18738806	-0,044356484	-0,046752334	-0,040502012
41878	361,96289	-39	-38,992714	-0,18749833	-0,044357747	-0,046733249	-0,040540706
41878	362,46289	-39	-39,011089	-0,18826723	-0,044386648	-0,046661917	-0,040454116
41878	362,96289	-39	-38,982002	-0,18862486	-0,044366509	-0,046698969	-0,040594749
41878	363,46289	-39	-38,982716	-0,18794537	-0,04438312	-0,046729781	-0,040578566
41878	363,96289	-39	-39,017735	-0,18852353	-0,044460863	-0,046750493	-0,040500268
41878	364,46289	-39	-38,992832	-0,18885136	-0,044460997	-0,046763197	-0,040561117
41878	364,96289	-39	-39,016361	-0,18845797	-0,044526067	-0,046815358	-0,040506016
41878	365,46289	-39	-39,061481	-0,18765926	-0,044544823	-0,046854645	-0,040609036
41878	365,96289	-39	-39,029961	-0,18865764	-0,044489682	-0,046800412	-0,040536791
41878	366,46289	-39	-38,992577	-0,18810928	-0,044442505	-0,046787072	-0,040572833
41878	366,96289	-39	-38,999474	-0,1883775	-0,044509239	-0,04679326	-0,040608633
41878	367,46289	-39	-38,97517	-0,18784702	-0,044380587	-0,0467439	-0,040565364
41878	367,96289	-39	-38,979355	-0,18853843	-0,044444196	-0,046853058	-0,040578522
41878	368,46289	-39	-38,998203	-0,1881659	-0,044528794	-0,046855912	-0,04066775
41878	368,96289	-39	-38,980648	-0,18915236	-0,044472698	-0,046896987	-0,040710591
41878	369,46289	-39	-39,030659	-0,18893778	-0,044558879	-0,046837792	-0,040635392
41878	369,96289	-39	-39,043701	-0,1894325	-0,044640858	-0,046888448	-0,04070171
41878	370,46289	-39	-39,019955	-0,18917918	-0,044580605	-0,046913639	-0,040750779
41878	370,96289	-39	-39,014889	-0,18986762	-0,044595834	-0,04693038	-0,040783245
41878	371,46289	-39	-39,001183	-0,18883348	-0,04463144	-0,046896324	-0,040752333
41878	371,96289	-39	-38,962532	-0,18847883	-0,044469792	-0,046894047	-0,040704153
41878	372,46289	-39	-38,98333	-0,18898249	-0,044569843	-0,046968192	-0,040642381
41878	372,96289	-39	-38,992905	-0,18901229	-0,044593461	-0,046930246	-0,040679973
41878	373,46289	-39	-38,95948	-0,18931329	-0,044474263	-0,046948124	-0,040702652
41878	373,96289	-39	-38,976456	-0,18945932	-0,044524301	-0,046995886	-0,040603042
41878	374,46289	-39	-39,054379	-0,18820763	-0,044694774	-0,04702647	-0,040776711
41878	374,96289	-39	-39,042454	-0,18867552	-0,044605639	-0,046996664	-0,040858157
41878	375,46289	-39	-39,01144	-0,18835664	-0,044654336	-0,046965107	-0,040722627
41878	375,96289	-39	-39,016407	-0,18862784	-0,044658687	-0,046974778	-0,040770095
41878	376,46289	-39	-39,000618	-0,18898845	-0,04460603	-0,047113113	-0,040740263
41878	376,96289	-39	-38,969658	-0,18905997	-0,044600029	-0,046968482	-0,040707175
41878	377,46289	-39	-38,995026	-0,18931031	-0,044575829	-0,047004148	-0,040737573
41878	377,96289	-39	-38,994297	-0,18768907	-0,044628691	-0,046944313	-0,040771663
41878	378,46289	-39	-38,99789	-0,18850565	-0,044604048	-0,047041833	-0,040715009
41878	378,96289	-39	-39,019268	-0,18913448	-0,044657622	-0,047093429	-0,040800534
41878	379,46289	-39	-39,038628	-0,18955767	-0,044733144	-0,047046103	-0,040824208
41878	379,96289	-39	-39,031666	-0,18947124	-0,04475943	-0,047086168	-0,040778738
41878	380,46289	-39	-39,025288	-0,1894325	-0,04465168	-0,047055937	-0,040862788
41878	380,96289	-39	-39,028744	-0,18996894	-0,044772815	-0,047075048	-0,040784959
41878	381,46289	-39	-38,982601	-0,19045174	-0,044579085	-0,047057174	-0,040751152
41878	381,96289	-39	-38,947899	-0,1889348	-0,044541139	-0,047066845	-0,040643159
41878	382,46289	-39	-38,97739	-0,18800795	-0,044712227	-0,046969764	-0,040743064
41878	382,96289	-39	-39,021809	-0,18965006	-0,044701278	-0,047041513	-0,040854547
41878	383,46289	-39	-39,013149	-0,18941164	-0,044755168	-0,047097426	-0,04078928
41878	383,96289	-39	-39,005623	-0,18932223	-0,044675168	-0,047175173	-0,040904868
41878	384,46289	-39	-39,028564	-0,18860102	-0,044743367	-0,047135718	-0,040824942
41878	384,96289	-39	-39,050507	-0,18930435	-0,044759598	-0,04721665	-0,040818378
41878	385,46289	-39	-39,009113	-0,18925071	-0,04473957	-0,047102612	-0,040811252
41878	385,96289	-39	-38,963284	-0,18915534	-0,044633515	-0,047049876	-0,04082128
41878	386,46289	-39	-38,989517	-0,18960834	-0,044770919	-0,047085736	-0,040850595
41878	386,96289	-39	-39,008106	-0,19117594	-0,044769544	-0,047060858	-0,040780082
41878	387,46289	-39	-38,980186	-0,19031763	-0,044692084	-0,047066644	-0,040812351
41878	387,96289	-39	-38,957214	-0,19050241	-0,044643264	-0,047156069	-0,040756658
41878	388,46289	-39	-38,981506	-0,18985271	-0,04474923	-0,047157161	-0,040811442
41878	388,96289	-39	-39,074615	-0,188905	-0,044842612	-0,04718595	-0,040881343
41878	389,46289	-39	-39,029213	-0,18904507	-0,044802606	-0,047153883	-0,04082695
41878	389,96289	-36,661133	-36,722572	-0,18091202	-0,042298425	-0,044742875	-0,038523629
41878	390,46289	-34,161133	-34,142231	-0,17234385	-0,039506659	-0,042022884	-0,035678923
41878	390,96289	-31,661133	-31,619879	-0,16427636	-0,036843132	-0,039304085	-0,032984655
41878	391,46289	-29,161133	-29,064253	-0,15466809	-0,034090161	-0,03659907	-0,030161731
41878	391,96289	-26,661133	-26,56386	-0,14370382	-0,031342316	-0,033803739	-0,027519682
41878	392,46289	-24,161133	-24,106066	-0,13559163	-0,028600983	-0,031158132	-0,024779011
41878	392,96289	-21,661133	-21,567314	-0,12601018	-0,025681041	-0,028455861	-0,022033984
41878	393,46289	-19,161133	-19,117552	-0,11526942	-0,022906978	-0,025771614	-0,019373709
41878	393,96289	-16,661133	-16,643366	-0,10337532	-0,020126093	-0,022878066	-0,0164617
41878	394,46289	-14,161133	-14,150407	-0,093117356	-0,017187476	-0,020127192	-0,01389266
41878	394,96289	-11,661133	-11,648459	-0,080654025	-0,014230452	-0,017170817	-0,011033659
41878	395,46289	-9,1611328	-9,1433868	-0,06891489	-0,011238657	-0,014222648	-0,008236724
41878	395,96289	-6,6611328	-7,442924	-0,059479475	-0,0090200901	-0,012146913	-0,0065083392
41878	396,46289	-4,1611328	-4,4252982	-0,039955974	-0,0050934628	-0,0084409416	-0,0035746354
41878	396,96289	-1,6611328	-1,5737582	-0,019097328	-0,0013730004	-0,0045676529	-0,0011619868
41878	397,46289	-1	-0,55447781	-0,0048220158	0,00027761608	-0,0026697442	-0,00067204173
41878	397,96289	-1	-0,64580703	-0,0064224005	0,00018810481	-0,002766449	-0,00066732708
41878	398,46289	-1	-0,82614458	-0,0076800585	-4,4345856e-05	-0,0029367991	-0,00054516242
41878	398,96289	-1	-0,83249062	-0,0088334084	5,4635108e-05	-0,0030109435	-0,00061533996
41878	399,46289	-1	-0,81974638	-0,0070691109	0,0001142025	-0,0029604472	-0,0004723747
41878	399,96289	-1	-0,86062402	-0,0079780817	5,9053302e-05	-0,0030524097	-0,00053741084
41878	400,46289	-1	-0,86064267	-0,0081241131	1,5720725e-05	-0,0029883981	-0,00051902619
41878	400,96289	-1	-0,84845537	-0,008007884	3,9421022e-05	-0,0029666536	-0,00055927766
41878	401,46289	0	-0,068321824	2,2315383	0,0019025952	-0,0016131289	-0,00053995691

Datenerfassung						Zeit:	401,7373	s	27.08.2014 13:49:48
Ch 1 Kraft	Ch 1 Weg	1944 A	1944 B	1281068
kN	mm	mm	mm	mm
-0,012336299	5,0021024	0,057298422	2,7274978	0,0030279197
-40,069286	-0,19153953	-0,05804456	-3,0006232	-0,083002366
