Datum : 	15.05.2014
Durchmesser :	69,4
Datum	Laufzeit	Ch 1 Kraft Sollwert	Ch 1 Kraft	Ch 1 Weg	1944 A	1944 B	1281068
d	s	kN	kN	mm	mm	mm	mm
41774	30,955078	-1	-0,98650718	2,7461555	-0,2660194	-0,086535275	-0,16354868
41774	31,455078	-1	-0,99461526	2,7460258	-0,26605731	-0,086591013	-0,16350485
41774	31,955078	-1	-1,0319836	2,745604	-0,26611879	-0,086595282	-0,16355571
41774	32,455078	-1	-1,0493193	2,7449536	-0,26603377	-0,08664237	-0,16353306
41774	32,955078	-1	-1,0067075	2,7452424	-0,26604524	-0,086500175	-0,16355138
41774	33,455078	-1	-0,87890029	2,7472696	-0,26588744	-0,086454965	-0,1634353
41774	33,955078	-1	-1,1448655	2,7439866	-0,2662167	-0,086702153	-0,16358055
41774	34,455078	-1	-0,97940117	2,7457352	-0,26597989	-0,086467996	-0,1635057
41774	34,955078	-1	-1,0229163	2,745362	-0,26600745	-0,086586043	-0,163505
41774	35,455078	-1	-1,0108278	2,7457368	-0,2660557	-0,086551711	-0,16354421
41774	35,955078	-1	-0,95991421	2,7465868	-0,26599199	-0,086473122	-0,16342437
41774	36,455078	-1	-1,0420904	2,7457066	-0,26607639	-0,086554661	-0,16360576
41774	36,955078	-1	-1,0954366	2,7452745	-0,26616222	-0,08663018	-0,16358761
41774	37,455078	-1	-1,0171365	2,7454798	-0,26603815	-0,086502552	-0,16366622
41774	37,955078	-1	-1,0563284	2,7452083	-0,26595867	-0,086526141	-0,16358747
41774	38,455078	-1	-1,0028054	2,7458827	-0,26599443	-0,086482354	-0,1635157
41774	38,955078	-1	-0,99055469	2,7458661	-0,26593062	-0,086583942	-0,16355613
41774	39,455078	-1	-0,95305032	2,7459741	-0,26591665	-0,086471274	-0,16356954
41774	39,955078	-1	-0,95738655	2,7463846	-0,26600742	-0,086529344	-0,16348907
41774	40,455078	-1	-0,98152643	2,7459953	-0,26600406	-0,086469449	-0,16349684
41774	40,955078	-1,866504	-1,8731822	-0,0094350427	-0,0010810643	-0,00086261705	-0,00026251236
41774	41,455078	-2,816504	-2,8316193	-0,019530952	-0,0025343448	-0,0017817803	-0,00061461562
41774	41,955078	-3,7665038	-3,0891635	-0,02252087	-0,0028189719	-0,0020742565	-0,00068048108
41774	42,455078	-4,7165041	-4,9313679	-0,040816143	-0,0059927888	-0,0042946339	-0,0010748338
41774	42,955078	-5,6665039	-5,8500485	-0,048907101	-0,0075312108	-0,0052676015	-0,0014476711
41774	43,455078	-6,6165037	-6,8236666	-0,057303905	-0,0092091635	-0,0063083358	-0,0017162994
41774	43,955078	-7,566504	-7,4549618	-0,062681735	-0,010404635	-0,0071151741	-0,0018777782
41774	44,455078	-8,5165043	-8,789649	-0,071773306	-0,012373526	-0,0084203184	-0,0021366533
41774	44,955078	-9,4665041	-9,6444635	-0,078319386	-0,01376079	-0,009382315	-0,0024680989
41774	45,455078	-10,416504	-10,666067	-0,084225461	-0,015024034	-0,010375593	-0,0029832525
41774	45,955078	-11,366504	-11,588421	-0,090008974	-0,016258394	-0,011357173	-0,0035667531
41774	46,455078	-12,316504	-12,570682	-0,094947964	-0,017421704	-0,012246758	-0,004095274
41774	46,955078	-13,266503	-13,556653	-0,099933892	-0,018455401	-0,013194893	-0,0047667678
41774	47,455078	-14,216504	-14,439105	-0,10429956	-0,019417286	-0,014095265	-0,0054811211
41774	47,955078	-15,166504	-15,441463	-0,10933168	-0,020547517	-0,015111458	-0,0062137982
41774	48,455078	-16,116505	-16,214317	-0,11315979	-0,021367216	-0,015797	-0,0067065665
41774	48,955078	-17,066504	-17,304377	-0,1181405	-0,022421645	-0,016696688	-0,0075239036
41774	49,455078	-18,016504	-18,23288	-0,12212396	-0,023426335	-0,017607424	-0,0083233342
41774	49,955078	-18,966503	-19,172523	-0,12678243	-0,02432926	-0,01834869	-0,0090979133
41774	50,455078	-19,916504	-20,235643	-0,13062358	-0,025296317	-0,019340675	-0,0097566796
41774	50,955078	-20,866503	-21,079414	-0,13439879	-0,026193168	-0,020088088	-0,010507099
41774	51,455078	-21,816504	-22,015978	-0,13860688	-0,027108492	-0,020910796	-0,011251828
41774	51,955078	-22,766504	-22,911812	-0,14196597	-0,027900049	-0,021702435	-0,012027745
41774	52,455078	-23,716503	-23,825396	-0,14560483	-0,028770644	-0,022492636	-0,012819869
41774	52,955078	-24,666504	-24,892727	-0,1499664	-0,02975677	-0,023346294	-0,013482968
41774	53,455078	-25,616503	-25,875027	-0,15369691	-0,030614726	-0,024101157	-0,014297095
41774	53,955078	-26,566504	-26,831652	-0,15737191	-0,031594127	-0,024903063	-0,015118963
41774	54,455078	-27,516504	-27,724606	-0,16089492	-0,032322031	-0,025734078	-0,01588973
41774	54,955078	-28,466503	-28,589161	-0,16462877	-0,033070579	-0,02641191	-0,016557865
41774	55,455078	-29,416504	-29,460306	-0,16787201	-0,033891324	-0,027191233	-0,017307021
41774	55,955078	-30,366503	-30,634865	-0,17194226	-0,034895483	-0,0280932	-0,018196266
41774	56,455078	-31,316504	-31,468981	-0,17525032	-0,035645112	-0,02880175	-0,018970903
41774	56,955078	-32,266502	-32,453579	-0,17916895	-0,036501225	-0,02955116	-0,019657914
41774	57,455078	-33,216503	-33,323837	-0,18178299	-0,037333276	-0,030299272	-0,020424202
41774	57,955078	-34,166504	-34,382809	-0,1858931	-0,038250461	-0,031119492	-0,021326844
41774	58,455078	-35,116505	-35,42382	-0,18935911	-0,039166942	-0,031973008	-0,022114173
41774	58,955078	-36,066502	-36,235317	-0,19235536	-0,039887611	-0,032618623	-0,022790849
41774	59,455078	-37,016502	-37,171894	-0,19567162	-0,040706806	-0,033403691	-0,023471966
41774	59,955078	-37,966503	-38,142857	-0,19900352	-0,041537818	-0,034203906	-0,024361063
41774	60,455078	-38,916504	-39,223312	-0,20287856	-0,042401779	-0,034984116	-0,025222745
41774	60,955078	-39,866505	-40,083378	-0,20606741	-0,04317176	-0,035622578	-0,025924385
41774	61,455078	-40,816502	-40,970024	-0,2088286	-0,043919951	-0,036310639	-0,026548956
41774	61,955078	-41,766502	-42,021988	-0,21252483	-0,044866353	-0,037254822	-0,027343065
41774	62,455078	-42,716503	-42,988552	-0,2157405	-0,045615483	-0,037966382	-0,028260026
41774	62,955078	-43,666504	-43,847038	-0,21881089	-0,046368457	-0,038617391	-0,029014032
41774	63,455078	-44,616505	-44,52483	-0,22142269	-0,046940256	-0,039266963	-0,029585864
41774	63,955078	-45,566502	-45,804432	-0,22520274	-0,048013359	-0,040144365	-0,030474547
41774	64,455078	-46,516502	-46,574116	-0,22791661	-0,048714105	-0,0407294	-0,031252548
41774	64,955078	-47,466503	-47,660389	-0,23163147	-0,049592104	-0,041563865	-0,03200436
41774	65,455078	-47,326954	-47,46653	-0,23168512	-0,049593776	-0,041654203	-0,032102015
41774	65,955078	-46,826954	-46,922161	-0,23064204	-0,049369805	-0,041351441	-0,031815037
41774	66,455078	-46,326954	-46,464649	-0,2289921	-0,049113572	-0,041107487	-0,031513356
41774	66,955078	-45,826954	-45,927887	-0,22824146	-0,04876579	-0,040888209	-0,031173814
41774	67,455078	-45,326954	-45,468674	-0,22684522	-0,048491124	-0,040591221	-0,030883748
41774	67,955078	-44,826954	-44,920074	-0,22555962	-0,048187979	-0,040258784	-0,030577566
41774	68,455078	-44,326954	-44,396587	-0,22402331	-0,047848865	-0,039908361	-0,03030974
41774	68,955078	-43,826954	-43,975639	-0,22326149	-0,047633089	-0,039700259	-0,030018196
41774	69,455078	-43,326954	-43,364655	-0,22129454	-0,047198825	-0,039310213	-0,029614523
41774	69,955078	-42,826954	-42,81768	-0,2203919	-0,046788778	-0,039068896	-0,029320396
41774	70,455078	-42,326954	-42,429314	-0,21882653	-0,046554506	-0,038830925	-0,029053472
41774	70,955078	-41,826954	-41,888241	-0,2172254	-0,046205148	-0,038474012	-0,028801121
41774	71,455078	-41,326954	-41,431843	-0,216249	-0,045856994	-0,038164686	-0,028550591
41774	71,955078	-40,826954	-40,785301	-0,21432154	-0,045449235	-0,037678834	-0,028140672
41774	72,455078	-40,326954	-40,472103	-0,21350384	-0,045198027	-0,037541408	-0,027860291
41774	72,955078	-39,826954	-39,96994	-0,21207258	-0,044921856	-0,037197042	-0,027490981
41774	73,455078	-39,326954	-39,25462	-0,21014512	-0,044417161	-0,036828015	-0,027195282
41774	73,955078	-38,826954	-39,032402	-0,20945296	-0,044330038	-0,036658224	-0,026988711
41774	74,455078	-38,326954	-38,505657	-0,2078779	-0,043922301	-0,036366675	-0,026676007
41774	74,955078	-37,826954	-38,003593	-0,2065625	-0,043592915	-0,035986524	-0,026400808
41774	75,455078	-37,326954	-37,471863	-0,20522587	-0,043199461	-0,03563669	-0,026008416
41774	75,955078	-36,826954	-36,944332	-0,20369776	-0,042814989	-0,035343666	-0,025717206
41774	76,455078	-36,326954	-36,470051	-0,20209849	-0,042470131	-0,035059024	-0,025376678
41774	76,955078	-35,826954	-35,917496	-0,20008795	-0,042164773	-0,034767773	-0,025033653
41774	77,455078	-35,326954	-35,44558	-0,19893833	-0,041785892	-0,034400489	-0,024794266
41774	77,955078	-34,826954	-34,910633	-0,19741766	-0,041424524	-0,034029055	-0,024359968
41774	78,455078	-34,326954	-34,525654	-0,19649677	-0,04114769	-0,033857521	-0,024174277
41774	78,955078	-33,826954	-34,022964	-0,19457787	-0,040779971	-0,033490356	-0,023780111
41774	79,455078	-33,326954	-33,355446	-0,19299909	-0,0402763	-0,033097465	-0,023407891
41774	79,955078	-32,826954	-32,934551	-0,19154251	-0,039879024	-0,032787051	-0,023167938
41774	80,455078	-32,326954	-32,518787	-0,19030832	-0,039596498	-0,03246538	-0,022891618
41774	80,955078	-31,826954	-31,898571	-0,18822066	-0,039162476	-0,032089759	-0,022558849
41774	81,455078	-31,326954	-31,498634	-0,18717013	-0,038842056	-0,031838287	-0,022165813
41774	81,955078	-30,826954	-30,754436	-0,18470064	-0,038326271	-0,031307947	-0,021796156
41774	82,455078	-30,326954	-30,400654	-0,18394925	-0,038034298	-0,031170066	-0,021542259
41774	82,955078	-29,826954	-29,859144	-0,18220283	-0,03759798	-0,030641589	-0,021183696
41774	83,455078	-29,326954	-29,384247	-0,18059798	-0,037334405	-0,030366432	-0,020762216
41774	83,955078	-28,826954	-28,941492	-0,17960668	-0,03697693	-0,030127499	-0,020562395
41774	84,455078	-28,326954	-28,350258	-0,17738752	-0,036450196	-0,029688571	-0,020221602
41774	84,955078	-27,826954	-27,894178	-0,1756195	-0,036062729	-0,029411588	-0,019961525
41774	85,455078	-27,326954	-27,539654	-0,17457418	-0,035820216	-0,029181335	-0,019614719
41774	85,955078	-26,826954	-27,037216	-0,17296299	-0,035368294	-0,028825972	-0,019196603
41774	86,455078	-26,326954	-26,43808	-0,17079785	-0,034990724	-0,028383713	-0,018858768
41774	86,955078	-25,826954	-25,944851	-0,16932711	-0,034627676	-0,027952198	-0,018591437
41774	87,455078	-25,326954	-25,389759	-0,16705245	-0,034079581	-0,027614858	-0,018202953
41774	87,955078	-24,826954	-24,92001	-0,16577318	-0,033753805	-0,02726632	-0,017907348
41774	88,455078	-24,326954	-24,38275	-0,16343445	-0,033333156	-0,026927743	-0,017572012
41774	88,955078	-23,826954	-23,964476	-0,16189069	-0,032992709	-0,026584897	-0,017211024
41774	89,455078	-23,326954	-23,425594	-0,15996024	-0,032561488	-0,026224058	-0,016808178
41774	89,955078	-22,826954	-22,922295	-0,15813373	-0,032205272	-0,02589393	-0,016545177
41774	90,455078	-22,326954	-22,449734	-0,15693642	-0,031801172	-0,025544886	-0,016227152
41774	90,955078	-21,826954	-21,931578	-0,15426837	-0,031366892	-0,02513596	-0,015917234
41774	91,455078	-21,326954	-21,30595	-0,15177429	-0,030815765	-0,024679881	-0,015425188
41774	91,955078	-20,826954	-20,843513	-0,15013553	-0,03037273	-0,024384309	-0,015100089
41774	92,455078	-20,326954	-20,378521	-0,1483798	-0,029985944	-0,023923602	-0,014929581
41774	92,955078	-19,826954	-19,8092	-0,1464162	-0,029556947	-0,023560975	-0,01458995
41774	93,455078	-19,326954	-19,50791	-0,14537945	-0,029271988	-0,023336817	-0,014157335
41774	93,955078	-18,826954	-18,952318	-0,14324598	-0,028739728	-0,02287383	-0,013764742
41774	94,455078	-18,326954	-18,339029	-0,14058203	-0,028228229	-0,022452328	-0,013449141
41774	94,955078	-17,826954	-17,956547	-0,1393538	-0,027883947	-0,022164781	-0,01318856
41774	95,455078	-17,326954	-17,352482	-0,13651103	-0,027307669	-0,021688234	-0,012595129
41774	95,955078	-16,826954	-16,839771	-0,13486892	-0,026861677	-0,02126224	-0,012355001
41774	96,455078	-16,326954	-16,453201	-0,13268851	-0,026529076	-0,020878632	-0,012074669
41774	96,955078	-15,826954	-15,902419	-0,13067387	-0,025934437	-0,020479579	-0,011662795
41774	97,455078	-15,326954	-15,358463	-0,1278583	-0,025464803	-0,020043913	-0,011207923
41774	97,955078	-14,826954	-15,017748	-0,12679584	-0,025025103	-0,01972888	-0,010939668
41774	98,455078	-14,326954	-14,440114	-0,12421086	-0,024578191	-0,019302074	-0,010561001
41774	98,955078	-13,826954	-13,90722	-0,1218576	-0,024052905	-0,018840995	-0,010182102
41774	99,455078	-13,326954	-13,435534	-0,12013614	-0,023618583	-0,018481951	-0,0097800121
41774	99,955078	-12,826954	-12,887212	-0,11757202	-0,023034189	-0,017998878	-0,0093638692
41774	100,45508	-12,326954	-12,596542	-0,11553988	-0,022779897	-0,017681461	-0,0092574814
41774	100,95508	-11,826954	-11,880719	-0,11245497	-0,021999268	-0,017066497	-0,0086715557
41774	101,45508	-11,326954	-11,390564	-0,11035167	-0,021489577	-0,016625691	-0,008397961
41774	101,95508	-10,826954	-10,949991	-0,10781772	-0,020936593	-0,016197745	-0,0080152806
41774	102,45508	-10,326954	-10,438992	-0,10525212	-0,02042303	-0,015735764	-0,0075761136
41774	102,95508	-9,8269539	-9,8717737	-0,10231361	-0,019793803	-0,015224386	-0,0073197847
41774	103,45508	-9,3269539	-9,4229717	-0,099822879	-0,019193141	-0,014759433	-0,0069478098
41774	103,95508	-8,8269539	-8,8589525	-0,096744671	-0,018539485	-0,014225051	-0,0066502495
41774	104,45508	-8,3269539	-8,3869467	-0,09374842	-0,017883187	-0,01373757	-0,0062022787
41774	104,95508	-7,8269539	-7,806468	-0,090451539	-0,017172748	-0,013247039	-0,0058792662
41774	105,45508	-7,3269539	-7,3425694	-0,087597966	-0,016442832	-0,012695871	-0,0055583697
41774	105,95508	-6,8269539	-6,8516231	-0,084422529	-0,015811665	-0,012250081	-0,005244243
41774	106,45508	-6,3269539	-6,3229485	-0,080251321	-0,014957966	-0,011647359	-0,0050234413
41774	106,95508	-5,8269539	-5,9432669	-0,078052282	-0,014377404	-0,011247206	-0,0048153447
41774	107,45508	-5,3269539	-5,5115781	-0,074010342	-0,013516519	-0,010790814	-0,0046724752
41774	107,95508	-4,8269539	-5,228447	-0,072035193	-0,013063371	-0,010454386	-0,0045677209
41774	108,45508	-4,3269539	-4,3558421	-0,064663589	-0,01151491	-0,0094312616	-0,004330975
41774	108,95508	-3,8269539	-3,8347616	-0,059532002	-0,010435417	-0,0087564029	-0,0040670047
41774	109,45508	-3,3269539	-3,3410861	-0,054461509	-0,0094471015	-0,0080915466	-0,0039066309
41774	109,95508	-2,8269539	-2,8414111	-0,048981607	-0,0083567463	-0,0074365363	-0,0037747417
41774	110,45508	-2,3269539	-2,4142284	-0,04417114	-0,0074535161	-0,0067931637	-0,0036037681
41774	110,95508	-1,8269539	-1,8539187	-0,036592409	-0,0061604753	-0,0058901273	-0,003231734
41774	111,45508	-1,3269539	-1,3939533	-0,030520558	-0,0051356703	-0,0052626953	-0,003050182
41774	111,95508	-1,320996	-1,0328908	-0,023480877	-0,0042350516	-0,0044790693	-0,0027617677
41774	112,45508	-2,2709961	-2,0381696	-0,035890192	-0,0056920275	-0,0053951293	-0,003099429
41774	112,95508	-3,2209961	-2,7772765	-0,044403598	-0,0069527142	-0,0062115528	-0,0031794747
41774	113,45508	-4,1709962	-3,4862869	-0,050402433	-0,0080056451	-0,0069232099	-0,0033233464
41774	113,95508	-5,120996	-5,1178074	-0,064930692	-0,010869849	-0,0085321106	-0,0037926547
41774	114,45508	-6,0709958	-6,0390177	-0,072156265	-0,012339041	-0,0094317086	-0,004204968
41774	114,95508	-7,0209961	-7,1065903	-0,079618022	-0,013900969	-0,010388486	-0,0045423098
41774	115,45508	-7,9709959	-8,2466183	-0,086156651	-0,015330579	-0,011265721	-0,0053451164
41774	115,95508	-8,9209957	-9,140049	-0,091055781	-0,016433019	-0,012128968	-0,005943778
41774	116,45508	-9,8709955	-10,205418	-0,096621364	-0,017546851	-0,012965646	-0,0068112249
41774	116,95508	-10,820996	-11,011641	-0,10112599	-0,018482292	-0,01378376	-0,0073285215
41774	117,45508	-11,770996	-12,010387	-0,10603517	-0,019459482	-0,014565099	-0,0081951991
41774	117,95508	-12,720996	-12,77438	-0,10973066	-0,020318309	-0,015190821	-0,0088336086
41774	118,45508	-13,670996	-13,740253	-0,11391491	-0,021243401	-0,016016837	-0,0096779428
41774	118,95508	-14,620996	-14,823505	-0,11890531	-0,022284443	-0,016903836	-0,010373338
41774	119,45508	-15,570996	-15,637001	-0,12220852	-0,023054117	-0,017587479	-0,011152005
41774	119,95508	-16,520996	-16,715435	-0,12681521	-0,02394828	-0,018369716	-0,012046267
41774	120,45508	-17,470995	-17,547464	-0,13056733	-0,024791436	-0,019117359	-0,012695386
41774	120,95508	-18,420996	-18,464962	-0,13414025	-0,025608007	-0,019840341	-0,013471824
41774	121,45508	-19,370996	-19,474686	-0,1379095	-0,026467692	-0,020587113	-0,014130508
41774	121,95508	-20,320995	-20,545631	-0,14173537	-0,02732728	-0,02141412	-0,015063792
41774	122,45508	-21,270996	-21,471552	-0,14533103	-0,028064124	-0,022118617	-0,015755292
41774	122,95508	-22,220995	-22,326958	-0,14879629	-0,028851472	-0,02274311	-0,016462408
41774	123,45508	-23,170996	-23,469599	-0,15299469	-0,029769922	-0,023546416	-0,017272066
41774	123,95508	-24,120996	-24,24412	-0,15586093	-0,030449392	-0,024180871	-0,017972961
41774	124,45508	-25,070995	-25,299858	-0,15980639	-0,031304583	-0,024958733	-0,018840376
41774	124,95508	-26,020996	-26,099056	-0,162955	-0,03188356	-0,025498819	-0,019548323
41774	125,45508	-26,970995	-27,078075	-0,16640909	-0,032675348	-0,026263308	-0,020154506
41774	125,95508	-27,920996	-28,070848	-0,16954131	-0,033451807	-0,02693573	-0,020803075
41774	126,45508	-28,870996	-29,03793	-0,17290227	-0,03428527	-0,02762023	-0,021588191
41774	126,95508	-29,820995	-29,963789	-0,176109	-0,034965318	-0,028321009	-0,022332784
41774	127,45508	-30,770996	-30,918751	-0,17981641	-0,035755731	-0,029002856	-0,02299685
41774	127,95508	-31,720995	-31,870274	-0,18261448	-0,03645546	-0,029607784	-0,023702081
41774	128,45508	-32,670994	-32,854427	-0,18598847	-0,037277278	-0,030335989	-0,0245368
41774	128,95508	-33,620995	-33,852539	-0,18897653	-0,038024556	-0,031055566	-0,025163908
41774	129,45508	-34,570995	-34,778648	-0,19266866	-0,038698062	-0,031766053	-0,025956124
41774	129,95508	-35,520996	-35,657745	-0,19536577	-0,039324395	-0,032344107	-0,026587632
41774	130,45508	-36,470997	-36,713577	-0,1982864	-0,040119171	-0,032949787	-0,027273305
41774	130,95508	-37,420994	-37,424629	-0,20067468	-0,040739898	-0,033509348	-0,027874965
41774	131,45508	-38,370995	-38,578514	-0,2045203	-0,041636281	-0,034336414	-0,028676506
41774	131,95508	-39,320995	-39,492374	-0,20727925	-0,042261727	-0,034880217	-0,029343944
41774	132,45508	-40,270996	-40,387878	-0,21030046	-0,042906202	-0,035462853	-0,029961854
41774	132,95508	-41,220997	-41,47274	-0,21369159	-0,043631047	-0,036228698	-0,030847415
41774	133,45508	-42,170994	-42,547913	-0,21669827	-0,044480614	-0,036958929	-0,031580996
41774	133,95508	-43,120995	-43,231934	-0,21917261	-0,044924937	-0,037434433	-0,032052457
41774	134,45508	-44,070995	-44,030544	-0,221885	-0,045598719	-0,038002279	-0,03268528
41774	134,95508	-45,020996	-45,099388	-0,22489652	-0,046357397	-0,038688783	-0,033448018
41774	135,45508	-45,970997	-46,066963	-0,22733808	-0,047130559	-0,039383862	-0,034155458
41774	135,95508	-46,587696	-46,716251	-0,22983141	-0,047609594	-0,039819118	-0,034633487
41774	136,45508	-46,087696	-46,101341	-0,22854507	-0,047319833	-0,039555039	-0,034366023
41774	136,95508	-45,587696	-45,753124	-0,22792928	-0,047156408	-0,039347384	-0,034066543
41774	137,45508	-45,087696	-45,212784	-0,22676885	-0,046750948	-0,039110649	-0,033870596
41774	137,95508	-44,587696	-44,848797	-0,22632591	-0,046510547	-0,038840938	-0,033571914
41774	138,45508	-44,087696	-44,25544	-0,22436157	-0,046088833	-0,038531754	-0,033257637
41774	138,95508	-43,587696	-43,651005	-0,22256896	-0,045785505	-0,038081367	-0,032878909
41774	139,45508	-43,087696	-43,142708	-0,22099353	-0,045435123	-0,037811738	-0,032605167
41774	139,95508	-42,587696	-42,748371	-0,22005811	-0,045080382	-0,037566978	-0,032210112
41774	140,45508	-42,087696	-42,178024	-0,21874756	-0,044883426	-0,037286472	-0,031878341
41774	140,95508	-41,587696	-41,843765	-0,21754913	-0,044587672	-0,037062932	-0,031756125
41774	141,45508	-41,087696	-41,280697	-0,21651275	-0,044264138	-0,036717173	-0,031350099
41774	141,95508	-40,587696	-40,688412	-0,21477006	-0,043797307	-0,036367889	-0,031006925
41774	142,45508	-40,087696	-40,175762	-0,21326877	-0,043458812	-0,036059905	-0,030582834
41774	142,95508	-39,587696	-39,567032	-0,21149553	-0,043076519	-0,03570139	-0,030266818
41774	143,45508	-39,087696	-39,078964	-0,21024607	-0,042762835	-0,035366025	-0,029938493
41774	143,95508	-38,587696	-38,665188	-0,20884052	-0,042474445	-0,035145801	-0,029679243
41774	144,45508	-38,087696	-38,307846	-0,20807125	-0,042273629	-0,034870613	-0,029468313
41774	144,95508	-37,587696	-37,562305	-0,20604022	-0,041747574	-0,034427498	-0,028999206
41774	145,45508	-37,087696	-37,269592	-0,20505525	-0,041545946	-0,034203347	-0,02885513
41774	145,95508	-36,587696	-36,669239	-0,20338409	-0,041159295	-0,033867974	-0,02843339
41774	146,45508	-36,087696	-36,280876	-0,20234212	-0,04081402	-0,033536304	-0,028298974
41774	146,95508	-35,587696	-35,652863	-0,20036809	-0,040450763	-0,033158433	-0,027739029
41774	147,45508	-35,087696	-35,160568	-0,19856617	-0,040118229	-0,032804783	-0,027432062
41774	147,95508	-34,587696	-34,689182	-0,19755289	-0,039782889	-0,032600176	-0,027133841
41774	148,45508	-34,087696	-34,156963	-0,1961533	-0,039377846	-0,032222826	-0,026876107
41774	148,95508	-33,587696	-33,674503	-0,19492917	-0,039036229	-0,031924877	-0,026440397
41774	149,45508	-33,087696	-33,190155	-0,19304119	-0,038635865	-0,031592283	-0,026159916
41774	149,95508	-32,587696	-32,767818	-0,19170195	-0,038346853	-0,031278726	-0,025927257
41774	150,45508	-32,087696	-32,240353	-0,19024536	-0,038003866	-0,03100786	-0,025522262
41774	150,95508	-31,587696	-31,569664	-0,18846467	-0,037510917	-0,030606072	-0,025028907
41774	151,45508	-31,087696	-31,209324	-0,1870282	-0,037233919	-0,030301247	-0,02469803
41774	151,95508	-30,587696	-30,639177	-0,1854144	-0,036909532	-0,029974703	-0,024476923
41774	152,45508	-30,087696	-30,193449	-0,18385611	-0,036517207	-0,029675018	-0,02410052
41774	152,95508	-29,587696	-29,691101	-0,18251687	-0,036117386	-0,029300701	-0,02370549
41774	153,45508	-29,087696	-29,09421	-0,18054545	-0,035711288	-0,028941397	-0,023411676
41774	153,95508	-28,587696	-28,565081	-0,17887503	-0,035264164	-0,028534923	-0,023095127
41774	154,45508	-28,087696	-28,126656	-0,17735027	-0,034922585	-0,028212126	-0,022803649
41774	154,95508	-27,587696	-27,642803	-0,17602704	-0,034578651	-0,027975466	-0,022543583
41774	155,45508	-27,087696	-27,156296	-0,17390437	-0,034164317	-0,027545694	-0,022056986
41774	155,95508	-26,587696	-26,690559	-0,17240196	-0,033842199	-0,027241793	-0,021691326
41774	156,45508	-26,087696	-26,185045	-0,17100126	-0,033432912	-0,026981141	-0,021443073
41774	156,95508	-25,587696	-25,606115	-0,16936697	-0,033053547	-0,026502933	-0,021082025
41774	157,45508	-25,087696	-25,251385	-0,16753525	-0,032676514	-0,026261691	-0,020696461
41774	157,95508	-24,587696	-24,597696	-0,16529113	-0,032163192	-0,025788661	-0,020283531
41774	158,45508	-24,087696	-24,184109	-0,16418919	-0,031819545	-0,025437076	-0,020031486
41774	158,95508	-23,587696	-23,679081	-0,16221218	-0,031455778	-0,02511413	-0,019660681
41774	159,45508	-23,087696	-23,187172	-0,16013682	-0,031062994	-0,024710219	-0,019293342
41774	159,95508	-22,587696	-22,68392	-0,15843809	-0,030628055	-0,024483416	-0,018886983
41774	160,45508	-22,087696	-22,197994	-0,15681945	-0,030198086	-0,024081398	-0,018698163
41774	160,95508	-21,587696	-21,602629	-0,15437417	-0,029712999	-0,023681622	-0,018198933
41774	161,45508	-21,087696	-21,135374	-0,15272871	-0,029305572	-0,023233023	-0,017954744
41774	161,95508	-20,587696	-20,69442	-0,1507435	-0,028963074	-0,022994209	-0,017463069
41774	162,45508	-20,087696	-20,170778	-0,1490023	-0,028508965	-0,022665944	-0,017049313
41774	162,95508	-19,587696	-19,693373	-0,14752261	-0,028114775	-0,022282902	-0,016861599
41774	163,45508	-19,087696	-19,271442	-0,1456745	-0,02780945	-0,021983493	-0,016519736
41774	163,95508	-18,587696	-18,694502	-0,14329217	-0,027237242	-0,02156483	-0,016031589
41774	164,45508	-18,087696	-18,193222	-0,14151037	-0,026897151	-0,021188293	-0,015614276
41774	164,95508	-17,587696	-17,628868	-0,13900734	-0,026357085	-0,020753596	-0,015248974
41774	165,45508	-17,087696	-17,137945	-0,13720095	-0,025874173	-0,020326298	-0,014933589
41774	165,95508	-16,587696	-16,757963	-0,13507493	-0,025422463	-0,020000603	-0,014473065
41774	166,45508	-16,087696	-16,095816	-0,13276786	-0,024975723	-0,019505326	-0,014004541
41774	166,95508	-15,587696	-15,646063	-0,13083965	-0,024468027	-0,019156929	-0,013686541
41774	167,45508	-15,087696	-15,177006	-0,12893267	-0,024072148	-0,018748429	-0,013363692
41774	167,95508	-14,587696	-14,629735	-0,1267422	-0,023584614	-0,018319521	-0,012865475
41774	168,45508	-14,087696	-14,081076	-0,12399741	-0,023118321	-0,017892908	-0,012478297
41774	168,95508	-13,587696	-13,629198	-0,12234263	-0,022593362	-0,017485742	-0,012126322
41774	169,45508	-13,087696	-13,177685	-0,12073629	-0,022234149	-0,017127756	-0,011747186
41774	169,95508	-12,587696	-12,658842	-0,11748299	-0,021620328	-0,016726788	-0,011302819
41774	170,45508	-12,087696	-12,090171	-0,11507571	-0,021118861	-0,016188208	-0,010821913
41774	170,95508	-11,587696	-11,63454	-0,11279732	-0,020578552	-0,015825447	-0,010524784
41774	171,45508	-11,087696	-11,154975	-0,11057854	-0,020136541	-0,015370097	-0,010143999
41774	171,95508	-10,587696	-10,689075	-0,10791235	-0,01964814	-0,01505414	-0,0098152272
41774	172,45508	-10,087696	-10,113402	-0,10503456	-0,019099109	-0,014499672	-0,0092186099
41774	172,95508	-9,5876961	-9,6812725	-0,10308772	-0,018587779	-0,014051218	-0,0088961292
41774	173,45508	-9,0876961	-9,1291122	-0,099835545	-0,017917337	-0,013545517	-0,0084402738
41774	173,95508	-8,5876961	-8,5629902	-0,096751377	-0,017326962	-0,013051957	-0,0080799172
41774	174,45508	-8,0876961	-8,1389112	-0,094466284	-0,016767908	-0,012567393	-0,007568554
41774	174,95508	-7,5876961	-7,5842433	-0,091408566	-0,016090043	-0,01211635	-0,0070525762
41774	175,45508	-7,0876961	-7,1271892	-0,088500604	-0,015465198	-0,01170652	-0,0068000602
41774	175,95508	-6,5876961	-6,5955462	-0,084473938	-0,014748722	-0,011195615	-0,0063391384
41774	176,45508	-6,0876961	-6,0709381	-0,081563741	-0,014073364	-0,010652881	-0,0060187178
41774	176,95508	-5,5876961	-5,7044978	-0,07860437	-0,013551701	-0,010223556	-0,005633194
41774	177,45508	-5,0876961	-5,3782463	-0,075947493	-0,012990929	-0,0098940879	-0,0053426707
41774	177,95508	-4,5876961	-4,6991334	-0,071043521	-0,011949308	-0,0092702843	-0,0050115678
41774	178,45508	-4,0876961	-3,9951875	-0,065195188	-0,010554567	-0,0083711222	-0,0045743696
41774	178,95508	-3,5876961	-3,6431403	-0,061486289	-0,0098928511	-0,0078769773	-0,0043092417
41774	179,45508	-3,0876961	-3,1871815	-0,056792796	-0,0090305172	-0,0073845983	-0,0041035675
41774	179,95508	-2,5876961	-2,7781613	-0,052171573	-0,0081223436	-0,0068537518	-0,0040057339
41774	180,45508	-2,0876961	-2,1709633	-0,045205653	-0,0068174377	-0,00602879	-0,0037175533
41774	180,95508	-1,5876961	-1,6288533	-0,038361177	-0,0055642836	-0,0052115805	-0,0034935037
41774	181,45508	-1,0876961	-1,1120028	-0,029855594	-0,0044753104	-0,0044226199	-0,0031113201
41774	181,95508	-1	-0,90763533	-0,025321543	-0,0038660206	-0,0040278248	-0,0030350196
41774	182,45508	-1	-0,91827476	-0,025609136	-0,0038270094	-0,0040181614	-0,002921266
41774	182,95508	-1	-1,0294225	-0,026980415	-0,0039871298	-0,0040943287	-0,0030764258
41774	183,45508	-1	-1,0261387	-0,027249381	-0,0039149225	-0,0040139928	-0,0029616794
41774	183,95508	-1	-0,95080584	-0,025851279	-0,0038018413	-0,0039471202	-0,0029452755
41774	184,45508	-1	-0,94822794	-0,02560392	-0,0037843026	-0,0038786568	-0,0029081595
41774	184,95508	-1	-0,99919736	-0,026409328	-0,0037912577	-0,0040343851	-0,0029390627
41774	185,45508	-1	-1,0361056	-0,026382878	-0,0038223788	-0,0039597005	-0,0028855884
41774	185,95508	-1	-1,0815859	-0,027043	-0,0038828664	-0,0040210746	-0,0027964897
41774	186,45508	-1	-0,96629	-0,025442243	-0,0037627444	-0,0039660074	-0,002841542
41774	186,95508	-1	-1,066789	-0,02659373	-0,0038228706	-0,0039332695	-0,0029441561
41774	187,45508	-1	-0,97971785	-0,025592744	-0,0037681684	-0,0038985163	-0,0027803928
41774	187,95508	-1	-1,1061542	-0,027469918	-0,0038972199	-0,0040079877	-0,0028265533
41774	188,45508	-1	-1,0310729	-0,026282668	-0,0038257539	-0,0038969032	-0,0027916855
41774	188,95508	-1	-1,0288935	-0,025558844	-0,0037501119	-0,0038603917	-0,0028249915
41774	189,45508	-1	-0,9977501	-0,025771931	-0,0036925264	-0,0039010718	-0,0029180502
41774	189,95508	-1	-1,0170397	-0,025697798	-0,0037035905	-0,0039126091	-0,0027774666
41774	190,45508	-1	-0,96354818	-0,02563633	-0,0036568865	-0,0038213655	-0,0027762516
41774	190,95508	-1	-1,0322518	-0,026074052	-0,0037762411	-0,0038177259	-0,002862528
41774	191,45508	-1	-1,1122897	-0,02678223	-0,0038405918	-0,0038604587	-0,0028920313
41774	191,95508	-1	-1,0601003	-0,026325881	-0,0037859641	-0,0039164536	-0,0028328453
41774	192,45508	-1	-0,98656303	-0,025593862	-0,0036168322	-0,0037944727	-0,0028345813
41774	192,95508	-1	-1,019556	-0,025738403	-0,0036615096	-0,0038152114	-0,0027673305
41774	193,45508	-1	-0,96157008	-0,025396049	-0,003591761	-0,0037767254	-0,002821275
41774	193,95508	-1	-1,0333694	-0,025690719	-0,003663335	-0,0038699433	-0,0028382335
41774	194,45508	-1	-1,0171961	-0,025763735	-0,0036861934	-0,0038252175	-0,0028076544
41774	194,95508	-1	-1,0820962	-0,026309863	-0,0037131011	-0,0038063861	-0,002807878
41774	195,45508	-1	-1,0491871	-0,0262402	-0,0037230924	-0,0037898049	-0,0027202913
41774	195,95508	-1	-1,0993388	-0,026747212	-0,0037173554	-0,0038033053	-0,0028068945
41774	196,45508	-1	-1,0110196	-0,025271624	-0,0036410876	-0,0037098676	-0,0027490272
41774	196,95508	-1	-1,0574553	-0,025948882	-0,0037301816	-0,0038197264	-0,0027687177
41774	197,45508	-1	-1,0323468	-0,025743991	-0,0036417767	-0,0037901551	-0,0027745408
41774	197,95508	-1	-0,99729002	-0,025523454	-0,0035990104	-0,0037432648	-0,0027565323
41774	198,45508	-1	-1,0514371	-0,026432425	-0,0036635511	-0,0038393103	-0,0028266399
41774	198,95508	-1	-1,0220129	-0,025177747	-0,0035608336	-0,0037362464	-0,002634435
41774	199,45508	-1	-1,1255201	-0,026412681	-0,0037778877	-0,0038483031	-0,0027654846
41774	199,95508	-1	-1,0937452	-0,026331842	-0,0037213638	-0,0037261955	-0,0028233691
41774	200,45508	-1	-1,0582805	-0,025966018	-0,0036302879	-0,0037932247	-0,0027610715
41774	200,95508	-1	-1,0484923	-0,026312843	-0,0036270767	-0,0037686825	-0,002719596
41774	201,45508	-1	-1,0780282	-0,02586022	-0,0036397539	-0,0038367212	-0,0028496766
41774	201,95508	-1	-1,0475162	-0,02557151	-0,0035806783	-0,0037192889	-0,0028150762
41774	202,45508	-1	-0,98526478	-0,025385246	-0,0035438351	-0,0037157089	-0,0027612182
41774	202,95508	-1	-1,0764208	-0,02605617	-0,0036278032	-0,0037284791	-0,0027855709
41774	203,45508	-1	-0,98000836	-0,025083125	-0,003500849	-0,0036805496	-0,0027418686
41774	203,95508	-1	-1,0150187	-0,025793165	-0,0035527311	-0,0037880391	-0,0028151395
41774	204,45508	-1	-0,9792093	-0,02524294	-0,0034184977	-0,003686633	-0,0027749315
41774	204,95508	-1	-1,0420754	-0,025236234	-0,0035661571	-0,0036759079	-0,0026591765
41774	205,45508	-1	-1,0104291	-0,024665147	-0,0035171658	-0,0036804155	-0,0026391093
41774	205,95508	-1	-1,0018684	-0,024823472	-0,0034711175	-0,0036453716	-0,0026743379
41774	206,45508	-1	-1,0453798	-0,025651604	-0,0035222061	-0,0037242547	-0,0026931772
41774	206,95508	-1	-0,90924466	-0,023350492	-0,0033398159	-0,0036103278	-0,0026301374
41774	207,45508	-1	-1,093842	-0,026152655	-0,0036049858	-0,0037416518	-0,0027043186
41774	207,95508	-1	-1,0974109	-0,026007369	-0,0035611019	-0,0036730692	-0,0027006897
41774	208,45508	-1	-0,98259187	-0,024577975	-0,0033941902	-0,003669478	-0,0027247095
41774	208,95508	-1	-0,95309502	-0,024265051	-0,0033268444	-0,0036233068	-0,002605252
41774	209,45508	-1	-0,99783206	-0,024599954	-0,0034443177	-0,0036361702	-0,0026852167
41774	209,95508	-1	-1,0439754	-0,024645403	-0,0034790039	-0,0036618598	-0,0026442036
41774	210,45508	-1	-1,051113	-0,025358051	-0,0034762472	-0,0036067776	-0,0027385144
41774	210,95508	-1	-1,0268781	-0,02486892	-0,0034804232	-0,0036400855	-0,0026414869
41774	211,45508	-1	-1,0363739	-0,025755912	-0,0034903288	-0,003647767	-0,0026270328
41774	211,95508	-1,7700195	-1,552092	-0,031929836	-0,0042427331	-0,0041269287	-0,0028469134
41774	212,45508	-2,7200196	-2,5599096	-0,043142959	-0,0059285909	-0,0051062107	-0,0031666262
41774	212,95508	-3,6700194	-2,9703901	-0,047533959	-0,006674096	-0,0054581501	-0,003307858
41774	213,45508	-4,6200194	-4,759891	-0,062851235	-0,0095673539	-0,0071689114	-0,0038778363
41774	213,95508	-5,5700192	-5,6201482	-0,069990754	-0,010862142	-0,0079417787	-0,0044166343
41774	214,45508	-6,5200195	-6,4981318	-0,075890869	-0,012051299	-0,008653149	-0,0052369796
41774	214,95508	-7,4700193	-7,6632414	-0,082818419	-0,013508637	-0,0097206309	-0,0061387895
41774	215,45508	-8,4200191	-8,6350737	-0,088990852	-0,014526282	-0,010495335	-0,007039709
41774	215,95508	-9,370019	-9,7034731	-0,094473362	-0,015787404	-0,011460867	-0,0078777215
41774	216,45508	-10,32002	-10,625341	-0,099214911	-0,016774675	-0,012218878	-0,0086790547
41774	216,95508	-11,27002	-11,508893	-0,10412186	-0,017672578	-0,012996305	-0,0094947023
41774	217,45508	-12,220019	-12,448526	-0,1084175	-0,018676002	-0,013713431	-0,010333093
41774	217,95508	-13,170019	-13,340115	-0,112525	-0,019430019	-0,014486071	-0,011108128
41774	218,45508	-14,120019	-14,321898	-0,11696592	-0,020425607	-0,015270766	-0,01199342
41774	218,95508	-15,07002	-15,316753	-0,12134537	-0,02130978	-0,016107146	-0,012894611
41774	219,45508	-16,02002	-16,103237	-0,12509413	-0,022096058	-0,016762014	-0,01364237
41774	219,95508	-16,970018	-17,064705	-0,12882464	-0,022918086	-0,017489564	-0,014451337
41774	220,45508	-17,920019	-18,107561	-0,1328934	-0,023851337	-0,018282767	-0,015244759
41774	220,95508	-18,87002	-19,062508	-0,13661981	-0,024648888	-0,019053947	-0,016065203
41774	221,45508	-19,820019	-20,126223	-0,14067516	-0,025578521	-0,019878235	-0,016955808
41774	221,95508	-20,77002	-20,912155	-0,14377385	-0,026256558	-0,020430665	-0,017552573
41774	222,45508	-21,720018	-21,987038	-0,14800206	-0,027038857	-0,021245662	-0,018389449
41774	222,95508	-22,670019	-22,758116	-0,15134588	-0,027794948	-0,021793973	-0,019137628
41774	223,45508	-23,62002	-23,697584	-0,15424117	-0,028570188	-0,022497814	-0,019819684
41774	223,95508	-24,570019	-24,758825	-0,15849844	-0,029422397	-0,023333024	-0,020657737
41774	224,45508	-25,52002	-25,874365	-0,16233064	-0,030303048	-0,024076287	-0,021557823
41774	224,95508	-26,470018	-26,669559	-0,16525425	-0,030852314	-0,024688836	-0,022253644
41774	225,45508	-27,420019	-27,54463	-0,16840287	-0,031634644	-0,025318515	-0,022978898
41774	225,95508	-28,37002	-28,582878	-0,17199181	-0,032436963	-0,026040714	-0,02373625
41774	226,45508	-29,320019	-29,39851	-0,1747217	-0,033047415	-0,026643906	-0,024208002
41774	226,95508	-30,27002	-30,415478	-0,17835312	-0,0338208	-0,027244922	-0,025037106
41774	227,45508	-31,220018	-31,385452	-0,18159524	-0,034629084	-0,027997222	-0,025818113
41774	227,95508	-32,170017	-32,370792	-0,18472709	-0,035368461	-0,028634522	-0,02656227
41774	228,45508	-33,120018	-33,34684	-0,188227	-0,036119834	-0,029366005	-0,027329739
41774	228,95508	-34,070019	-34,153545	-0,19071102	-0,036644351	-0,029871684	-0,027890366
41774	229,45508	-35,02002	-35,055344	-0,19337498	-0,037350655	-0,030531328	-0,028667312
41774	229,95508	-35,97002	-35,995209	-0,19668713	-0,038044672	-0,031173211	-0,029375155
41774	230,45508	-36,920017	-37,06226	-0,19984618	-0,038871154	-0,031857904	-0,030134615
41774	230,95508	-37,870018	-38,063389	-0,203228	-0,039532255	-0,03251474	-0,030778032
41774	231,45508	-38,820019	-39,006599	-0,20625219	-0,040319275	-0,033184286	-0,031578947
41774	231,95508	-39,77002	-39,81255	-0,20855516	-0,040856909	-0,033763196	-0,032164909
41774	232,45508	-40,72002	-40,689869	-0,21171682	-0,04152891	-0,034261938	-0,03284961
41774	232,95508	-41,670017	-41,809162	-0,21503083	-0,042328488	-0,035085436	-0,033644717
41774	233,45508	-42,620018	-42,710114	-0,21768771	-0,042984057	-0,035662565	-0,03420284
41774	233,95508	-43,570019	-43,667332	-0,22056848	-0,043691147	-0,036265079	-0,035025816
41774	234,45508	-44,52002	-44,709175	-0,22388771	-0,044376116	-0,036960211	-0,035807669
41774	234,95508	-45,47002	-45,570686	-0,22658892	-0,044961546	-0,037603561	-0,036526881
41774	235,45508	-46,420017	-46,482887	-0,22920966	-0,045612894	-0,038241688	-0,037034992
41774	235,95508	-46,700001	-46,804375	-0,2307348	-0,045892689	-0,038446013	-0,037342649
41774	236,45508	-46,700001	-46,899914	-0,23104139	-0,046032246	-0,038537826	-0,037483916
41774	236,95508	-46,700001	-46,770901	-0,23102798	-0,046065733	-0,038527075	-0,03740574
41774	237,45508	-46,700001	-46,663685	-0,23081154	-0,04604945	-0,038466249	-0,037457734
41774	237,95508	-46,700001	-46,891155	-0,23126416	-0,046095587	-0,038625035	-0,037518896
41774	238,45508	-46,700001	-46,984707	-0,23187771	-0,046214353	-0,038679998	-0,037579123
41774	238,95508	-46,700001	-46,844601	-0,23166165	-0,046161737	-0,03862283	-0,03756354
41774	239,45508	-46,700001	-46,772907	-0,23166724	-0,046099413	-0,038612563	-0,03762361
41774	239,95508	-46,700001	-46,849915	-0,23149885	-0,046136122	-0,038679358	-0,037609454
41774	240,45508	-46,700001	-46,781826	-0,231269	-0,046221662	-0,03861041	-0,037565362
41774	240,95508	-46,700001	-46,841541	-0,23174472	-0,04621001	-0,038674343	-0,037644867
41774	241,45508	-46,700001	-46,715378	-0,23107752	-0,046209726	-0,038570892	-0,03761727
41774	241,95508	-46,700001	-46,909729	-0,23185872	-0,046317615	-0,038759265	-0,037637483
41774	242,45508	-46,700001	-46,824833	-0,23170933	-0,046236202	-0,038714375	-0,037665334
41774	242,95508	-46,700001	-46,868549	-0,23178197	-0,046254724	-0,0388177	-0,037735157
41774	243,45508	-46,700001	-46,755096	-0,23187511	-0,046251506	-0,038723823	-0,037715819
41774	243,95508	-46,700001	-47,011642	-0,23228154	-0,046352923	-0,038881827	-0,037832081
41774	244,45508	-46,700001	-46,768826	-0,23154877	-0,046216026	-0,03878751	-0,03762373
41774	244,95508	-46,700001	-46,785954	-0,23197755	-0,046285484	-0,03879926	-0,037680745
41774	245,45508	-46,700001	-46,795403	-0,23195222	-0,046342392	-0,0387826	-0,037788842
41774	245,95508	-46,700001	-46,797112	-0,2314765	-0,046300024	-0,038785141	-0,037777081
41774	246,45508	-46,700001	-46,871742	-0,2321776	-0,046306916	-0,038857717	-0,037741292
41774	246,95508	-46,700001	-46,708832	-0,23133345	-0,046247438	-0,03876422	-0,037617955
41774	247,45508	-46,700001	-46,883381	-0,23217946	-0,046419453	-0,038885016	-0,037800316
41774	247,95508	-46,700001	-46,791885	-0,23189075	-0,046352923	-0,038870107	-0,037783168
41774	248,45508	-46,700001	-46,743713	-0,2319891	-0,046308551	-0,038842376	-0,037670966
41774	248,95508	-46,700001	-46,722233	-0,23216046	-0,046241794	-0,038840961	-0,037723608
41774	249,45508	-46,700001	-46,780621	-0,23191646	-0,046307862	-0,038946155	-0,037746187
41774	249,95508	-46,700001	-46,778648	-0,23211874	-0,046355344	-0,038790632	-0,037797991
41774	250,45508	-46,700001	-46,714085	-0,23201816	-0,046312485	-0,038787443	-0,037807327
41774	250,95508	-46,700001	-46,809464	-0,23236312	-0,046455577	-0,038921144	-0,037811965
41774	251,45508	-46,700001	-46,911701	-0,2321098	-0,046484195	-0,03898536	-0,03774672
41774	251,95508	-46,700001	-46,732338	-0,23194887	-0,04628785	-0,038867276	-0,037807062
41774	252,45508	-46,700001	-46,809277	-0,23206398	-0,046332527	-0,038925376	-0,03782966
41774	252,95508	-46,700001	-46,774139	-0,23191683	-0,046343978	-0,038882244	-0,037794165
41774	253,45508	-46,700001	-46,83836	-0,23247451	-0,046364158	-0,038870823	-0,03780413
41774	253,95508	-46,700001	-46,80637	-0,23228116	-0,046391338	-0,038975675	-0,037869237
41774	254,45508	-46,700001	-46,717529	-0,23227632	-0,046372183	-0,038914982	-0,037855532
41774	254,95508	-46,700001	-46,783562	-0,23199879	-0,046342108	-0,038944174	-0,037832342
41774	255,45508	-46,700001	-46,627136	-0,23163967	-0,046297666	-0,038838413	-0,037743647
41774	255,95508	-46,700001	-46,727192	-0,23198798	-0,046287116	-0,038897011	-0,03776988
41774	256,45508	-46,700001	-46,573292	-0,23157261	-0,046280749	-0,038809661	-0,03776598
41774	256,95508	-46,700001	-46,828323	-0,23217909	-0,04640368	-0,03899822	-0,037930626
41774	257,45508	-46,700001	-46,757305	-0,23232773	-0,046271063	-0,038956624	-0,037791137
41774	257,95508	-46,700001	-46,834278	-0,23249984	-0,04637396	-0,038993146	-0,037917309
41774	258,45508	-46,700001	-46,72702	-0,23221262	-0,046246357	-0,038903955	-0,037906345
41774	258,95508	-46,700001	-46,647476	-0,23182929	-0,046199944	-0,038848434	-0,037844721
41774	259,45508	-46,700001	-46,80159	-0,23229383	-0,046393771	-0,03894658	-0,037954669
41774	259,95508	-46,700001	-46,698631	-0,23200363	-0,046346087	-0,038918432	-0,037780553
41774	260,45508	-46,700001	-46,854374	-0,2319511	-0,046505123	-0,038979474	-0,037873656
41774	260,95508	-46,700001	-46,87373	-0,23237951	-0,046479966	-0,038970735	-0,037933335
41774	261,45508	-46,700001	-46,877129	-0,23256205	-0,046467245	-0,039014366	-0,037987716
41774	261,95508	-46,700001	-46,767834	-0,23216531	-0,046386234	-0,03903364	-0,037963878
41774	262,45508	-46,700001	-46,800297	-0,23238473	-0,04640045	-0,038939875	-0,037954178
41774	262,95508	-46,700001	-46,802776	-0,23241453	-0,046429221	-0,038964871	-0,037964489
41774	263,45508	-46,700001	-46,902962	-0,23298524	-0,046476375	-0,039051134	-0,03804731
41774	263,95508	-46,700001	-46,751366	-0,23236759	-0,04637884	-0,038988609	-0,038002495
41774	264,45508	-46,700001	-46,729984	-0,23214631	-0,046356529	-0,03898396	-0,037874706
41774	264,95508	-46,700001	-46,835342	-0,2323404	-0,046428833	-0,039082225	-0,038032971
41774	265,45508	-46,700001	-46,870525	-0,23245774	-0,046468146	-0,039020982	-0,038054623
41774	265,95508	-44,971485	-45,160748	-0,22833608	-0,045445733	-0,03803381	-0,036961697
41774	266,45508	-42,471485	-42,497894	-0,22147	-0,043678872	-0,036465775	-0,035118308
41774	266,95508	-39,971485	-40,139145	-0,21453202	-0,042291675	-0,035008762	-0,03363362
41774	267,45508	-37,471485	-37,536644	-0,20763353	-0,04044646	-0,033406008	-0,031996999
41774	267,95508	-34,971485	-34,886703	-0,2003327	-0,03869091	-0,031800706	-0,030234776
41774	268,45508	-32,471485	-32,737286	-0,19363239	-0,037225284	-0,030391622	-0,028742373
41774	268,95508	-29,971485	-30,090548	-0,1852639	-0,035266921	-0,028683241	-0,026821773
41774	269,45508	-27,471485	-27,507507	-0,17730705	-0,033316549	-0,027008612	-0,025020305
41774	269,95508	-24,971485	-25,084616	-0,16918853	-0,031467281	-0,025338169	-0,023304336
41774	270,45508	-22,471485	-22,450562	-0,15915819	-0,029391687	-0,023474839	-0,021410782
41774	270,95508	-19,971485	-19,977036	-0,15036203	-0,027391555	-0,021781262	-0,019434627
41774	271,45508	-17,471485	-17,432869	-0,140002	-0,025209203	-0,019932505	-0,017405946
41774	271,95508	-14,971485	-15,061128	-0,13039447	-0,023061587	-0,018037725	-0,015551115
41774	272,45508	-12,471485	-12,519638	-0,11908822	-0,0207189	-0,016042572	-0,013397117
41774	272,95508	-9,9714851	-10,097602	-0,10724105	-0,018284893	-0,013914354	-0,011224664
41774	273,45508	-7,4714851	-7,5147133	-0,092746317	-0,015352771	-0,011640042	-0,0087814964
41774	273,95508	-4,9714851	-5,1596293	-0,077193603	-0,012284085	-0,0093628913	-0,00659749
41774	274,45508	-2,4714851	-3,3139327	-0,061868504	-0,009336967	-0,0074129291	-0,0049299207
41774	274,95508	-1	-0,87154657	-0,03002435	-0,0039715469	-0,0041139275	-0,0034635556
41774	275,45508	-1	-0,80822968	-0,027967244	-0,0035738423	-0,0037741028	-0,00320443
41774	275,95508	-1	-0,72191286	-0,025963783	-0,0034069046	-0,0036173537	-0,0031434125
41774	276,45508	-1	-0,75627494	-0,025963783	-0,0033324026	-0,0035615601	-0,0031386316
41774	276,95508	-1	-0,80829298	-0,026803836	-0,0034141876	-0,0036454983	-0,0031757718
41774	277,45508	-1	-0,81162524	-0,026866794	-0,0034831427	-0,0036366023	-0,0031540417
41774	277,95508	-1	-0,89436585	-0,027666613	-0,0034802593	-0,0036556348	-0,0030457554
41774	278,45508	-1	-0,93757737	-0,028276816	-0,003581997	-0,003703367	-0,0031264327
41774	278,95508	-1	-1,0529011	-0,029483065	-0,0036711693	-0,0037595667	-0,0031555858
41774	279,45508	-1	-1,0269154	-0,029259548	-0,0036042593	-0,0037997812	-0,0032030381
41774	279,95508	-1	-1,000356	-0,029325485	-0,0035006106	-0,0037163571	-0,0030135834
41774	280,45508	-1	-1,0043905	-0,029433891	-0,0035734065	-0,0036853515	-0,0030557467
41774	280,95508	0	0,056909397	3,0167322	-0,0015140697	-0,0019629784	-0,0025262744

Datenerfassung						Zeit:	281,15234	s	15.05.2014 10:59:45
Ch 1 Kraft	Ch 1 Weg	1944 A	1944 B	1281068
kN	mm	mm	mm	mm
0,11076592	4,8442912	0,00016560778	0,00011857972	0,00013335911
-47,87925	-0,23318715	-0,26633394	-0,086842582	-0,1637575
