Datum : 	14.5.2014
Durchmesser :	48,0
Datum	Laufzeit	Ch 1 Kraft Sollwert	Ch 1 Kraft	Ch 1 Weg	1944 A	1944 B	1281068
d	s	kN	kN	mm	mm	mm	mm
41773	17,404297	-1	-1,0008793	-0,4960306	-0,033616818	-0,37478435	-0,31599507
41773	17,904297	-1	-1,003094	-0,49664527	-0,033589385	-0,37472731	-0,31622154
41773	18,404297	-1	-0,96169114	-0,49651712	-0,033480242	-0,37468928	-0,31603929
41773	18,904297	-1	-0,97976625	-0,49633458	-0,033588178	-0,37472934	-0,31605753
41773	19,404297	-1	-0,980299	-0,49614012	-0,033522204	-0,37480062	-0,31609288
41773	19,904297	-1	-0,95003283	-0,49585104	-0,033551767	-0,37477171	-0,31606784
41773	20,404297	-1	-0,9668842	-0,49598217	-0,033569016	-0,37475491	-0,31599084
41773	20,904297	-1	-0,96168745	-0,49589425	-0,03355816	-0,37477547	-0,3160392
41773	21,404297	-1	-0,99212301	-0,49639568	-0,033618733	-0,37472036	-0,31608558
41773	21,904297	-1	-0,9933449	-0,49624518	-0,033640295	-0,37468016	-0,31606171
41773	22,404297	-1	-0,9881295	-0,49634203	-0,033601023	-0,37470201	-0,31606272
41773	22,904297	-1	-0,98826921	-0,49597323	-0,033626765	-0,37474376	-0,3161675
41773	23,404297	-1	-0,99242294	-0,49634129	-0,033561058	-0,37473446	-0,31605709
41773	23,904297	-1	-0,98596328	-0,49626529	-0,033582881	-0,37473649	-0,31615502
41773	24,404297	-1	-0,96241945	-0,49585551	-0,03350959	-0,37475622	-0,31598955
41773	24,904297	-1	-0,9111203	-0,49607083	-0,033564292	-0,37474459	-0,31582448
41773	25,404297	-1	-0,96510535	-0,4962571	-0,033553481	-0,37467757	-0,3160497
41773	25,904297	-1	-0,9823162	-0,49643219	-0,033542022	-0,37471589	-0,31601149
41773	26,404297	-1	-0,9637866	-0,49638823	-0,0334737	-0,37470576	-0,31599218
41773	26,904297	-1	-1,0153241	-0,49708113	-0,033510752	-0,37471402	-0,31614116
41773	27,404297	-1,4580078	-1,4256053	-0,0048972666	-0,00041336566	-0,00010292232	-0,0011963844
41773	27,904297	-1,9580078	-1,9364655	-0,010525435	-0,0010306314	-0,00044383109	-0,002679944
41773	28,404297	-2,4580078	-2,430331	-0,015870482	-0,0016068965	-0,00084409863	-0,0038495064
41773	28,904297	-2,9580078	-2,6107821	-0,018249452	-0,0018762872	-0,0010647625	-0,0042563081
41773	29,404297	-3,4580078	-3,4537168	-0,024996698	-0,0030018315	-0,0020169839	-0,0059384406
41773	29,904297	-3,9580078	-4,1125565	-0,031388551	-0,0038248003	-0,0030013025	-0,0072923303
41773	30,404297	-4,4580078	-4,5760312	-0,035702437	-0,0044121295	-0,0037011802	-0,0080828369
41773	30,904297	-4,9580078	-5,0192776	-0,038606673	-0,004971303	-0,0043864399	-0,0089916885
41773	31,404297	-5,4580078	-5,4652615	-0,0426054	-0,0055336058	-0,0050132349	-0,0098890364
41773	31,904297	-5,9580078	-6,0048103	-0,04645288	-0,0062056333	-0,0059074238	-0,010873049
41773	32,404297	-6,4580078	-6,4517798	-0,050377846	-0,0068382621	-0,0064871833	-0,011734843
41773	32,904297	-6,9580078	-6,9775825	-0,054211169	-0,0076014102	-0,0073012859	-0,012735873
41773	33,404297	-7,4580078	-7,497334	-0,057725608	-0,0081704631	-0,0079915896	-0,013733834
41773	33,904297	-7,9580078	-7,9737401	-0,061208755	-0,0088396445	-0,0088298395	-0,014592975
41773	34,404297	-8,4580078	-8,5810108	-0,066018105	-0,0096959472	-0,0097319856	-0,015608937
41773	34,904297	-8,9580078	-8,9311361	-0,067701936	-0,010177989	-0,010222502	-0,016349822
41773	35,404297	-9,4580078	-9,5262127	-0,072190911	-0,010987114	-0,011123493	-0,017311215
41773	35,904297	-9,9580078	-10,00458	-0,075188279	-0,011660099	-0,011878379	-0,018170565
41773	36,404297	-10,458008	-10,497898	-0,078577548	-0,012414359	-0,012604602	-0,019127727
41773	36,904297	-10,958008	-11,023025	-0,081309676	-0,013172187	-0,013452344	-0,019831121
41773	37,404297	-11,458008	-11,519713	-0,084053725	-0,013836998	-0,014171049	-0,020774364
41773	37,904297	-11,958008	-12,014669	-0,087925792	-0,014600031	-0,014992774	-0,021630615
41773	38,404297	-12,458008	-12,466287	-0,090566278	-0,015294973	-0,015681118	-0,022379726
41773	38,904297	-12,958008	-12,94074	-0,093561411	-0,01593731	-0,016370893	-0,023300946
41773	39,404297	-13,458008	-13,458513	-0,096846372	-0,016751107	-0,017147109	-0,024192035
41773	39,904297	-13,958008	-13,931111	-0,099718571	-0,017445661	-0,01783549	-0,024933815
41773	40,404297	-14,458008	-14,462536	-0,10262728	-0,018283274	-0,018669315	-0,025795341
41773	40,904297	-14,958008	-15,020151	-0,10584146	-0,019094504	-0,019482873	-0,026827127
41773	41,404297	-15,458008	-15,536382	-0,10840595	-0,019827332	-0,020307876	-0,027622432
41773	41,904297	-15,958008	-15,934365	-0,11020824	-0,020455208	-0,020906419	-0,028346241
41773	42,404297	-16,458008	-16,470181	-0,1144141	-0,021294467	-0,02179049	-0,029299676
41773	42,904297	-16,958008	-16,948353	-0,11586025	-0,021885421	-0,022443213	-0,030168474
41773	43,404297	-17,458008	-17,420343	-0,11910871	-0,022652481	-0,023275979	-0,03088516
41773	43,904297	-17,958008	-17,921904	-0,12210011	-0,023480222	-0,023964308	-0,031869441
41773	44,404297	-18,458008	-18,472118	-0,12506694	-0,024283689	-0,024777241	-0,032752514
41773	44,904297	-18,958008	-18,932127	-0,12778714	-0,024947226	-0,025560968	-0,033460677
41773	45,404297	-19,458008	-19,40296	-0,13073981	-0,025638256	-0,026220933	-0,034341782
41773	45,904297	-19,958008	-19,923391	-0,13332739	-0,02644714	-0,027092263	-0,035253644
41773	46,404297	-20,458008	-20,507732	-0,13588369	-0,027422719	-0,027885802	-0,036134541
41773	46,904297	-20,958008	-20,97699	-0,13861358	-0,028045014	-0,028665826	-0,036968887
41773	47,404297	-21,458008	-21,469822	-0,14167652	-0,028821174	-0,029389448	-0,03786549
41773	47,904297	-21,958008	-21,944769	-0,14464706	-0,029606316	-0,030116424	-0,038700968
41773	48,404297	-22,458008	-22,434505	-0,14678687	-0,030313767	-0,030842416	-0,039396971
41773	48,904297	-22,958008	-22,852911	-0,14876276	-0,030887257	-0,031590872	-0,040234923
41773	49,404297	-23,458008	-23,333084	-0,15248209	-0,03162057	-0,032277413	-0,04092142
41773	49,904297	-23,958008	-23,941715	-0,15427843	-0,03259128	-0,033251569	-0,042049974
41773	50,404297	-24,458008	-24,409334	-0,15749112	-0,03328459	-0,033972435	-0,042926043
41773	50,904297	-24,958008	-24,918653	-0,15975535	-0,034130611	-0,034708492	-0,043641269
41773	51,404297	-25,458008	-25,384256	-0,16208962	-0,034827232	-0,035466366	-0,044478536
41773	51,904297	-25,958008	-25,903818	-0,16502216	-0,035575364	-0,036290362	-0,045295268
41773	52,404297	-26,458008	-26,355772	-0,16740337	-0,036221631	-0,036858767	-0,045999646
41773	52,904297	-26,958008	-26,98756	-0,17057061	-0,037117425	-0,037921503	-0,047139436
41773	53,404297	-27,458008	-27,422787	-0,17279834	-0,03782798	-0,038520284	-0,047971249
41773	53,904297	-27,958008	-27,856043	-0,17511025	-0,038513076	-0,039288849	-0,048608482
41773	54,404297	-28,458008	-28,373631	-0,17808899	-0,039330132	-0,040127918	-0,049521178
41773	54,904297	-28,958008	-28,952675	-0,18081069	-0,040245168	-0,040940672	-0,050489813
41773	55,404297	-29,458008	-29,498655	-0,18275976	-0,040977851	-0,041742407	-0,051327884
41773	55,904297	-29,958008	-29,897018	-0,18553361	-0,041639458	-0,042382151	-0,051961064
41773	56,404297	-30,458008	-30,47657	-0,18815622	-0,042593203	-0,043271028	-0,052993834
41773	56,904297	-30,958008	-30,861135	-0,19032732	-0,043100521	-0,043913014	-0,053681672
41773	57,404297	-31,458008	-31,413017	-0,19280687	-0,043987997	-0,044782825	-0,054565996
41773	57,904297	-31,958008	-31,856455	-0,19559413	-0,044647161	-0,045384318	-0,05533883
41773	58,404297	-32,458008	-32,385036	-0,19773021	-0,045521252	-0,046169534	-0,056132138
41773	58,904297	-32,958008	-32,958965	-0,200174	-0,046381854	-0,047048897	-0,057037026
41773	59,404297	-33,458008	-33,469612	-0,20319447	-0,047205277	-0,047871403	-0,0580028
41773	59,904297	-33,958008	-33,972286	-0,20584539	-0,047918446	-0,048599355	-0,058901131
41773	60,404297	-34,458008	-34,399757	-0,20810217	-0,048562203	-0,04928685	-0,059562296
41773	60,904297	-34,958008	-34,876503	-0,2107054	-0,049392585	-0,050057836	-0,060430169
41773	61,404297	-35,458008	-35,424534	-0,21267533	-0,050129909	-0,050837144	-0,061316162
41773	61,904297	-35,958008	-35,923824	-0,21550953	-0,050963953	-0,051601574	-0,062106997
41773	62,404297	-36,458008	-36,428802	-0,21832958	-0,051693462	-0,052432261	-0,063002884
41773	62,904297	-36,958008	-36,91016	-0,21986514	-0,052425139	-0,053218707	-0,063799113
41773	63,404297	-37,458008	-37,353161	-0,22304952	-0,053174958	-0,053875882	-0,064653546
41773	63,904297	-37,958008	-37,945248	-0,22572801	-0,054031476	-0,054764714	-0,065483063
41773	64,404297	-38,458008	-38,416004	-0,22798553	-0,05474332	-0,055453535	-0,066344768
41773	64,904297	-38,958008	-38,865349	-0,22954196	-0,055388909	-0,056169249	-0,067102998
41773	65,404297	-39,458008	-39,469601	-0,23266077	-0,056348123	-0,057048839	-0,068031907
41773	65,904297	-39,958008	-39,952953	-0,23501292	-0,057057187	-0,057817429	-0,068913937
41773	66,404297	-40,458008	-40,430557	-0,23707822	-0,057846311	-0,058511302	-0,069638431
41773	66,904297	-40,958008	-40,991386	-0,24000108	-0,058590893	-0,059409656	-0,070645064
41773	67,404297	-41,458008	-41,417549	-0,24206787	-0,05928361	-0,060029957	-0,071459502
41773	67,904297	-41,958008	-41,862343	-0,24423525	-0,059926931	-0,0607884	-0,072086245
41773	68,404297	-42,458008	-42,511917	-0,24765506	-0,060919255	-0,06186574	-0,073220104
41773	68,904297	-42,958008	-42,852032	-0,24910867	-0,061387952	-0,062311612	-0,073781699
41773	69,404297	-43,458008	-43,472122	-0,25228932	-0,062431835	-0,063207775	-0,074686527
41773	69,904297	-43,958008	-44,028797	-0,25490001	-0,063277684	-0,064053982	-0,075619608
41773	70,404297	-44,458008	-44,437004	-0,25674999	-0,063830182	-0,064711042	-0,076449692
41773	70,904297	-44,958008	-44,893631	-0,25886744	-0,06455373	-0,065436751	-0,077049226
41773	71,404297	-45,458008	-45,425777	-0,26184022	-0,065363325	-0,066301927	-0,078032076
41773	71,904297	-45,958008	-45,994164	-0,26438162	-0,06627652	-0,067200378	-0,078991473
41773	72,404297	-46,458008	-46,40501	-0,26643202	-0,066901691	-0,067765154	-0,07966888
41773	72,904297	-46,958008	-46,990337	-0,26896819	-0,067839168	-0,068697438	-0,080634952
41773	73,404297	-47,458008	-47,501404	-0,27167723	-0,068578467	-0,069575734	-0,081573129
41773	73,904297	-47,958008	-47,966393	-0,27311966	-0,069268435	-0,070151478	-0,082263052
41773	74,404297	-48,458008	-48,42395	-0,27620271	-0,070020132	-0,070879921	-0,082985491
41773	74,904297	-48,958008	-48,95253	-0,27833581	-0,070802025	-0,071714193	-0,084064573
41773	75,404297	-49,458008	-49,559265	-0,28163791	-0,071715064	-0,072602764	-0,084914178
41773	75,904297	-49,958008	-49,871632	-0,28257668	-0,072184578	-0,073220357	-0,085444987
41773	76,404297	-50,458008	-50,376404	-0,28587207	-0,07305105	-0,074020758	-0,086406589
41773	76,904297	-50,446095	-50,485077	-0,28551593	-0,073263347	-0,074218377	-0,086716712
41773	77,404297	-49,946095	-49,949657	-0,28401092	-0,072455265	-0,073490769	-0,085886598
41773	77,904297	-49,446095	-49,444355	-0,28249323	-0,071755707	-0,072745517	-0,085166633
41773	78,404297	-48,946095	-48,932659	-0,27993172	-0,070974723	-0,071978159	-0,084473342
41773	78,904297	-48,446095	-48,37941	-0,27802885	-0,070338368	-0,071233705	-0,083548635
41773	79,404297	-47,946095	-47,884327	-0,27586222	-0,069654316	-0,07054133	-0,082888097
41773	79,904297	-47,446095	-47,392048	-0,27351379	-0,068933465	-0,06988848	-0,082112998
41773	80,404297	-46,946095	-46,864162	-0,27151406	-0,068194874	-0,069103375	-0,081346542
41773	80,904297	-46,446095	-46,379883	-0,26931018	-0,067473203	-0,068339504	-0,08057797
41773	81,404297	-45,946095	-45,900517	-0,26754364	-0,066813216	-0,067649603	-0,079823494
41773	81,904297	-45,446095	-45,472565	-0,26553795	-0,066068158	-0,067005262	-0,079136848
41773	82,404297	-44,946095	-44,922405	-0,26319325	-0,06539771	-0,066219822	-0,078419775
41773	82,904297	-44,446095	-44,370667	-0,26063919	-0,064656444	-0,065425634	-0,077549756
41773	83,404297	-43,946095	-43,866413	-0,25867969	-0,063911833	-0,064613491	-0,076759517
41773	83,904297	-43,446095	-43,407963	-0,25693327	-0,063228108	-0,064053409	-0,076051682
41773	84,404297	-42,946095	-42,958214	-0,25449619	-0,062575988	-0,0634069	-0,075431049
41773	84,904297	-42,446095	-42,39917	-0,25250018	-0,06168393	-0,062585071	-0,074515611
41773	85,404297	-41,946095	-41,922588	-0,25042593	-0,061078951	-0,061881155	-0,073897809
41773	85,904297	-41,446095	-41,464767	-0,24845079	-0,060430519	-0,061191037	-0,07314238
41773	86,404297	-40,946095	-40,872566	-0,2457805	-0,059562191	-0,060338888	-0,072422564
41773	86,904297	-40,446095	-40,389076	-0,24327934	-0,058816608	-0,059578627	-0,071460009
41773	87,404297	-39,946095	-39,879776	-0,24126768	-0,058162939	-0,058847111	-0,070830494
41773	87,904297	-39,446095	-39,399723	-0,23870096	-0,057472516	-0,058156766	-0,070038438
41773	88,404297	-38,946095	-38,87035	-0,23730099	-0,05669992	-0,057351489	-0,069245219
41773	88,904297	-38,446095	-38,405937	-0,23493692	-0,055964716	-0,056660146	-0,0685637
41773	89,404297	-37,946095	-37,947929	-0,23262277	-0,055346653	-0,055937592	-0,068121463
41773	89,904297	-37,446095	-37,448849	-0,2305679	-0,054645997	-0,055189151	-0,067341894
41773	90,404297	-36,946095	-36,840343	-0,22757202	-0,053708483	-0,054401968	-0,06642437
41773	90,904297	-36,446095	-36,427101	-0,22583306	-0,053116329	-0,053710293	-0,06594187
41773	91,404297	-35,946095	-35,879925	-0,22428408	-0,052310616	-0,052904002	-0,06496495
41773	91,904297	-35,446095	-35,340584	-0,22085607	-0,051634066	-0,052134104	-0,064265013
41773	92,404297	-34,946095	-34,948265	-0,21906123	-0,050957616	-0,051536299	-0,063762844
41773	92,904297	-34,446095	-34,456051	-0,21701902	-0,05021812	-0,050733671	-0,062977761
41773	93,404297	-33,946095	-33,948784	-0,21473244	-0,049528707	-0,050047711	-0,062249154
41773	93,904297	-33,446095	-33,391903	-0,21198317	-0,048688255	-0,049145669	-0,061493188
41773	94,404297	-32,946095	-32,837193	-0,20982251	-0,047860589	-0,048243232	-0,060644239
41773	94,904297	-32,446095	-32,416401	-0,20748898	-0,047191802	-0,047724247	-0,06004402
41773	95,404297	-31,946095	-31,836075	-0,20526275	-0,04638369	-0,046891682	-0,059165061
41773	95,904297	-31,446095	-31,288092	-0,2021797	-0,045586154	-0,046111912	-0,058425218
41773	96,404297	-30,946095	-30,791594	-0,20057932	-0,044807844	-0,045263954	-0,057593971
41773	96,904297	-30,446095	-30,380514	-0,19815341	-0,044158172	-0,044665903	-0,057036132
41773	97,404297	-29,946095	-29,858866	-0,19577667	-0,043420263	-0,043923192	-0,056278288
41773	97,904297	-29,446095	-29,408258	-0,19342601	-0,042701498	-0,04323902	-0,055538177
41773	98,404297	-28,946095	-28,926037	-0,19141957	-0,041998476	-0,042461254	-0,054855198
41773	98,904297	-28,446095	-28,386627	-0,18910468	-0,041223794	-0,041635394	-0,053969145
41773	99,404297	-27,946095	-27,863522	-0,18621981	-0,040435735	-0,040832117	-0,053226858
41773	99,904297	-27,446095	-27,464176	-0,18377304	-0,03981512	-0,040182874	-0,052613139
41773	100,4043	-26,946095	-26,86108	-0,18130541	-0,038971178	-0,039399251	-0,051788211
41773	100,9043	-26,446095	-26,44582	-0,17949641	-0,038264491	-0,038652137	-0,051096499
41773	101,4043	-25,946095	-25,878233	-0,17666295	-0,037460443	-0,037846595	-0,050269485
41773	101,9043	-25,446095	-25,414959	-0,17383322	-0,036762744	-0,037063599	-0,049581885
41773	102,4043	-24,946095	-24,979464	-0,17196089	-0,036048431	-0,036436692	-0,048932374
41773	102,9043	-24,446095	-24,396616	-0,16901046	-0,035275169	-0,035621546	-0,04804787
41773	103,4043	-23,946095	-23,875162	-0,16606674	-0,034468777	-0,034759134	-0,047325104
41773	103,9043	-23,446095	-23,402792	-0,16422868	-0,03377175	-0,034090504	-0,046652824
41773	104,4043	-22,946095	-22,811661	-0,16138777	-0,032857895	-0,033196419	-0,045683682
41773	104,9043	-22,446095	-22,363567	-0,15908629	-0,032083116	-0,032499142	-0,0450418
41773	105,4043	-21,946095	-21,943081	-0,15621036	-0,031577371	-0,031799115	-0,044369012
41773	105,9043	-21,446095	-21,408092	-0,15372559	-0,030785441	-0,03097105	-0,043511748
41773	106,4043	-20,946095	-20,870646	-0,15071332	-0,029944979	-0,030080535	-0,042674214
41773	106,9043	-20,446095	-20,512583	-0,14903843	-0,02937888	-0,029609457	-0,042134494
41773	107,4043	-19,946095	-19,900517	-0,14553219	-0,028488789	-0,028652199	-0,041215807
41773	107,9043	-19,446095	-19,432522	-0,14337525	-0,027766168	-0,02798605	-0,040488988
41773	108,4043	-18,946095	-18,936445	-0,14065653	-0,026934717	-0,02713459	-0,039708227
41773	108,9043	-18,446095	-18,42259	-0,13831258	-0,026226379	-0,026413746	-0,038911372
41773	109,4043	-17,946095	-17,905617	-0,13571009	-0,025447395	-0,025605083	-0,038184464
41773	109,9043	-17,446095	-17,35832	-0,1321353	-0,024639845	-0,024682425	-0,037333131
41773	110,4043	-16,946095	-16,883753	-0,12920052	-0,023862094	-0,024033889	-0,036656827
41773	110,9043	-16,446095	-16,3545	-0,12640208	-0,023104638	-0,023151524	-0,035684288
41773	111,4043	-15,946095	-15,93086	-0,12409911	-0,022420488	-0,022508688	-0,035049826
41773	111,9043	-15,446095	-15,379964	-0,12097135	-0,021556947	-0,021649934	-0,034197778
41773	112,4043	-14,946095	-14,943857	-0,11862814	-0,02084209	-0,020953543	-0,033510178
41773	112,9043	-14,446095	-14,382771	-0,11561736	-0,020068765	-0,020096108	-0,032667845
41773	113,4043	-13,946095	-13,917158	-0,1128681	-0,01926804	-0,019375056	-0,031971395
41773	113,9043	-13,446095	-13,383827	-0,10943934	-0,018566061	-0,018560603	-0,030968457
41773	114,4043	-12,946095	-12,88176	-0,10636002	-0,017778948	-0,017832451	-0,030276239
41773	114,9043	-12,446095	-12,427886	-0,10330752	-0,017138388	-0,016936958	-0,029402584
41773	115,4043	-11,946095	-11,889773	-0,10075569	-0,016268089	-0,016171142	-0,028578639
41773	115,9043	-11,446095	-11,316586	-0,096642226	-0,015377946	-0,015231296	-0,027712792
41773	116,4043	-10,946095	-10,948976	-0,094887614	-0,014802072	-0,014693052	-0,027098358
41773	116,9043	-10,446095	-10,422239	-0,091744959	-0,014017925	-0,013856046	-0,026187807
41773	117,4043	-9,9460945	-9,8994808	-0,088104606	-0,013277985	-0,013037466	-0,025429934
41773	117,9043	-9,4460945	-9,3545208	-0,084350258	-0,012483612	-0,012133889	-0,024505228
41773	118,4043	-8,9460945	-8,867362	-0,081644952	-0,011793051	-0,011388935	-0,023687154
41773	118,9043	-8,4460945	-8,3315077	-0,07764101	-0,010970999	-0,010484971	-0,022770584
41773	119,4043	-7,9460945	-7,87321	-0,074571371	-0,01023766	-0,0097901225	-0,022010922
41773	119,9043	-7,4460945	-7,374095	-0,070793927	-0,0095655471	-0,0088980123	-0,021182477
41773	120,4043	-6,9460945	-6,8828845	-0,06704703	-0,0088537782	-0,0082187727	-0,020245075
41773	120,9043	-6,4460945	-6,4170008	-0,063682348	-0,0081818253	-0,0073318183	-0,019458681
41773	121,4043	-5,9460945	-5,9680233	-0,060257316	-0,0075841919	-0,006642133	-0,01876092
41773	121,9043	-5,4460945	-5,5355487	-0,056996197	-0,0069368407	-0,0060110539	-0,017869115
41773	122,4043	-4,9460945	-5,2441468	-0,054208934	-0,0065278634	-0,0055547208	-0,017370999
41773	122,9043	-4,4460945	-4,3682923	-0,047268718	-0,0052843541	-0,0042005554	-0,01581794
41773	123,4043	-3,9460945	-3,851747	-0,042787939	-0,0045717657	-0,0033794865	-0,014761925
41773	123,9043	-3,4460945	-3,3722501	-0,038491189	-0,0038914606	-0,0027160272	-0,013923317
41773	124,4043	-2,9460945	-2,8807707	-0,033539534	-0,0032311603	-0,0020101219	-0,012872517
41773	124,9043	-2,4460945	-2,4186094	-0,028283149	-0,0025826469	-0,0014718622	-0,011759579
41773	125,4043	-1,9460945	-1,9633602	-0,023149699	-0,0018558279	-0,0009835884	-0,010904104
41773	125,9043	-1,4460945	-1,3927593	-0,016160309	-0,0010311455	-0,00044091791	-0,0094183087
41773	126,4043	-1,0498047	-0,9515211	-0,0094845891	-0,00055474043	-8,1643462e-05	-0,0080218315
41773	126,9043	-1,5498047	-1,2184494	-0,012607127	-0,00078633428	-0,00024602562	-0,0088771284
41773	127,4043	-2,0498047	-1,8827263	-0,019562244	-0,0016140789	-0,00081486255	-0,010569811
41773	127,9043	-2,5498047	-2,4020336	-0,024264306	-0,0022646636	-0,001285255	-0,011537343
41773	128,4043	-3,0498047	-2,633363	-0,027364492	-0,0024929047	-0,0015611798	-0,012166917
41773	128,9043	-3,5498047	-3,4182613	-0,034337491	-0,0035278201	-0,0024985671	-0,013734996
41773	129,4043	-4,0498047	-4,0742049	-0,039470941	-0,0044375509	-0,0035177916	-0,014832348
41773	129,9043	-4,5498047	-4,5988207	-0,044173002	-0,0051471815	-0,0042029321	-0,015924364
41773	130,4043	-5,0498047	-5,0274005	-0,047691166	-0,0056849793	-0,0047850609	-0,016721964
41773	130,9043	-5,5498047	-5,5201874	-0,051340461	-0,0063595995	-0,0055724084	-0,017584354
41773	131,4043	-6,0498047	-6,1069169	-0,055684149	-0,0071667656	-0,0064482093	-0,018610209
41773	131,9043	-6,5498047	-6,6481829	-0,059644878	-0,0078762323	-0,0072634146	-0,019629866
41773	132,4043	-7,0498047	-7,0922718	-0,062038749	-0,0083975643	-0,0079447553	-0,020425618
41773	132,9043	-7,5498047	-7,6038904	-0,066631287	-0,0090983734	-0,0087334365	-0,021257132
41773	133,4043	-8,0498047	-8,0410194	-0,069574267	-0,0097415075	-0,0094029233	-0,0222269
41773	133,9043	-8,5498047	-8,5714808	-0,073351711	-0,010448717	-0,010285608	-0,023221344
41773	134,4043	-9,0498047	-9,0298548	-0,075618923	-0,011107627	-0,010930732	-0,023826301
41773	134,9043	-9,5498047	-9,5544691	-0,079219788	-0,011868123	-0,01168023	-0,024815142
41773	135,4043	-10,049805	-9,9942522	-0,081907213	-0,01250289	-0,012389943	-0,025599867
41773	135,9043	-10,549805	-10,583675	-0,085645914	-0,013355464	-0,013252169	-0,026513129
41773	136,4043	-11,049805	-11,074341	-0,088537484	-0,014039889	-0,014119186	-0,027467549
41773	136,9043	-11,549805	-11,554301	-0,091575831	-0,014699839	-0,014843419	-0,028201014
41773	137,4043	-12,049805	-12,001112	-0,094155967	-0,015383039	-0,01539433	-0,028996617
41773	137,9043	-12,549805	-12,627647	-0,097960979	-0,016303446	-0,016434655	-0,030106097
41773	138,4043	-13,049805	-13,023863	-0,10041371	-0,016882587	-0,017122805	-0,030757964
41773	138,9043	-13,549805	-13,480668	-0,10278001	-0,017549053	-0,017793842	-0,031478286
41773	139,4043	-14,049805	-14,025121	-0,10655373	-0,018339742	-0,018637255	-0,032458216
41773	139,9043	-14,549805	-14,625888	-0,10933727	-0,019218214	-0,019484848	-0,033397853
41773	140,4043	-15,049805	-15,00527	-0,11146292	-0,019803412	-0,020071834	-0,03407836
41773	140,9043	-15,549805	-15,536911	-0,11420175	-0,020580437	-0,020967223	-0,035014659
41773	141,4043	-16,049805	-15,981808	-0,11733472	-0,021293622	-0,021570601	-0,035789818
41773	141,9043	-16,549805	-16,530649	-0,12003481	-0,022075798	-0,022451721	-0,036704957
41773	142,4043	-17,049805	-17,084255	-0,12284964	-0,022914149	-0,023206308	-0,03764835
41773	142,9043	-17,549805	-17,513924	-0,12558401	-0,023550928	-0,024012737	-0,038452357
41773	143,4043	-18,049805	-18,100311	-0,12838691	-0,024454564	-0,024801031	-0,03933996
41773	143,9043	-18,549805	-18,559889	-0,13061836	-0,025125731	-0,025524549	-0,040108323
41773	144,4043	-19,049805	-19,033379	-0,13417825	-0,025851235	-0,026244573	-0,040996164
41773	144,9043	-19,549805	-19,54092	-0,13609454	-0,026594695	-0,027102076	-0,041723907
41773	145,4043	-20,049805	-20,019228	-0,13918728	-0,02736875	-0,02783294	-0,042632103
41773	145,9043	-20,549805	-20,508741	-0,14174059	-0,028061882	-0,028567508	-0,043406963
41773	146,4043	-21,049805	-21,043262	-0,14458448	-0,028874271	-0,029421374	-0,044324249
41773	146,9043	-21,549805	-21,556608	-0,1471214	-0,029771291	-0,030226417	-0,04520449
41773	147,4043	-22,049805	-22,070696	-0,1497969	-0,030443292	-0,030949667	-0,046083033
41773	147,9043	-22,549805	-22,595951	-0,15260875	-0,031164996	-0,031810746	-0,046860576
41773	148,4043	-23,049805	-23,002621	-0,15535429	-0,031823162	-0,032381356	-0,047567427
41773	148,9043	-23,549805	-23,509396	-0,15747175	-0,032623045	-0,033142745	-0,048500359
41773	149,4043	-24,049805	-23,996082	-0,15920922	-0,033362653	-0,033993438	-0,049266458
41773	149,9043	-24,549805	-24,491697	-0,16224161	-0,034139507	-0,034747146	-0,050142705
41773	150,4043	-25,049805	-25,042414	-0,16512275	-0,034954168	-0,035530098	-0,051018924
41773	150,9043	-25,549805	-25,559071	-0,16724095	-0,035713896	-0,036312968	-0,051951826
41773	151,4043	-26,049805	-25,94775	-0,16927645	-0,036223099	-0,036920436	-0,052505344
41773	151,9043	-26,549805	-26,5179	-0,17265752	-0,037101503	-0,037762322	-0,053459793
41773	152,4043	-27,049805	-27,050287	-0,17437488	-0,037992544	-0,038618259	-0,054388434
41773	152,9043	-27,549805	-27,575014	-0,17720163	-0,038711306	-0,039500296	-0,05518043
41773	153,4043	-28,049805	-27,961514	-0,18026605	-0,039314233	-0,040055245	-0,055867642
41773	153,9043	-28,549805	-28,482275	-0,18220618	-0,040097881	-0,040883996	-0,056767225
41773	154,4043	-29,049805	-28,968271	-0,1847595	-0,040881686	-0,041550726	-0,057586163
41773	154,9043	-29,549805	-29,564671	-0,18776208	-0,041732401	-0,0424551	-0,058456808
41773	155,4043	-30,049805	-30,065386	-0,19072741	-0,042464592	-0,043208882	-0,059328824
41773	155,9043	-30,549805	-30,4793	-0,19243583	-0,043234877	-0,043888457	-0,059911519
41773	156,4043	-31,049805	-31,046808	-0,19525886	-0,044038203	-0,044772059	-0,060989082
41773	156,9043	-31,549805	-31,504831	-0,19681081	-0,044795364	-0,045432344	-0,061753064
41773	157,4043	-32,049805	-32,05801	-0,20006895	-0,045635782	-0,046343029	-0,062667221
41773	157,9043	-32,549805	-32,440338	-0,20232052	-0,046166472	-0,046904877	-0,063341856
41773	158,4043	-33,049805	-33,028091	-0,20449087	-0,046994481	-0,047787838	-0,06432879
41773	158,9043	-33,549805	-33,497559	-0,20699576	-0,047682952	-0,048510164	-0,065096766
41773	159,4043	-34,049805	-33,968185	-0,20909309	-0,04847113	-0,049326003	-0,065886647
41773	159,9043	-34,549805	-34,539494	-0,21194741	-0,049324963	-0,050204642	-0,066803664
41773	160,4043	-35,049805	-34,962475	-0,21411553	-0,050003849	-0,05083736	-0,067545682
41773	160,9043	-35,549805	-35,525085	-0,21661595	-0,050812408	-0,051703982	-0,068420321
41773	161,4043	-36,049805	-35,96521	-0,21884069	-0,051553708	-0,052416928	-0,069215
41773	161,9043	-36,549805	-36,546116	-0,22124946	-0,052417032	-0,053310074	-0,070096284
41773	162,4043	-37,049805	-37,045998	-0,22378415	-0,053125694	-0,054062586	-0,07092765
41773	162,9043	-37,549805	-37,518425	-0,22603422	-0,053822808	-0,054735359	-0,071718842
41773	163,4043	-38,049805	-38,05714	-0,22907481	-0,054633558	-0,055578817	-0,072553694
41773	163,9043	-38,549805	-38,521946	-0,23072585	-0,055296697	-0,056327734	-0,073305637
41773	164,4043	-39,049805	-39,073269	-0,23365319	-0,056187607	-0,057143044	-0,074210733
41773	164,9043	-39,549805	-39,592712	-0,23597553	-0,056947846	-0,05797419	-0,075167507
41773	165,4043	-40,049805	-39,991444	-0,23768768	-0,057556324	-0,058600008	-0,075784385
41773	165,9043	-40,549805	-40,484379	-0,24020672	-0,058346801	-0,059344992	-0,076611489
41773	166,4043	-41,049805	-40,985451	-0,24323165	-0,059043393	-0,060149603	-0,077503532
41773	166,9043	-41,549805	-41,455215	-0,24480969	-0,059775136	-0,060886063	-0,078302532
41773	167,4043	-42,049805	-42,029572	-0,24744645	-0,060577802	-0,061745144	-0,079184979
41773	167,9043	-42,549805	-42,458462	-0,2494067	-0,061296057	-0,06249059	-0,079894513
41773	168,4043	-43,049805	-43,014561	-0,25204942	-0,062196743	-0,063308939	-0,080871433
41773	168,9043	-43,549805	-43,430557	-0,25415272	-0,06280262	-0,06385392	-0,081446975
41773	169,4043	-44,049805	-43,954784	-0,25708154	-0,063609183	-0,064756103	-0,082406074
41773	169,9043	-44,549805	-44,49688	-0,25934279	-0,064353511	-0,065535948	-0,083255172
41773	170,4043	-45,049805	-44,999039	-0,26163533	-0,065150917	-0,066234842	-0,08412075
41773	170,9043	-45,549805	-45,521912	-0,26482269	-0,065916523	-0,067113966	-0,085009485
41773	171,4043	-46,049805	-46,003292	-0,26633292	-0,066678345	-0,067875206	-0,085700631
41773	171,9043	-46,549805	-46,614826	-0,26848018	-0,067501955	-0,068796679	-0,086634606
41773	172,4043	-47,049805	-46,979885	-0,27093738	-0,068183251	-0,069407284	-0,087319821
41773	172,9043	-47,549805	-47,534439	-0,27313977	-0,069040358	-0,070226163	-0,088291109
41773	173,4043	-48,049805	-47,999725	-0,27538687	-0,069637582	-0,070979536	-0,089013934
41773	173,9043	-48,549805	-48,469997	-0,2778843	-0,07038942	-0,071643561	-0,089767843
41773	174,4043	-49,049805	-49,028568	-0,28026775	-0,071239732	-0,072576031	-0,090820462
41773	174,9043	-49,549805	-49,552952	-0,28262734	-0,072026484	-0,073348343	-0,091527939
41773	175,4043	-49,354298	-49,348518	-0,28206781	-0,071818814	-0,073072776	-0,091293752
41773	175,9043	-48,854298	-48,895069	-0,28061569	-0,071218558	-0,072415233	-0,090664089
41773	176,4043	-48,354298	-48,289288	-0,27796775	-0,070319176	-0,07158985	-0,08984676
41773	176,9043	-47,854298	-47,823853	-0,27651936	-0,06966792	-0,070930809	-0,089147419
41773	177,4043	-47,354298	-47,29541	-0,27380139	-0,068948567	-0,070189059	-0,088329494
41773	177,9043	-46,854298	-46,78014	-0,27199984	-0,068205044	-0,069493368	-0,087590247
41773	178,4043	-46,354298	-46,357773	-0,27004108	-0,067646511	-0,06887953	-0,08688882
41773	178,9043	-45,854298	-45,839428	-0,26810989	-0,066895425	-0,06803111	-0,086104184
41773	179,4043	-45,354298	-45,299847	-0,26502088	-0,066054955	-0,067295849	-0,085311651
41773	179,9043	-44,854298	-44,894356	-0,26348904	-0,065493412	-0,066726528	-0,084674716
41773	180,4043	-44,354298	-44,325283	-0,26112124	-0,064665437	-0,065894261	-0,083918005
41773	180,9043	-43,854298	-43,816486	-0,25905147	-0,063989706	-0,065158397	-0,083103687
41773	181,4043	-43,354298	-43,236282	-0,25644973	-0,063225724	-0,064325631	-0,082173467
41773	181,9043	-42,854298	-42,81702	-0,25497451	-0,062634669	-0,063786432	-0,081605971
41773	182,4043	-42,354298	-42,325722	-0,25291219	-0,061834622	-0,062948503	-0,080927968
41773	182,9043	-41,854298	-41,737595	-0,25069639	-0,061015867	-0,062130358	-0,080046296
41773	183,4043	-41,354298	-41,276802	-0,24787411	-0,060375977	-0,06147448	-0,079351574
41773	183,9043	-40,854298	-40,804096	-0,24640933	-0,059726413	-0,060748305	-0,078708827
41773	184,4043	-40,354298	-40,36005	-0,24350435	-0,059041731	-0,060119163	-0,077988207
41773	184,9043	-39,854298	-39,76276	-0,24168193	-0,058206398	-0,059200283	-0,077141225
41773	185,4043	-39,354298	-39,283669	-0,23944229	-0,057568826	-0,058499373	-0,076455891
41773	185,9043	-38,854298	-38,878155	-0,23770183	-0,056824517	-0,057905965	-0,075850517
41773	186,4043	-38,354298	-38,294632	-0,23447573	-0,056079842	-0,056980278	-0,074978739
41773	186,9043	-37,854298	-37,840534	-0,23289472	-0,055451337	-0,056327604	-0,074402571
41773	187,4043	-37,354298	-37,355476	-0,23074299	-0,054720245	-0,055616118	-0,073669165
41773	187,9043	-36,854298	-36,761665	-0,22854507	-0,053816684	-0,054752804	-0,07279563
41773	188,4043	-36,354298	-36,30687	-0,22608414	-0,053183459	-0,054033913	-0,072211027
41773	188,9043	-35,854298	-35,826939	-0,22463053	-0,052495018	-0,053347521	-0,071448565
41773	189,4043	-35,354298	-35,359699	-0,22244602	-0,051868539	-0,052720897	-0,07079345
41773	189,9043	-34,854298	-34,806507	-0,2194263	-0,050991111	-0,051871777	-0,069919169
41773	190,4043	-34,354298	-34,236374	-0,21656156	-0,050150253	-0,050983533	-0,069136113
41773	190,9043	-33,854298	-33,794048	-0,21464899	-0,049554519	-0,05030252	-0,06848821
41773	191,4043	-33,354298	-33,316948	-0,21257102	-0,048799403	-0,049590617	-0,067781508
41773	191,9043	-32,854298	-32,782967	-0,20997748	-0,047985412	-0,048809774	-0,066918135
41773	192,4043	-32,354298	-32,225391	-0,20770952	-0,047183022	-0,04796984	-0,066190213
41773	192,9043	-31,854298	-31,819521	-0,20554587	-0,046597086	-0,047359198	-0,065546751
41773	193,4043	-31,354298	-31,273121	-0,20334274	-0,045848653	-0,046547659	-0,064715922
41773	193,9043	-30,854298	-30,772017	-0,20088106	-0,045066878	-0,045757033	-0,063994586
41773	194,4043	-30,354298	-30,302364	-0,19879341	-0,044400401	-0,045087665	-0,063302636
41773	194,9043	-29,854298	-29,828323	-0,1957193	-0,043608379	-0,044317432	-0,062541068
41773	195,4043	-29,354298	-29,371634	-0,19446611	-0,042917699	-0,043662444	-0,061947107
41773	195,9043	-28,854298	-28,866039	-0,19189119	-0,042164698	-0,042829938	-0,061195016
41773	196,4043	-28,354298	-28,305059	-0,1891844	-0,041394837	-0,042071402	-0,060216695
41773	196,9043	-27,854298	-27,76424	-0,18682107	-0,040657222	-0,041244522	-0,059558928
41773	197,4043	-27,354298	-27,276495	-0,18406883	-0,039971933	-0,040550783	-0,058833122
41773	197,9043	-26,854298	-26,730122	-0,18168837	-0,039096091	-0,039692745	-0,057930112
41773	198,4043	-26,354298	-26,352802	-0,1798369	-0,038420253	-0,039120771	-0,057424158
41773	198,9043	-25,854298	-25,787025	-0,17656758	-0,037655685	-0,038176917	-0,056599557
41773	199,4043	-25,354298	-25,312891	-0,17418638	-0,03690749	-0,037537836	-0,055725068
41773	199,9043	-24,854298	-24,830179	-0,17239079	-0,036207523	-0,03683424	-0,055087924
41773	200,4043	-24,354298	-24,21772	-0,16901791	-0,035295568	-0,035878956	-0,054157197
41773	200,9043	-23,854298	-23,780638	-0,16696006	-0,03466684	-0,035207175	-0,053454429
41773	201,4043	-23,354298	-23,306261	-0,16464964	-0,033934228	-0,034469649	-0,052740842
41773	201,9043	-22,854298	-22,850773	-0,16221106	-0,033222616	-0,033788443	-0,052057534
41773	202,4043	-22,354298	-22,323679	-0,15951693	-0,032433622	-0,032894246	-0,051230401
41773	202,9043	-21,854298	-21,793041	-0,15644506	-0,031550694	-0,032119371	-0,050472021
41773	203,4043	-21,354298	-21,292574	-0,1539886	-0,030874722	-0,031319879	-0,049699187
41773	203,9043	-20,854298	-20,774101	-0,15113056	-0,030006148	-0,030549929	-0,049068809
41773	204,4043	-20,354298	-20,329638	-0,14893636	-0,029392499	-0,029859595	-0,048288316
41773	204,9043	-19,854298	-19,800062	-0,14665723	-0,028566819	-0,029074229	-0,047469199
41773	205,4043	-19,354298	-19,281116	-0,14285892	-0,027876552	-0,028249122	-0,046669066
41773	205,9043	-18,854298	-18,805935	-0,14063343	-0,027077571	-0,027371682	-0,045821965
41773	206,4043	-18,354298	-18,308502	-0,13797805	-0,0262843	-0,026735701	-0,045087069
41773	206,9043	-17,854298	-17,805325	-0,13576299	-0,025570519	-0,025991589	-0,044360369
41773	207,4043	-17,354298	-17,35733	-0,13303459	-0,024868105	-0,025272228	-0,043540895
41773	207,9043	-16,854298	-16,773418	-0,12984276	-0,024056546	-0,024319865	-0,042753816
41773	208,4043	-16,354298	-16,313166	-0,12725741	-0,023339819	-0,023652978	-0,042006552
41773	208,9043	-15,854298	-15,813231	-0,12454093	-0,022465833	-0,022843935	-0,041232675
41773	209,4043	-15,354298	-15,355576	-0,12137741	-0,021808866	-0,022156022	-0,040419757
41773	209,9043	-14,854298	-14,882833	-0,11914298	-0,021110155	-0,021319062	-0,039740086
41773	210,4043	-14,354298	-14,301754	-0,11568293	-0,020218667	-0,020449974	-0,038791895
41773	210,9043	-13,854298	-13,783295	-0,1128301	-0,019426011	-0,019678898	-0,037991583
41773	211,4043	-13,354298	-13,312741	-0,11020452	-0,018737864	-0,019036211	-0,037326962
41773	211,9043	-12,854298	-12,81111	-0,10718703	-0,017875262	-0,018118866	-0,036438555
41773	212,4043	-12,354298	-12,29031	-0,10395274	-0,017151572	-0,017326571	-0,035632968
41773	212,9043	-11,854298	-11,750996	-0,10057092	-0,016328271	-0,016427658	-0,034842938
41773	213,4043	-11,354298	-11,316323	-0,097773224	-0,015581232	-0,015789561	-0,033934593
41773	213,9043	-10,854298	-10,851681	-0,0954777	-0,014938962	-0,015031412	-0,033196747
41773	214,4043	-10,354298	-10,337339	-0,091832131	-0,014191963	-0,014159508	-0,032485187
41773	214,9043	-9,8542976	-9,8524485	-0,088570267	-0,013423376	-0,013379708	-0,031754941
41773	215,4043	-9,3542976	-9,3280907	-0,084901601	-0,012700796	-0,012584671	-0,030809343
41773	215,9043	-8,8542976	-8,8156977	-0,08206591	-0,011870731	-0,011762023	-0,030109286
41773	216,4043	-8,3542976	-8,2797909	-0,078398734	-0,011120301	-0,010905482	-0,029053152
41773	216,9043	-7,8542976	-7,8092532	-0,074721873	-0,010445926	-0,010083482	-0,028261036
41773	217,4043	-7,3542976	-7,3595214	-0,07173866	-0,0098434351	-0,0094124228	-0,027520984
41773	217,9043	-6,8542976	-6,8084354	-0,067413598	-0,0089636892	-0,0085529163	-0,02665323
41773	218,4043	-6,3542976	-6,3463712	-0,064293295	-0,0083172098	-0,0077139288	-0,025736183
41773	218,9043	-5,8542976	-5,8698359	-0,060912222	-0,0076586753	-0,0069954544	-0,024996579
41773	219,4043	-5,3542976	-5,4879246	-0,057414174	-0,0071346089	-0,0064526871	-0,024246603
41773	219,9043	-4,8542976	-5,1469693	-0,054679066	-0,0066914633	-0,0058597401	-0,023661077
41773	220,4043	-4,3542976	-4,3337235	-0,047477335	-0,0055786744	-0,0045994148	-0,022137374
41773	220,9043	-3,8542976	-3,7800558	-0,043462217	-0,0047491565	-0,0037310198	-0,021073163
41773	221,4043	-3,3542976	-3,3516698	-0,038922578	-0,0041146427	-0,002989158	-0,020181388
41773	221,9043	-2,8542976	-2,7837026	-0,033129752	-0,0032908693	-0,0022728592	-0,019155622
41773	222,4043	-2,3542976	-2,2848899	-0,028457493	-0,0025995746	-0,0016302466	-0,018120974
41773	222,9043	-1,8542976	-1,8364731	-0,022839755	-0,001958698	-0,0010911971	-0,017123431
41773	223,4043	-1,3542976	-1,3532768	-0,017172098	-0,001271233	-0,00054769963	-0,016049653
41773	223,9043	-1	-0,86179745	-0,0096559525	-0,00064624101	-0,00032670051	-0,014621109
41773	224,4043	-1	-0,82874858	-0,0082865357	-0,00053047389	-0,00029084086	-0,014383972
41773	224,9043	-1	-0,85331869	-0,0086024404	-0,00057961047	-0,00024669617	-0,014388174
41773	225,4043	-1	-0,91942585	-0,008867681	-0,00064309686	-0,00029025972	-0,0145666
41773	225,9043	-1	-0,92435813	-0,0087581575	-0,00061140209	-0,00019189715	-0,014459819
41773	226,4043	-1	-0,94737297	-0,009085983	-0,00066379458	-0,00024779886	-0,014550835
41773	226,9043	-1	-0,94760209	-0,0092543662	-0,00060869753	-0,00024420023	-0,01466164
41773	227,4043	-1	-0,98052806	-0,0096574426	-0,00056941807	-0,00016887486	-0,014726728
41773	227,9043	-1	-0,9418838	-0,0092275441	-0,00056111813	-0,00019356608	-0,014640987
41773	228,4043	-1	-0,9624064	-0,0091962516	-0,00062233955	-0,00024187565	-0,014797002
41773	228,9043	-1	-0,97323954	-0,0090658665	-0,00058367848	-0,00016927719	-0,014672428
41773	229,4043	-1	-0,986781	-0,0091895461	-0,00055092573	-0,00022295862	-0,01464963
41773	229,9043	-1	-0,96750444	-0,0090174377	-0,00048208237	-0,00017142296	-0,014685959
41773	230,4043	-1	-0,98468924	-0,009033829	-0,00053498149	-0,00015432388	-0,014705598
41773	230,9043	-1	-0,9579882	-0,0097610056	-0,00048035383	-0,00012736768	-0,014630586
41773	231,4043	-1	-0,97460675	-0,0089846551	-0,00047195703	-9,4369054e-05	-0,014713436
41773	231,9043	-1	-0,96529907	-0,0091791153	-0,00050991029	-0,00014564395	-0,01458016
41773	232,4043	-1	-1,0107495	-0,0095181167	-0,00061812997	-0,00011657178	-0,01470083
41773	232,9043	-1	-0,99025106	-0,0093668699	-0,00049994141	-0,00010766834	-0,014627457
41773	233,4043	-1	-0,97179973	-0,0091344118	-0,00041742623	-7,9520047e-05	-0,014669985
41773	233,9043	-1	-0,98693001	-0,0094532967	-0,00049160421	-1,655519e-05	-0,014676243
41773	234,4043	-1	-0,96924233	-0,0088259578	-0,00054576993	-7,0787966e-05	-0,014578551
41773	234,9043	-1	-0,98863614	-0,009162724	-0,00049006194	-1,4163554e-05	-0,014629543
41773	235,4043	-1	-0,99050814	-0,009419024	-0,00048587471	-1,1101365e-05	-0,01468268
41773	235,9043	-1	-0,94732082	-0,009098649	-0,00044476241	-7,1644783e-05	-0,014616668
41773	236,4043	-1	-0,97940493	-0,0088706613	-0,00050432235	-3,1776726e-05	-0,014606565
41773	236,9043	-1	-1,0028892	-0,0084921718	-0,00047856569	-3,118068e-05	-0,014587283
41773	237,4043	-1	-0,95438957	-0,0086270273	-0,00042831898	-1,9751489e-05	-0,014565825
41773	237,9043	-1	-0,97057039	-0,0092312694	-0,00041739643	-2,3491681e-05	-0,014649183
41773	238,4043	-1	-0,95312858	-0,0089764595	-0,00039263815	-8,1151724e-05	-0,014591932
41773	238,9043	-1	-0,97919816	-0,0087998807	-0,00039330125	-5,3472817e-05	-0,014555901
41773	239,4043	-1	-1,0118521	-0,0090755522	-0,00043000281	-2,8982759e-06	-0,014682502
41773	239,9043	-1	-0,99670887	-0,0093303621	-0,0004471913	2,0779669e-05	-0,014612854
41773	240,4043	-1	-0,96091068	-0,0083573163	-0,00035811216	4,389137e-05	-0,014495522
41773	240,9043	-1	-0,9925496	-0,0089004636	-0,00037297606	6,1444938e-05	-0,014686257
41773	241,4043	-1	-0,93971378	-0,0085130334	-0,00032223016	3,875047e-05	-0,014549464
41773	241,9043	-1	-0,89722311	-0,0075750053	-0,00025279075	-8,5011125e-06	-0,014334053
41773	242,4043	-1	-0,97834694	-0,0082574785	-0,00032602996	4,6476722e-05	-0,014520377
41773	242,9043	-1	-0,97751802	-0,0085897744	-0,00031439215	1,9840896e-05	-0,01455614
41773	243,4043	-1	-0,98801589	-0,0083468854	-0,00036931783	-1,2993813e-05	-0,01452297
41773	243,9043	-1	-0,95652413	-0,0085584819	-0,00036305934	7,0691109e-05	-0,01451239
41773	244,4043	-1	-0,96614289	-0,0081047416	-0,00036241859	-9,6037984e-06	-0,014466286
41773	244,9043	-1	-0,97183883	-0,0081829727	-0,00034160167	2,1100044e-05	-0,014550179
41773	245,4043	-1	-0,94701535	-0,0085406005	-0,00027840585	0,00013954192	-0,014472246
41773	245,9043	-1	-0,96994823	-0,0085763633	-0,00033339113	7,1637332e-05	-0,014510423
41773	246,4043	-1	-0,98268127	-0,0081062317	-0,00040103495	6,8455935e-05	-0,014421493
41773	246,9043	-1	-0,98714793	-0,0078760087	-0,00037429482	6,3709915e-05	-0,014430106
41773	247,4043	-1	-0,98676795	-0,0079825521	-0,00030533969	6,6369772e-05	-0,014601469
41773	247,9043	-1	-0,99214351	-0,0082723796	-0,00034090132	6,0088933e-05	-0,014505208
41773	248,4043	-1	-0,96748209	-0,0084549189	-0,00032939762	3,2417476e-05	-0,014428556
41773	248,9043	-1	-0,95926785	-0,0079110265	-0,00030792505	8,071214e-05	-0,014490485
41773	249,4043	-1	-0,94954109	-0,0073283911	-0,00035405159	0,00016492605	-0,014553279
41773	249,9043	-1	-0,99614078	-0,0082060695	-0,00035762787	9,8347664e-05	-0,014502257
41773	250,4043	-1	-0,98782408	-0,0080898404	-0,00031355768	9,8437071e-05	-0,014478236
41773	250,9043	-1	-0,99072981	-0,008636713	-0,00031109899	7,1696937e-05	-0,014542639
41773	251,4043	-1	-0,95815957	-0,0083446503	-0,00024457276	6,4060092e-05	-0,014410526
41773	251,9043	-1	-0,98081863	-0,0081442297	-0,00031324476	1,4126301e-05	-0,014445752
41773	252,4043	-1	-0,99167413	-0,0080503523	-0,00027192384	5,6944788e-05	-0,014550239
41773	252,9043	-1	-0,96111745	-0,0083371997	-0,00024943799	0,00012047589	-0,014394492
41773	253,4043	-1	-0,99315494	-0,0079452991	-0,00024078786	-2,1904707e-06	-0,014451087
41773	253,9043	-1,1386719	-1,0355897	-0,008393079	-0,00034916401	6,813556e-05	-0,014598936
41773	254,4043	-1,6386719	-1,5490949	-0,014867634	-0,00093700737	-0,00031640381	-0,015921026
41773	254,9043	-2,1386719	-2,0511429	-0,019991398	-0,0016182512	-0,00085442513	-0,017097354
41773	255,4043	-2,6386719	-2,4571624	-0,023938715	-0,0021202266	-0,0013220757	-0,017871857
41773	255,9043	-3,1386719	-2,639616	-0,026012957	-0,0022885799	-0,0015315264	-0,018184632
41773	256,4043	-3,6386719	-3,761148	-0,036319345	-0,0038032681	-0,0030339882	-0,020498991
41773	256,9043	-4,1386719	-4,1839666	-0,039733201	-0,0043628439	-0,0036822408	-0,021253437
41773	257,4043	-4,6386719	-4,6708508	-0,044389814	-0,0050619766	-0,0043792501	-0,022132576
41773	257,9043	-5,1386719	-5,1338096	-0,04793033	-0,0056983158	-0,0050813407	-0,023141474
41773	258,4043	-5,6386719	-5,6444387	-0,051663816	-0,0063105524	-0,0058287606	-0,024011105
41773	258,9043	-6,1386719	-6,1616673	-0,055124611	-0,0070080087	-0,0066100955	-0,024937361
41773	259,4043	-6,6386719	-6,6574235	-0,059437752	-0,0077095553	-0,007445626	-0,025806397
41773	259,9043	-7,1386719	-7,1303296	-0,062540174	-0,0083699375	-0,0081959739	-0,026841044
41773	260,4043	-7,6386719	-7,6312404	-0,066316128	-0,0089980736	-0,0089321807	-0,027592599
41773	260,9043	-8,1386719	-8,1942043	-0,070195645	-0,009783037	-0,0098070577	-0,028482288
41773	261,4043	-8,6386719	-8,669466	-0,073180348	-0,01043224	-0,010556385	-0,029371142
41773	261,9043	-9,1386719	-9,1536951	-0,076463819	-0,011144239	-0,011270568	-0,030281186
41773	262,4043	-9,6386719	-9,6743259	-0,079627335	-0,01181357	-0,012141436	-0,031133026
41773	262,9043	-10,138672	-10,096515	-0,08283779	-0,012473665	-0,012836896	-0,031949133
41773	263,4043	-10,638672	-10,628078	-0,085538626	-0,013276622	-0,013627328	-0,032794744
41773	263,9043	-11,138672	-11,13636	-0,089097768	-0,013965964	-0,014421128	-0,033601016
41773	264,4043	-11,638672	-11,641642	-0,09194687	-0,014707733	-0,015099756	-0,0345985
41773	264,9043	-12,138672	-12,142249	-0,095076859	-0,015434232	-0,01595822	-0,035396218
41773	265,4043	-12,638672	-12,629911	-0,09874925	-0,016143084	-0,016662762	-0,03623113
41773	265,9043	-13,138672	-13,139013	-0,10090694	-0,016939446	-0,01755242	-0,03714329
41773	266,4043	-13,638672	-13,586509	-0,1034148	-0,017582651	-0,018223055	-0,037905395
41773	266,9043	-14,138672	-14,087189	-0,10630339	-0,018367205	-0,018990889	-0,038691789
41773	267,4043	-14,638672	-14,567498	-0,10866076	-0,019040395	-0,019770369	-0,039618313
41773	267,9043	-15,138672	-15,068439	-0,11130646	-0,019814055	-0,020467006	-0,0404796
41773	268,4043	-15,638672	-15,651638	-0,11516139	-0,020678837	-0,021387033	-0,041276872
41773	268,9043	-16,138672	-16,137388	-0,11823475	-0,021437004	-0,022172809	-0,042189956
41773	269,4043	-16,638672	-16,608782	-0,12057796	-0,022085961	-0,022926435	-0,043095857
41773	269,9043	-17,138672	-17,057419	-0,12350753	-0,022767019	-0,023618892	-0,04372108
41773	270,4043	-17,638672	-17,644623	-0,1258567	-0,023668416	-0,0244883	-0,044709891
41773	270,9043	-18,138672	-18,121763	-0,12938604	-0,024360597	-0,025254227	-0,045672596
41773	271,4043	-18,638672	-18,633167	-0,1314044	-0,025121514	-0,025959432	-0,046410143
41773	271,9043	-19,138672	-19,061642	-0,1335457	-0,025800608	-0,026691414	-0,047217399
41773	272,4043	-19,638672	-19,559107	-0,13704076	-0,026594166	-0,027489088	-0,048039585
41773	272,9043	-20,138672	-20,115301	-0,13933405	-0,027372014	-0,028314024	-0,048743397
41773	273,4043	-20,638672	-20,593786	-0,14197081	-0,028093193	-0,029070579	-0,049629718
41773	273,9043	-21,138672	-21,130526	-0,14509708	-0,028931174	-0,029913105	-0,050599039
41773	274,4043	-21,638672	-21,552187	-0,14744997	-0,029640134	-0,030506395	-0,051254839
41773	274,9043	-22,138672	-22,044662	-0,1498282	-0,030362591	-0,031333476	-0,052020609
41773	275,4043	-22,638672	-22,619095	-0,15205592	-0,031233087	-0,032176666	-0,05304575
41773	275,9043	-23,138672	-23,081263	-0,15506521	-0,031941969	-0,032910563	-0,05379197
41773	276,4043	-23,638672	-23,635826	-0,15787333	-0,032748934	-0,033714041	-0,054716557
41773	276,9043	-24,138672	-24,097736	-0,16036257	-0,033443324	-0,034492821	-0,055611283
41773	277,4043	-24,638672	-24,562717	-0,16266108	-0,034141418	-0,035219476	-0,056282103
41773	277,9043	-25,138672	-25,089718	-0,16515106	-0,03502053	-0,036009394	-0,057157069
41773	278,4043	-25,638672	-25,626587	-0,16814992	-0,035816573	-0,036891788	-0,058100075
41773	278,9043	-26,138672	-26,076452	-0,16996488	-0,036484677	-0,037575178	-0,058836192
41773	279,4043	-26,638672	-26,548052	-0,17282069	-0,037172765	-0,038264178	-0,05971989
41773	279,9043	-27,138672	-27,080574	-0,17517954	-0,03795756	-0,039157666	-0,060502708
41773	280,4043	-27,638672	-27,635639	-0,17814934	-0,038773891	-0,039931439	-0,061480075
41773	280,9043	-28,138672	-28,057714	-0,18005669	-0,039481249	-0,040565923	-0,062220544
41773	281,4043	-28,638672	-28,617502	-0,18266216	-0,04026762	-0,041502789	-0,063228607
41773	281,9043	-29,138672	-29,108572	-0,18533692	-0,041024622	-0,042262487	-0,064017475
41773	282,4043	-29,638672	-29,582745	-0,18783659	-0,04179424	-0,042947263	-0,064705968
41773	282,9043	-30,138672	-30,081593	-0,19048452	-0,042561337	-0,043845758	-0,065584779
41773	283,4043	-30,638672	-30,554188	-0,19237697	-0,043231122	-0,044526227	-0,066473693
41773	283,9043	-31,138672	-31,059109	-0,19501969	-0,044046897	-0,045314193	-0,067293137
41773	284,4043	-31,638672	-31,568668	-0,19795001	-0,044828877	-0,046044499	-0,068155736
41773	284,9043	-32,138672	-32,081547	-0,20009354	-0,045614466	-0,046891309	-0,068895757
41773	285,4043	-32,638672	-32,539936	-0,20234883	-0,046303734	-0,04756213	-0,069759071
41773	285,9043	-33,138672	-33,117661	-0,20489842	-0,047130223	-0,048446596	-0,07066384
41773	286,4043	-33,638672	-33,59721	-0,20731911	-0,047864057	-0,049192473	-0,071553499
41773	286,9043	-34,138672	-34,092003	-0,21010563	-0,048564255	-0,049941137	-0,072373718
41773	287,4043	-34,638672	-34,631725	-0,21235198	-0,049478509	-0,050778084	-0,073204845
41773	287,9043	-35,138672	-35,104492	-0,21483973	-0,05013115	-0,051550418	-0,074107766
41773	288,4043	-35,638672	-35,587009	-0,21667629	-0,050881751	-0,052233718	-0,074822605
41773	288,9043	-36,138672	-36,133278	-0,21941662	-0,051699989	-0,05309312	-0,075615555
41773	289,4043	-36,638672	-36,602825	-0,22216588	-0,052481838	-0,053814176	-0,07648021
41773	289,9043	-37,138672	-37,136753	-0,22419915	-0,053236604	-0,054588191	-0,077353001
41773	290,4043	-37,638672	-37,564556	-0,22640377	-0,053881504	-0,055310473	-0,078016669
41773	290,9043	-38,138672	-38,024372	-0,22863746	-0,054603733	-0,056006413	-0,078897893
41773	291,4043	-38,638672	-38,538353	-0,23124591	-0,055384949	-0,05680282	-0,07977438
41773	291,9043	-39,138672	-39,134422	-0,23378655	-0,056268465	-0,057752408	-0,080733508
41773	292,4043	-39,638672	-39,564953	-0,23600683	-0,056924567	-0,058357455	-0,081465691
41773	292,9043	-40,138672	-40,172512	-0,23862123	-0,057854734	-0,059266564	-0,082344353
41773	293,4043	-40,638672	-40,640381	-0,24061725	-0,058552474	-0,060015991	-0,083152354
41773	293,9043	-41,138672	-41,136452	-0,24376959	-0,059257537	-0,060819954	-0,084048599
41773	294,4043	-41,638672	-41,63792	-0,24576038	-0,060057942	-0,061588615	-0,084923923
41773	294,9043	-42,138672	-42,116226	-0,24807304	-0,060703993	-0,062371451	-0,085666329
41773	295,4043	-42,638672	-42,544342	-0,25020018	-0,061404828	-0,063085645	-0,086391509
41773	295,9043	-43,138672	-43,164993	-0,25266185	-0,062410332	-0,063988045	-0,087372303
41773	296,4043	-43,638672	-43,555107	-0,25439262	-0,062953681	-0,064558901	-0,087984949
41773	296,9043	-44,138672	-44,053905	-0,25737137	-0,063643679	-0,065378144	-0,088929594
41773	297,4043	-44,638672	-44,575897	-0,2592735	-0,064360455	-0,066247478	-0,08990249
41773	297,9043	-45,138672	-45,15118	-0,26211292	-0,065243393	-0,06708423	-0,090745479
41773	298,4043	-45,638672	-45,595013	-0,26404038	-0,06593921	-0,06772761	-0,091513306
41773	298,9043	-46,138672	-46,142788	-0,26633888	-0,066751488	-0,068664461	-0,092445195
41773	299,4043	-46,638672	-46,688194	-0,26906282	-0,067585856	-0,069484882	-0,093209326
41773	299,9043	-47,138672	-47,148033	-0,27107298	-0,068329811	-0,070227802	-0,094017893
41773	300,4043	-47,638672	-47,606731	-0,27344525	-0,069014311	-0,070846334	-0,094727427
41773	300,9043	-48,138672	-48,109905	-0,27546212	-0,069674648	-0,07162872	-0,095518976
41773	301,4043	-48,638672	-48,615128	-0,27830675	-0,070454873	-0,072460845	-0,096462548
41773	301,9043	-49,138672	-49,078125	-0,28094053	-0,071165502	-0,073213875	-0,09728083
41773	302,4043	-49,638672	-49,63541	-0,28244033	-0,072013967	-0,074000165	-0,09809801
41773	302,9043	-49,700001	-49,718964	-0,28356016	-0,072210118	-0,074142076	-0,098317534
41773	303,4043	-49,700001	-49,704155	-0,28392822	-0,072189361	-0,074247651	-0,098387331
41773	303,9043	-49,700001	-49,656593	-0,28341562	-0,072171569	-0,074069887	-0,098256171
41773	304,4043	-49,700001	-49,662064	-0,28406903	-0,072162963	-0,074226007	-0,098284811
41773	304,9043	-49,700001	-49,679783	-0,28332248	-0,072211593	-0,074237779	-0,098450869
41773	305,4043	-49,700001	-49,668888	-0,28405562	-0,072239451	-0,074266225	-0,098304808
41773	305,9043	-49,700001	-49,709435	-0,28418973	-0,072292082	-0,074295476	-0,098461419
41773	306,4043	-49,700001	-49,690159	-0,28416589	-0,072331026	-0,074320063	-0,098571271
41773	306,9043	-49,700001	-49,689995	-0,28423443	-0,072313227	-0,074310943	-0,098501086
41773	307,4043	-49,700001	-49,69986	-0,28451234	-0,072357573	-0,074367389	-0,098483711
41773	307,9043	-49,700001	-49,76255	-0,28455481	-0,072518304	-0,074493542	-0,098646671
41773	308,4043	-49,700001	-49,628681	-0,28451309	-0,072350137	-0,074292272	-0,098497748
41773	308,9043	-49,700001	-49,583458	-0,28441921	-0,072240338	-0,07428284	-0,098469645
41773	309,4043	-49,700001	-49,720997	-0,28467774	-0,072499752	-0,074540488	-0,098650992
41773	309,9043	-49,700001	-49,674599	-0,28433353	-0,072415642	-0,074458294	-0,098631859
41773	310,4043	-49,700001	-49,678478	-0,28458238	-0,072458953	-0,074374743	-0,098576397
41773	310,9043	-49,700001	-49,68996	-0,28444752	-0,072470948	-0,074442267	-0,098651767
41773	311,4043	-49,700001	-49,704369	-0,2852872	-0,072529674	-0,07447622	-0,098747134
41773	311,9043	-49,700001	-49,712425	-0,28477088	-0,072536357	-0,074485451	-0,098685652
41773	312,4043	-49,700001	-49,638382	-0,28460249	-0,072513752	-0,074443281	-0,098789811
41773	312,9043	-49,700001	-49,676075	-0,28431043	-0,072525002	-0,074428812	-0,09869507
41773	313,4043	-49,700001	-49,704933	-0,28473735	-0,072627857	-0,074551955	-0,098760635
41773	313,9043	-49,700001	-49,636742	-0,28484389	-0,072460108	-0,074484162	-0,098695189
41773	314,4043	-49,700001	-49,656708	-0,28478578	-0,072463728	-0,074520141	-0,098716468
41773	314,9043	-49,700001	-49,660889	-0,28480217	-0,072451785	-0,074454829	-0,098724663
41773	315,4043	-49,700001	-49,668682	-0,28516203	-0,072578102	-0,074595138	-0,09867394
41773	315,9043	-49,700001	-49,680416	-0,28508976	-0,072598673	-0,07459496	-0,098710269
41773	316,4043	-49,700001	-49,651928	-0,2850011	-0,072558209	-0,074598879	-0,098822504
41773	316,9043	-49,700001	-49,702713	-0,28539151	-0,072640523	-0,074653171	-0,098876864
41773	317,4043	-49,700001	-49,725666	-0,28581023	-0,072739109	-0,074696049	-0,098889261
41773	317,9043	-49,700001	-49,64077	-0,28537512	-0,072527915	-0,074549921	-0,098811477
41773	318,4043	-49,700001	-49,641277	-0,28480366	-0,072636709	-0,074608982	-0,098780453
41773	318,9043	-49,700001	-49,689899	-0,28507113	-0,072609343	-0,074708596	-0,098870128
41773	319,4043	-49,700001	-49,622551	-0,28472915	-0,072552055	-0,074546531	-0,098799467
41773	319,9043	-49,700001	-49,677792	-0,28551817	-0,072638519	-0,074589558	-0,098782986
41773	320,4043	-49,700001	-49,671574	-0,28562173	-0,072661243	-0,074616998	-0,09885779
41773	320,9043	-49,700001	-49,679379	-0,28517693	-0,072669998	-0,074599102	-0,098915309
41773	321,4043	-49,700001	-49,589493	-0,28470457	-0,072577037	-0,07454332	-0,098733932
41773	321,9043	-49,700001	-49,635204	-0,28514415	-0,072624162	-0,074603677	-0,098761499
41773	322,4043	-49,700001	-49,7057	-0,28534755	-0,0727323	-0,07467787	-0,098953277
41773	322,9043	-49,700001	-49,650238	-0,28528869	-0,072635315	-0,074632496	-0,09880507
41773	323,4043	-49,700001	-49,687454	-0,28498918	-0,072716035	-0,074691281	-0,098936856
41773	323,9043	-49,700001	-49,600903	-0,28540492	-0,072625525	-0,074644029	-0,09887597
41773	324,4043	-49,700001	-49,692024	-0,28533041	-0,072814927	-0,074736372	-0,098942757
41773	324,9043	-49,700001	-49,720028	-0,2855204	-0,072806239	-0,074790485	-0,098974228
41773	325,4043	-49,700001	-49,612255	-0,2854079	-0,072674461	-0,074612826	-0,098900437
41773	325,9043	-49,700001	-49,660667	-0,28581321	-0,072756603	-0,074685708	-0,098965883
41773	326,4043	-49,700001	-49,705807	-0,2857022	-0,072830893	-0,074801251	-0,098986894
41773	326,9043	-49,700001	-49,679031	-0,28558746	-0,072791159	-0,074668184	-0,099022329
41773	327,4043	-49,700001	-49,577236	-0,2854079	-0,072633155	-0,07463783	-0,098865151
41773	327,9043	-49,700001	-49,656101	-0,28505549	-0,072729036	-0,074708313	-0,098938406
41773	328,4043	-49,700001	-49,620255	-0,28582662	-0,072689332	-0,074719921	-0,098919779
41773	328,9043	-49,700001	-49,693768	-0,28572679	-0,072777651	-0,074774437	-0,099006891
41773	329,4043	-49,700001	-49,623714	-0,28512329	-0,072715834	-0,074763671	-0,098876774
41773	329,9043	-49,700001	-49,648418	-0,2855964	-0,072790883	-0,074723981	-0,098895073
41773	330,4043	-49,700001	-49,631168	-0,28538406	-0,072670355	-0,074746378	-0,098982811
41773	330,9043	-49,700001	-49,645153	-0,28584898	-0,072851233	-0,074675456	-0,098931164
41773	331,4043	-49,700001	-49,722084	-0,2859138	-0,072918825	-0,074825972	-0,099108607
41773	331,9043	-49,700001	-49,652653	-0,28557777	-0,072851732	-0,07478407	-0,099021733
41773	332,4043	-49,700001	-49,598465	-0,28545633	-0,072719142	-0,074676357	-0,098921806
41773	332,9043	-47,541798	-47,565674	-0,27686059	-0,069857664	-0,071839035	-0,09585923
41773	333,4043	-45,041798	-45,044552	-0,26674047	-0,066284925	-0,068161167	-0,09205386
41773	333,9043	-42,541798	-42,546104	-0,25554225	-0,062683731	-0,064450487	-0,088306695
41773	334,4043	-40,041798	-40,059177	-0,24506375	-0,059072435	-0,060704775	-0,084630221
41773	334,9043	-37,541798	-37,442932	-0,23349747	-0,05536611	-0,056917328	-0,080958784
41773	335,4043	-35,041798	-34,971958	-0,22208542	-0,051669121	-0,053178236	-0,077332675
41773	335,9043	-32,541798	-32,462486	-0,21004379	-0,048012294	-0,049393676	-0,07356897
41773	336,4043	-30,041798	-30,013861	-0,19868687	-0,044349313	-0,045846231	-0,070072085
41773	336,9043	-27,541798	-27,315086	-0,18605813	-0,040433019	-0,041693389	-0,066061735
41773	337,4043	-25,041798	-24,892553	-0,17449111	-0,036779579	-0,037973188	-0,062335223
41773	337,9043	-22,541798	-22,546017	-0,1627177	-0,033254284	-0,034304447	-0,058866978
41773	338,4043	-20,041798	-19,962444	-0,14902428	-0,02936	-0,030408934	-0,054846346
41773	338,9043	-17,541798	-17,5144	-0,13527647	-0,025645729	-0,02661176	-0,05104664
41773	339,4043	-15,041798	-14,964237	-0,12145117	-0,021721423	-0,022598706	-0,047147363
41773	339,9043	-12,541798	-12,474161	-0,10668859	-0,017878562	-0,01871863	-0,04316169
41773	340,4043	-10,041798	-10,056698	-0,092036277	-0,014241006	-0,01477088	-0,039235771
41773	340,9043	-7,5417976	-7,5563965	-0,075085461	-0,010591611	-0,010709517	-0,035086066
41773	341,4043	-5,0417976	-5,0517673	-0,056714565	-0,0069951713	-0,0066790506	-0,03083235
41773	341,9043	-2,5417976	-3,2818131	-0,040492415	-0,0044803768	-0,003910318	-0,027432561
41773	342,4043	-1	-0,73193574	-0,0098973513	-0,00093283504	-0,00095260143	-0,02172938
41773	342,9043	-1	-0,62963551	-0,0079020858	-0,00067272782	-0,00090060383	-0,021197319
41773	343,4043	-1	-0,67307055	-0,0074058771	-0,00063607097	-0,00089000911	-0,021200687
41773	343,9043	-1	-0,68797356	-0,0078730285	-0,00058428198	-0,00078367442	-0,021292597
41773	344,4043	-1	-0,74668229	-0,0080272555	-0,00070323795	-0,00071405619	-0,021517694
41773	344,9043	-1	-0,79321301	-0,0086322427	-0,00071009994	-0,00065372884	-0,021553487
41773	345,4043	-1	-0,83886087	-0,0081695616	-0,00069164485	-0,00070231408	-0,021563828
41773	345,9043	-1	-0,83619541	-0,0091433525	-0,00066422671	-0,00066180527	-0,021658659
41773	346,4043	-1	-0,91147608	-0,0098563731	-0,00073175877	-0,00068925321	-0,02189827
41773	346,9043	-1	-0,93854403	-0,010042638	-0,00067329407	-0,00064596534	-0,021798491
41773	347,4043	-1	-0,95536	-0,0092603266	-0,00068170577	-0,00062189251	-0,021837294
41773	347,9043	-1	-0,95100331	-0,0096812844	-0,0007315129	-0,00061425567	-0,021885723
41773	348,4043	-1	-0,97340345	-0,010493398	-0,00071983039	-0,00058582425	-0,022023827
41773	348,9043	-1	-0,93595499	-0,010211021	-0,00065073371	-0,00052472204	-0,021966249
41773	349,4043	-1	-0,9720698	-0,010871142	-0,00064346194	-0,00059764832	-0,022033811
41773	349,9043	-1	-0,98065287	-0,010035932	-0,00059380382	-0,00060398132	-0,021957815
41773	350,4043	-1	-0,98793024	-0,010211021	-0,00064386427	-0,00053641945	-0,021915555
41773	350,9043	-1	-0,93261153	-0,0097855926	-0,0005922094	-0,0005466938	-0,021861017
41773	351,4043	-1	-0,95070338	-0,010231137	-0,00060565025	-0,00044613332	-0,021830589
41773	351,9043	-1	-0,97316873	-0,010361522	-0,00060882419	-0,00043252856	-0,021892637
41773	352,4043	-1	-0,99904275	-0,01103133	-0,00065438449	-0,00046740472	-0,021973878
41773	352,9043	-1	-0,96801108	-0,010093302	-0,00057248026	-0,00049735606	-0,021930754
41773	353,4043	-1	-0,95357561	-0,0099658966	-0,0004979074	-0,00045349449	-0,021883637
41773	353,9043	-1	-0,97752362	-0,010232627	-0,0005095005	-0,00042456388	-0,021960229
41773	354,4043	-1	-0,96379781	-0,010174513	-0,00054327399	-0,0004203245	-0,021743715
41773	354,9043	-1	-0,98630971	-0,0098258257	-0,00055911392	-0,00040532649	-0,021807581
41773	355,4043	-1	-0,98997539	-0,0096611679	-0,00051414222	-0,00042217225	-0,021879792
41773	355,9043	-1	-0,94783676	-0,010086596	-0,00047252327	-0,00040427595	-0,021743536
41773	356,4043	-1	-0,99288487	-0,010103732	-0,00056605041	-0,0004190281	-0,021772921
41773	356,9043	-1	-0,98886901	-0,0098377466	-0,00048802048	-0,00037097186	-0,021792561
41773	357,4043	-1	-0,98264217	-0,0097438693	-0,0004222095	-0,00038851053	-0,021718562
41773	357,9043	-1	-0,97068775	-0,009906292	-0,00038823485	-0,00032430142	-0,02166912
41773	358,4043	-1	-0,983594	-0,0093393028	-0,00046984106	-0,00042756647	-0,021778136
41773	358,9043	-1	-0,95962918	-0,0094115734	-0,00046985596	-0,00034110993	-0,021707058
41773	359,4043	-1	-0,96760321	-0,0095456839	-0,00035115331	-0,00024869293	-0,021708697
41773	359,9043	-1	-0,99657106	-0,0098027289	-0,00043664128	-0,00029230118	-0,021734089
41773	360,4043	-1	-1,0048449	-0,0097170472	-0,00044058263	-0,00036901236	-0,021828234
41773	360,9043	-1	-0,97100067	-0,0091254711	-0,00040281564	-0,00029037148	-0,021674544
41773	361,4043	-1	-0,98672324	-0,0096604228	-0,0004138425	-0,00031428039	-0,021646112
41773	361,9043	-1	-1,023572	-0,0090815127	-0,00049518049	-0,00036694854	-0,021800846
41773	362,4043	-1	-0,97308683	-0,0094406307	-0,00046531111	-0,00030073524	-0,021586061
41773	362,9043	-1	-0,98549575	-0,0098198652	-0,00031802058	-0,00028606504	-0,021712244
41773	363,4043	-1	-0,99300778	-0,0093832612	-0,00043432415	-0,00036844611	-0,021696597
41773	363,9043	-1	-0,99960339	-0,0091999769	-0,00043077022	-0,0003259033	-0,021612406
41773	364,4043	-1	-1,0031518	-0,00994578	-0,00044545531	-0,00036757439	-0,021662354
41773	364,9043	-1	-0,98863804	-0,0099249184	-0,00033126026	-0,00027095526	-0,02174589
41773	365,4043	-1	-0,99053979	-0,0094026327	-0,00039491057	-0,00029630959	-0,021556646
41773	365,9043	-1	-0,96548909	-0,0090368092	-0,00036881119	-0,00024778396	-0,0215891
41773	366,4043	-1	-0,99639964	-0,0092819333	-0,0003323704	-0,00027936697	-0,021727085
41773	366,9043	-1	-0,99869257	-0,0089585781	-0,00038456917	-0,00026130676	-0,021514386
41773	367,4043	-1	-0,98996794	-0,0087864697	-0,00035465509	-0,00025428832	-0,021593451
41773	367,9043	-1	-0,96469373	-0,0087283552	-0,00029565394	-0,0001943782	-0,021570921
41773	368,4043	-1	-0,98321772	-0,0085160136	-0,00028019398	-0,00021961331	-0,021549851
41773	368,9043	-1	-1,025686	-0,0095166266	-0,00029029697	-0,00029332936	-0,021654904
41773	369,4043	-1	-0,98027474	-0,0093601644	-0,0003195554	-0,0002175346	-0,021597207
41773	369,9043	-1	-0,98792648	-0,0089578331	-0,0002713874	-0,00026632845	-0,021536946
41773	370,4043	-1	-0,99557078	-0,0090584159	-0,00033830106	-0,00017948449	-0,021559715
41773	370,9043	-1	-0,9739939	-0,0090710819	-0,00027386844	-0,00018907338	-0,021597087
41773	371,4043	-1	-0,96451116	-0,0095635653	-0,00025255978	-0,00016769022	-0,021540254
41773	371,9043	-1	-1,0007806	-0,0087998807	-0,00038922578	-0,00016174465	-0,02161321
41773	372,4043	-1	-0,9958688	-0,0090256333	-0,00025568902	-0,0002232492	-0,021594018
41773	372,9043	0	-0,0097025186	0,11387393	0,00080257654	-0,00053042173	-0,017800093

Datenerfassung						Zeit:	373,39453	s	14.05.2014 12:04:20
Ch 1 Kraft	Ch 1 Weg	1944 A	1944 B	1281068
kN	mm	mm	mm	mm
0,052301213	4,8351035	0,00088459253	0,00017102063	9,2953444e-05
-50,773991	-0,4974924	-0,073634654	-0,37492603	-0,31644863
