Datum : 	9.7.2014
Durchmesser :	98,5
Datum	Laufzeit	Ch 1 Kraft Sollwert	Ch 1 Kraft	Ch 1 Weg	1944 B	1281068	2157
d	s	kN	kN	mm	mm	mm	mm
41829	18,897461	-1,280123	-1,3380219	-10,363232	-6,4879656e-05	-0,00039065024	0,0011129044
41829	19,397461	-1,572823	-1,6231425	-10,364817	-0,00026362203	-0,00062625849	0,0010882728
41829	19,897461	-1,8655231	-1,9720663	-10,366827	-0,00038163736	-0,00071086083	0,001011651
41829	20,397461	-2,1582232	-2,2291615	-10,369303	-0,00048131123	-0,00082057039	0,00087210163
41829	20,897461	-2,450923	-2,5140662	-10,370335	-0,00064027123	-0,00095631304	0,00084095076
41829	21,397461	-2,743623	-2,6008618	-10,370992	-0,00065596029	-0,00096874859	0,00083484128
41829	21,897461	-3,0363231	-2,8197076	-10,372071	-0,00068964064	-0,0010650447	0,00065543875
41829	22,397461	-3,3290231	-3,3395793	-10,37537	-0,00089510716	-0,0013197552	0,00051902607
41829	22,897461	-3,6217232	-3,8632603	-10,378274	-0,0011657588	-0,0015448912	0,00037530065
41829	23,397461	-3,914423	-3,9802883	-10,378551	-0,0012044031	-0,0015273932	0,00038138032
41829	23,897461	-3,927	-4,1222124	-10,379534	-0,0012655649	-0,0015758843	0,00024946406
41829	24,397461	-3,927	-4,0315633	-10,379446	-0,0012511835	-0,0015498103	0,00032218546
41829	24,897461	-3,927	-3,9837751	-10,380389	-0,0012061745	-0,0016196904	0,00034392998
41829	25,397461	-3,927	-4,0338898	-10,379958	-0,0011698063	-0,0015939994	0,0003531985
41829	25,897461	-3,927	-4,0135012	-10,379809	-0,0011385977	-0,0015819171	0,00032332167
41829	26,397461	-3,927	-4,0458646	-10,379711	-0,0012207925	-0,0015695317	0,00033798441
41829	26,897461	-3,927	-3,9384346	-10,379722	-0,0011390317	-0,0015200758	0,00032040849
41829	27,397461	-3,927	-3,993176	-10,379579	-0,0012026224	-0,0015781134	0,00039434433
41829	27,897461	-3,927	-4,0458236	-10,380527	-0,0011983681	-0,00159568	0,00032555312
41829	28,397461	-3,927	-4,0581841	-10,379924	-0,0011606589	-0,0016209472	0,00026833266
41829	28,897461	-5,7208476	-5,5985341	-0,0073924661	-0,00079664029	-0,00049238798	-0,00066485628
41829	29,397461	-7,6708479	-7,5237079	-0,01731962	-0,0014539249	-0,0012644561	-0,0012911148
41829	29,897461	-9,6208477	-9,5369406	-0,026363134	-0,0022388175	-0,0019601875	-0,0021441691
41829	30,397461	-11,570848	-11,715419	-0,035175681	-0,0030345526	-0,0028332572	-0,0029985905
41829	30,897461	-13,520848	-13,800087	-0,044167042	-0,0038733389	-0,0036972712	-0,0036968105
41829	31,397461	-15,470848	-15,559319	-0,051401556	-0,0045709126	-0,0045018736	-0,0042776465
41829	31,897461	-17,420849	-17,532171	-0,058835745	-0,0053129606	-0,005335521	-0,0050291605
41829	32,397461	-19,370848	-19,510811	-0,064443052	-0,0060895178	-0,006177118	-0,0057855248
41829	32,897461	-21,320848	-21,400793	-0,070759654	-0,0067845397	-0,0069567082	-0,0064780638
41829	33,397461	-23,270847	-23,413609	-0,0777632	-0,0075306799	-0,0078233061	-0,0072140321
41829	33,897461	-25,220848	-25,30245	-0,083932281	-0,0083130412	-0,0088258721	-0,0078321919
41829	34,397461	-27,170849	-27,219629	-0,089587271	-0,0090508331	-0,0095695499	-0,0085656159
41829	34,897461	-29,120848	-29,359364	-0,095306337	-0,0098703597	-0,010497724	-0,0094134919
41829	35,397461	-31,070848	-31,246342	-0,10191649	-0,010573098	-0,01125451	-0,010080114
41829	35,897461	-33,020847	-33,218586	-0,10686666	-0,011359967	-0,012103016	-0,010815199
41829	36,397461	-34,970848	-35,033752	-0,11253804	-0,012036506	-0,01278199	-0,011416584
41829	36,897461	-36,920849	-37,032745	-0,1180321	-0,012808207	-0,013788176	-0,01217813
41829	37,397461	-38,87085	-38,924049	-0,12392402	-0,013645999	-0,01451892	-0,012950357
41829	37,897461	-40,82085	-40,917046	-0,12940466	-0,014436241	-0,015418836	-0,013708303
41829	38,397461	-42,770847	-42,991917	-0,13470948	-0,015236378	-0,016236823	-0,014449084
41829	38,897461	-44,720848	-44,861073	-0,13945401	-0,015986547	-0,017103454	-0,015103741
41829	39,397461	-46,670849	-46,773819	-0,14553219	-0,016697757	-0,017924145	-0,015859604
41829	39,897461	-48,62085	-48,755196	-0,15038401	-0,017467529	-0,018724121	-0,016650198
41829	40,397461	-50,57085	-50,697865	-0,15580952	-0,018184677	-0,019627871	-0,017407442
41829	40,897461	-52,520847	-52,62793	-0,1610145	-0,019079346	-0,020487858	-0,018134756
41829	41,397461	-54,470848	-54,477615	-0,16546398	-0,019801825	-0,021299532	-0,018846201
41829	41,897461	-56,420849	-56,408443	-0,17081052	-0,020521376	-0,022051405	-0,019497793
41829	42,397461	-58,37085	-58,499054	-0,17620027	-0,021402285	-0,023079799	-0,020399295
41829	42,897461	-60,32085	-60,348473	-0,18074214	-0,022201799	-0,0239498	-0,021127202
41829	43,397461	-62,270847	-62,460892	-0,18671304	-0,022999406	-0,024820115	-0,021910412
41829	43,897461	-64,220848	-64,243423	-0,19124448	-0,023623876	-0,025567248	-0,022539476
41829	44,397461	-66,170853	-66,411545	-0,196293	-0,024463557	-0,026438715	-0,023317982
41829	44,897461	-68,12085	-68,311783	-0,20157397	-0,025308631	-0,027337475	-0,024137519
41829	45,397461	-70,070847	-70,218239	-0,20646751	-0,026056457	-0,028279303	-0,024845671
41829	45,897461	-72,020851	-72,174797	-0,21034628	-0,026803285	-0,029012624	-0,025583349
41829	46,397461	-73,970848	-74,045601	-0,21540523	-0,027588513	-0,029840708	-0,026186302
41829	46,897461	-75,920853	-75,962029	-0,22098869	-0,028371714	-0,030839352	-0,027003003
41829	47,397461	-77,87085	-77,913155	-0,22532642	-0,029137392	-0,031568881	-0,027788984
41829	47,897461	-79,820847	-80,004295	-0,22978634	-0,029949058	-0,032564841	-0,028573114
41829	48,397461	-80,900444	-81,140266	-0,2335608	-0,030414689	-0,033044655	-0,029009204
41829	48,897461	-78,950439	-79,050758	-0,22954345	-0,029705189	-0,032168113	-0,028365225
41829	49,397461	-77,000443	-77,10006	-0,22594333	-0,029031083	-0,031336024	-0,02766276
41829	49,897461	-75,050438	-75,128616	-0,2214238	-0,028242692	-0,03059423	-0,02693459
41829	50,397461	-73,100441	-73,127525	-0,21775961	-0,027575329	-0,029731162	-0,026198294
41829	50,897461	-71,150444	-71,164635	-0,2130121	-0,02688108	-0,028939439	-0,025480658
41829	51,397461	-69,200439	-69,167992	-0,20836741	-0,026122417	-0,028036041	-0,024688231
41829	51,897461	-67,250443	-67,262131	-0,2046451	-0,025400594	-0,027292442	-0,024112584
41829	52,397461	-65,300438	-65,366158	-0,20023435	-0,024759527	-0,02650802	-0,023352789
41829	52,897461	-63,350441	-63,403118	-0,19597113	-0,0239961	-0,025580196	-0,022637906
41829	53,397461	-61,40044	-61,314915	-0,19179136	-0,023230411	-0,024848359	-0,02180036
41829	53,897461	-59,450439	-59,230305	-0,18693507	-0,022442684	-0,023921845	-0,02103748
41829	54,397461	-57,500439	-57,444611	-0,18234998	-0,02178888	-0,023110583	-0,020469101
41829	54,897461	-55,550442	-55,573341	-0,1781553	-0,021117873	-0,02230097	-0,019784119
41829	55,397461	-53,600441	-53,622486	-0,17284453	-0,020367511	-0,021444157	-0,019032752
41829	55,897461	-51,65044	-51,592018	-0,16930252	-0,019544739	-0,020650748	-0,018224491
41829	56,397461	-49,700439	-49,813038	-0,16377568	-0,018915262	-0,019808201	-0,017514311
41829	56,897461	-47,750439	-47,781872	-0,15883148	-0,018175241	-0,018935252	-0,016899472
41829	57,397461	-45,800442	-45,835045	-0,15401095	-0,017540909	-0,018055238	-0,016142733
41829	57,897461	-43,850441	-43,87114	-0,1496613	-0,016738817	-0,017182834	-0,015367813
41829	58,397461	-41,90044	-41,817879	-0,1440376	-0,016018059	-0,016175848	-0,014575005
41829	58,897461	-39,950439	-39,983677	-0,13878644	-0,01536949	-0,015624155	-0,013805956
41829	59,397461	-38,000439	-38,029381	-0,13357699	-0,014625128	-0,014674807	-0,013051752
41829	59,897461	-36,050442	-36,027287	-0,12851208	-0,013845891	-0,01389767	-0,012316678
41829	60,397461	-34,100441	-34,070618	-0,12287796	-0,013146684	-0,013054128	-0,011499252
41829	60,897461	-32,15044	-32,184582	-0,11787415	-0,01243164	-0,012228188	-0,010786794
41829	61,397461	-30,200439	-30,147554	-0,11205673	-0,011678044	-0,011375225	-0,0099709742
41829	61,897461	-28,250441	-28,249331	-0,10543168	-0,011019142	-0,010591133	-0,0091823637
41829	62,397461	-26,30044	-26,265345	-0,10067523	-0,010263875	-0,0097137047	-0,0084481575
41829	62,897461	-24,350439	-24,418789	-0,094404817	-0,0095178615	-0,0089663239	-0,0078045465
41829	63,397461	-22,40044	-22,326641	-0,088723004	-0,0086494721	-0,0080588814	-0,0069220252
41829	63,897461	-20,450439	-20,460066	-0,083209574	-0,007995015	-0,0072304001	-0,0061808787
41829	64,397461	-18,500439	-18,439718	-0,076122582	-0,0072024465	-0,0065075499	-0,0054129437
41829	64,897461	-16,55044	-16,570719	-0,069528818	-0,0065004788	-0,0055255033	-0,004652638
41829	65,397461	-14,600439	-14,71926	-0,062128901	-0,0057800394	-0,0046918429	-0,0039716288
41829	65,897461	-12,650439	-12,700055	-0,055213273	-0,0049319845	-0,0038327165	-0,0032644942
41829	66,397461	-10,700439	-10,677547	-0,046728551	-0,0041955132	-0,0030036499	-0,0024522021
41829	66,897461	-8,7504396	-8,9119158	-0,039488077	-0,0033974927	-0,0023599716	-0,0018126629
41829	67,397461	-6,8004394	-6,8708363	-0,030845404	-0,0025157332	-0,0014839459	-0,0010125525
41829	67,897461	-4,8504391	-5,0245209	-0,020205975	-0,0016234424	-0,00072181656	-0,00036069006
41829	68,397461	-4,9362774	-4,7455654	-0,018468499	-0,0014438964	-0,00061248807	-0,00027572736
41829	68,897461	-6,8862777	-6,0736184	-0,024320185	-0,0019501131	-0,0010102066	-0,0007022433
41829	69,397461	-8,836278	-8,9158859	-0,036136806	-0,0032070782	-0,002042613	-0,0017445162
41829	69,897461	-10,786278	-10,768167	-0,044088066	-0,0039243232	-0,0028727762	-0,0023545958
41829	70,397461	-12,736278	-12,856124	-0,051409006	-0,0048056655	-0,0037037912	-0,0031631552
41829	70,897461	-14,686277	-14,769187	-0,057719648	-0,0054588001	-0,0045863255	-0,003846731
41829	71,397461	-16,636278	-16,731859	-0,064773858	-0,0062517133	-0,0054155723	-0,0044918843
41829	71,897461	-18,586277	-18,726891	-0,071489811	-0,0070652533	-0,0062477379	-0,0052014776
41829	72,397461	-20,536278	-20,545454	-0,076714158	-0,0077619404	-0,0070765647	-0,0057682469
41829	72,897461	-22,486279	-22,523329	-0,083726645	-0,0085528214	-0,0078300452	-0,006420847
41829	73,397461	-24,436277	-24,554779	-0,090263784	-0,0093881991	-0,008670711	-0,0072383992
41829	73,897461	-26,386278	-26,481106	-0,094740093	-0,010155957	-0,0093674464	-0,0079419091
41829	74,397461	-28,336279	-28,495632	-0,10127723	-0,010942314	-0,010369192	-0,0086309612
41829	74,897461	-30,286278	-30,409744	-0,1064986	-0,011692408	-0,011295876	-0,0092925653
41829	75,397461	-32,236279	-32,313869	-0,1117751	-0,01243246	-0,012032378	-0,0099867843
41829	75,897461	-34,186279	-34,368168	-0,11753589	-0,013196066	-0,012790611	-0,010713443
41829	76,397461	-36,13628	-36,279194	-0,12245625	-0,01396681	-0,013628125	-0,011425961
41829	76,897461	-38,086277	-38,256817	-0,12837797	-0,014788792	-0,014523443	-0,012110425
41829	77,397461	-40,036278	-40,216366	-0,13331026	-0,015486285	-0,015273718	-0,012853
41829	77,897461	-41,986279	-42,150745	-0,13908446	-0,016263269	-0,016176334	-0,013540935
41829	78,397461	-43,936279	-44,012852	-0,14348477	-0,01703592	-0,016916245	-0,014248462
41829	78,897461	-45,88628	-45,965046	-0,14898777	-0,017682839	-0,01779316	-0,014962625
41829	79,397461	-47,836277	-48,015942	-0,15364438	-0,018470805	-0,018655604	-0,015786353
41829	79,897461	-49,786278	-49,858746	-0,15871227	-0,019197207	-0,019408857	-0,016362721
41829	80,397461	-51,736279	-51,750347	-0,16398132	-0,019909725	-0,020370478	-0,017062023
41829	80,897461	-53,686279	-53,720081	-0,16832203	-0,020671394	-0,021173937	-0,017819146
41829	81,397461	-55,63628	-55,793499	-0,17366707	-0,021441564	-0,022034634	-0,018639687
41829	81,897461	-57,586277	-57,588787	-0,17811507	-0,022208825	-0,022918696	-0,019337395
41829	82,397461	-59,536278	-59,537933	-0,18251687	-0,022915591	-0,023704475	-0,020038037
41829	82,897461	-61,486279	-61,659897	-0,18815547	-0,023674201	-0,024474157	-0,020824874
41829	83,397461	-63,436279	-63,492542	-0,19269437	-0,024464138	-0,025479749	-0,021480942
41829	83,897461	-65,386276	-65,540359	-0,19750446	-0,02522422	-0,026309891	-0,022209721
41829	84,397461	-67,336281	-67,485977	-0,20264983	-0,025933385	-0,027036943	-0,022958187
41829	84,897461	-69,286278	-69,46949	-0,20706654	-0,026766796	-0,028027181	-0,023742907
41829	85,397461	-71,236282	-71,330299	-0,21165609	-0,027452879	-0,028770078	-0,02440376
41829	85,897461	-73,186279	-73,302574	-0,21628588	-0,028190423	-0,029678568	-0,025148002
41829	86,397461	-75,136276	-75,18531	-0,22073239	-0,028987207	-0,030562202	-0,025774501
41829	86,897461	-77,086281	-77,08802	-0,22516251	-0,029712252	-0,031366143	-0,026464077
41829	87,397461	-75,781349	-76,060867	-0,22333264	-0,029339224	-0,030873833	-0,026216308
41829	87,897461	-73,831352	-74,021179	-0,21949112	-0,028575219	-0,03002294	-0,025512697
41829	88,397461	-71,881348	-71,952423	-0,21569431	-0,027892921	-0,029185904	-0,024736634
41829	88,897461	-69,931351	-70,081856	-0,21112114	-0,027143128	-0,028368598	-0,024067394
41829	89,397461	-67,981346	-68,044624	-0,20665526	-0,026442934	-0,027661094	-0,023279781
41829	89,897461	-66,031349	-66,089882	-0,20228475	-0,025708944	-0,026759457	-0,022630472
41829	90,397461	-64,081352	-64,076538	-0,19783974	-0,024935376	-0,025899492	-0,021859935
41829	90,897461	-62,131348	-62,28722	-0,19394159	-0,024216991	-0,025100311	-0,0212458
41829	91,397461	-60,181347	-60,20546	-0,18931627	-0,023459669	-0,024188617	-0,020440182
41829	91,897461	-58,23135	-58,28801	-0,18476099	-0,022781257	-0,023416599	-0,019765431
41829	92,397461	-56,281349	-56,199947	-0,18015653	-0,022056486	-0,022484085	-0,019010091
41829	92,897461	-54,331348	-54,201092	-0,17510206	-0,021252334	-0,021695865	-0,0182804
41829	93,397461	-52,381348	-52,393795	-0,17118901	-0,020589139	-0,020999212	-0,017543616
41829	93,897461	-50,431347	-50,36475	-0,16580969	-0,019906774	-0,020039938	-0,016829327
41829	94,397461	-48,48135	-48,458157	-0,16151518	-0,019114304	-0,019130576	-0,016100535
41829	94,897461	-46,531349	-46,552212	-0,15675277	-0,018366735	-0,018386882	-0,015443245
41829	95,397461	-44,581348	-44,594692	-0,15197247	-0,017647211	-0,017518979	-0,014754128
41829	95,897461	-42,631348	-42,661724	-0,14687777	-0,016895596	-0,016652126	-0,013951294
41829	96,397461	-40,681347	-40,745972	-0,14214069	-0,016254295	-0,015775412	-0,013210885
41829	96,897461	-38,73135	-38,596573	-0,13633221	-0,01543368	-0,014949042	-0,012323327
41829	97,397461	-36,781349	-36,698948	-0,13145804	-0,014588721	-0,014034753	-0,011625998
41829	97,897461	-34,831348	-34,805557	-0,12614578	-0,013942882	-0,01335569	-0,010967325
41829	98,397461	-32,881348	-32,786858	-0,12043864	-0,013163242	-0,012529626	-0,010144282
41829	98,897461	-30,931349	-30,905436	-0,11525452	-0,01251724	-0,011695928	-0,0094572827
41829	99,397461	-28,981348	-28,947832	-0,10877997	-0,01172699	-0,0108682	-0,0087098032
41829	99,897461	-27,031347	-26,939182	-0,10309517	-0,010993963	-0,0099772774	-0,0078777
41829	100,39746	-25,081348	-25,021063	-0,097793341	-0,010222066	-0,0091397054	-0,0070755854
41829	100,89746	-23,131348	-23,073648	-0,091604888	-0,0094617121	-0,0083358483	-0,0064414442
41829	101,39746	-21,181347	-21,103813	-0,085456669	-0,0087601077	-0,0075012646	-0,005697839
41829	101,89746	-19,231348	-19,240717	-0,079251826	-0,0079145934	-0,0067207799	-0,0049933642
41829	102,39746	-17,281347	-17,214615	-0,072753429	-0,0071287993	-0,0058302647	-0,0042366013
41829	102,89746	-15,331347	-15,292767	-0,065889955	-0,0063776653	-0,004987976	-0,003502477
41829	103,39746	-13,381348	-13,477336	-0,059215724	-0,0055844355	-0,0042032343	-0,0027894937
41829	103,89746	-11,431348	-11,402049	-0,051599741	-0,004723927	-0,0032940868	-0,0020331964
41829	104,39746	-9,4813471	-9,5072889	-0,04337728	-0,0039031152	-0,0025771654	-0,0014289394
41829	104,89746	-7,5313473	-7,6068153	-0,034475327	-0,0029798243	-0,0017632116	-0,00085698813
41829	105,39746	-5,5813475	-5,6902785	-0,025293231	-0,0020440836	-0,00093938585	-0,00020253286
41829	105,89746	-3,927	-4,3581986	-0,017289817	-0,0014249831	-0,00046833485	0,00028825551
41829	106,39746	-3,927	-3,845932	-0,014618039	-0,0011448488	-0,00025681878	0,00044693053
41829	106,89746	-3,927	-3,6812201	-0,013609231	-0,0010380484	-0,00014081613	0,00051341206
41829	107,39746	-3,927	-3,8273726	-0,012882054	-0,0010669362	-8,3042549e-05	0,00052018836
41829	107,89746	-3,927	-3,7947335	-0,013695657	-0,001117738	-8,7682878e-05	0,00050772727
41829	108,39746	-3,927	-3,8668551	-0,013019145	-0,0011056289	-0,0001608703	0,00039771944
41829	108,89746	-3,927	-3,9340258	-0,013594329	-0,0010820553	-0,00025539842	0,00041999668
41829	109,39746	-3,927	-3,9083846	-0,014075637	-0,0010827351	-0,00019006943	0,00043717399
41829	109,89746	-3,927	-3,9149375	-0,013376772	-0,0010563843	-0,00016542512	0,00049320981
41829	110,39746	-3,927	-3,9131362	-0,013078749	-0,0010837242	-0,00022061825	0,00054132566
41829	110,89746	-3,927	-3,9462354	-0,013844669	-0,0010242853	-0,00016174966	0,00049756095
41829	111,39746	-3,927	-3,9168391	-0,012512505	-0,0010334793	-0,00019402747	0,000491485
41829	111,89746	-3,927	-3,9703884	-0,01334846	-0,0010677762	-0,00025987887	0,00046880543
41829	112,39746	-3,927	-3,991384	-0,014053285	-0,0010878108	-0,00017170518	0,00048936158
41829	112,89746	-3,927	-4,0157566	-0,014106929	-0,0010597277	-0,00016737347	0,00049626082
41829	113,39746	-3,927	-3,9860978	-0,013270974	-0,0010217726	-0,0002412246	0,00046607479
41829	113,89746	-3,927	-3,9947629	-0,013743341	-0,0010954924	-0,00016227021	0,00056355074
41829	114,39746	-3,927	-3,9162581	-0,013263524	-0,001054896	-0,00021643899	0,00062303618
41829	114,89746	-3,927	-3,9635339	-0,013197958	-0,0011158809	-0,0001848379	0,00057975203
41829	115,39746	-3,927	-3,9949174	-0,013288856	-0,0010370351	-0,00012765366	0,00052371994
41829	115,89746	-3,927	-3,9832499	-0,013376772	-0,001010932	-7,0975097e-05	0,00053387135
41829	116,39746	-3,927	-4,0158963	-0,013813376	-0,0010490902	-0,00015846835	0,00049495324
41829	116,89746	-3,927	-4,0271449	-0,01398921	-0,0010112152	-0,00019592189	0,00059660897
41829	117,39746	-3,927	-3,9467289	-0,01309216	-0,0010277573	-9,3139359e-05	0,00058929995
41829	117,89746	-3,927	-3,9707906	-0,013841689	-0,0010076463	-0,00015995192	0,00059509277
41829	118,39746	-3,927	-4,0131211	-0,013823807	-0,0010416191	-0,00013812972	0,00054021552
41829	118,89746	-3,927	-3,9608274	-0,013437867	-0,00098422356	-4,500338e-05	0,00063225254
41829	119,39746	-3,927	-3,9181876	-0,013555586	-0,00095700659	-9,782616e-06	0,0006624423
41829	119,89746	-3,927	-3,9232466	-0,013148785	-0,00097551197	-0,00010178792	0,00058709458
41829	120,39746	-3,927	-3,9115958	-0,012743473	-0,00094796345	-0,00014502887	0,00067570806
41829	120,89746	-3,927	-3,9927886	-0,013361871	-0,0010284632	-0,00012917999	0,00063262507
41829	121,39746	-3,927	-3,9347839	-0,013665855	-0,00099772215	-6,1779952e-05	0,00062374026
41829	121,89746	-3,927	-3,9207823	-0,012847781	-0,00095051154	-5,6617217e-05	0,00062670559
41829	122,39746	-3,927	-3,9273221	-0,013124943	-0,00097032264	-0,00011074137	0,00061457604
41829	122,89746	-3,927	-3,9661283	-0,013439357	-0,00093347207	-0,00013355818	0,000625588
41829	123,39746	-3,927	-3,938904	-0,013360381	-0,0009263698	-0,00010659743	0,00064134225
41829	123,89746	-3,927	-3,9974377	-0,013272464	-0,00090558641	-7,4286159e-05	0,00054429471
41829	124,39746	-3,927	-3,8885326	-0,012890995	-0,00091203488	3,3038174e-05	0,00059921294
41829	124,89746	-3,927	-3,9425864	-0,012807548	-0,00093269534	-9,7658842e-05	0,00061023608
41829	125,39746	-3,927	-3,8972814	-0,013037026	-0,00094192103	4,034632e-05	0,00062838942
41829	125,89746	-3,927	-3,8844068	-0,012226403	-0,00095682405	-2,3015733e-05	0,00062631816
41829	126,39746	-3,927	-4,0274839	-0,013256073	-0,00095511228	-9,3196986e-06	0,00065214187
41829	126,89746	-3,927	-3,8858037	-0,013206899	-0,00093871541	-4,8132256e-06	0,00065705925
41829	127,39746	-3,927	-3,9586537	-0,01347363	-0,00094512478	-2,0959562e-05	0,00067011639
41829	127,89746	-3,927	-3,9670467	-0,012731552	-0,00086362101	-0,00010464536	0,00066740066
41829	128,39746	-3,927	-3,9367471	-0,012928247	-0,00089081936	-0,00010508969	0,00069494545
41829	128,89746	-3,927	-3,9953628	-0,013118982	-0,00096948072	-5,5107623e-05	0,0006502606
41829	129,39746	-3,927	-3,8920772	-0,013193488	-0,00081931427	-3,7684081e-06	0,00068087131
41829	129,89746	-3,927	-3,9889569	-0,0129655	-0,00096081011	-0,00012340746	0,00066261366
41829	130,39746	-3,927	-4,0058122	-0,012539327	-0,00092526153	-8,5797747e-06	0,00065707415
41829	130,89746	-3,927	-3,9674137	-0,013072789	-0,00091412291	-6,1276136e-05	0,00060627982
41829	131,39746	-3,927	-3,9737151	-0,013098121	-0,00087252632	-5,0692244e-05	0,0006599091
41829	131,89746	-3,927	-4,0198078	-0,013524294	-0,00091033615	-3,6685742e-05	0,00070336461
41829	132,39746	-3,927	-3,9441493	-0,012749434	-0,00087408908	-5,0948802e-05	0,00078904629
41829	132,89746	-3,927	-3,9814563	-0,013129413	-0,00086586364	-7,1670402e-05	0,00071906298
41829	133,39746	-3,927	-3,9732196	-0,013466179	-0,00091787428	-7,6697419e-05	0,00070074201
41829	133,89746	-3,927	-4,0237865	-0,013251603	-0,0008701086	-5,3914078e-05	0,00072583929
41829	134,39746	-3,927	-3,9835908	-0,013230741	-0,0009057913	-6,1740911e-06	0,00075666979
41829	134,89746	-3,927	-3,9678254	-0,012847781	-0,000875175	-5,0668077e-05	0,00072093681
41829	135,39746	-3,927	-3,9101634	-0,012886524	-0,00078210793	3,0210475e-05	0,00076206401
41829	135,89746	-4,1897931	-4,085958	-0,013624132	-0,00093769468	-0,00012765924	0,00069852918
41829	136,39746	-6,1397929	-5,6424422	-0,019952655	-0,001602577	-0,00066544471	7,5720251e-05
41829	136,89746	-8,0897932	-7,8748183	-0,030444562	-0,0024700351	-0,0014752564	-0,00061959028
41829	137,39746	-10,039793	-10,23717	-0,040191412	-0,0035362896	-0,0023816321	-0,0015176125
41829	137,89746	-11,989793	-12,18713	-0,04774183	-0,0043334085	-0,0031229618	-0,0021789595
41829	138,39746	-13,939794	-13,991973	-0,054953992	-0,0050744675	-0,0040170113	-0,0028365329
41829	138,89746	-15,889793	-16,044239	-0,061878562	-0,0059391111	-0,0048351502	-0,0035624504
41829	139,39746	-17,839794	-18,040915	-0,068996847	-0,0067076366	-0,0055744736	-0,0041945018
41829	139,89746	-19,789793	-19,945589	-0,074757636	-0,0075068511	-0,0064822603	-0,0048966631
41829	140,39746	-21,739794	-21,88328	-0,081676245	-0,008299984	-0,0073011168	-0,0055100992
41829	140,89746	-23,689793	-23,879416	-0,086948276	-0,0090583898	-0,0081075113	-0,0062600337
41829	141,39746	-25,639793	-25,818478	-0,09252727	-0,0099383723	-0,0089129172	-0,0070486329
41829	141,89746	-27,589794	-27,659903	-0,098243356	-0,010659482	-0,0097047305	-0,007623788
41829	142,39746	-29,539793	-29,684677	-0,10419637	-0,011404846	-0,010604534	-0,0083411336
41829	142,89746	-31,489794	-31,615826	-0,10967106	-0,012127116	-0,011396188	-0,0090262145
41829	143,39746	-33,439793	-33,657902	-0,11561364	-0,012985997	-0,012219421	-0,009789262
41829	143,89746	-35,389793	-35,519569	-0,1208663	-0,013643298	-0,013010421	-0,010516495
41829	144,39746	-37,339794	-37,510551	-0,1260072	-0,01452997	-0,013787842	-0,011168402
41829	144,89746	-39,289795	-39,375973	-0,13137609	-0,015211634	-0,014692201	-0,011847749
41829	145,39746	-41,239796	-41,345749	-0,1364544	-0,016013347	-0,015505653	-0,012583226
41829	145,89746	-43,189793	-43,322056	-0,14203787	-0,016745158	-0,016365817	-0,013395581
41829	146,39746	-45,139793	-45,305225	-0,14705658	-0,017596088	-0,017305532	-0,01406231
41829	146,89746	-47,089794	-47,196743	-0,15236139	-0,018251099	-0,018065732	-0,014705483
41829	147,39746	-49,039795	-49,229343	-0,15703291	-0,019014426	-0,018902408	-0,015529456
41829	147,89746	-50,989796	-51,061188	-0,16158521	-0,019790463	-0,019769702	-0,016190758
41829	148,39746	-52,939793	-53,067223	-0,16653836	-0,020588849	-0,0205916	-0,016927825
41829	148,89746	-54,889793	-54,967789	-0,172171	-0,02125442	-0,021466237	-0,017632358
41829	149,39746	-56,839794	-57,028973	-0,17728955	-0,022048369	-0,022365373	-0,018442327
41829	149,89746	-58,789795	-59,007015	-0,18226802	-0,022905856	-0,023167197	-0,019179447
41829	150,39746	-60,739796	-60,831009	-0,18666834	-0,023530245	-0,02396154	-0,019789577
41829	150,89746	-62,689793	-62,828491	-0,19176304	-0,024380971	-0,024808092	-0,02057844
41829	151,39746	-64,639793	-64,671989	-0,19596517	-0,025062956	-0,02570915	-0,021290747
41829	151,89746	-66,589798	-66,654457	-0,2013728	-0,025824778	-0,026509257	-0,021967229
41829	152,39746	-68,539795	-68,625069	-0,20539612	-0,026636846	-0,02739175	-0,02269597
41829	152,89746	-70,489792	-70,615089	-0,21060705	-0,027368665	-0,028170556	-0,023492949
41829	153,39746	-72,439796	-72,48156	-0,21459609	-0,028081175	-0,028948845	-0,024192652
41829	153,89746	-74,389793	-74,408508	-0,219661	-0,028825175	-0,029925764	-0,024862045
41829	154,39746	-76,339798	-76,461777	-0,22476912	-0,029639661	-0,030709522	-0,025697825
41829	154,89746	-77,400002	-77,482567	-0,22654086	-0,030018531	-0,031235855	-0,026056454
41829	155,39746	-77,400002	-77,568153	-0,22682548	-0,030055091	-0,031328417	-0,026069444
41829	155,89746	-77,400002	-77,607521	-0,22684038	-0,030175246	-0,031310398	-0,026138898
41829	156,39746	-77,400002	-77,575996	-0,22736639	-0,030103289	-0,031449579	-0,026111275
41829	156,89746	-77,400002	-77,46386	-0,22727996	-0,030117523	-0,031229546	-0,026079778
41829	157,39746	-77,400002	-77,409607	-0,22725016	-0,030107133	-0,031282749	-0,026136976
41829	157,89746	-77,400002	-77,420715	-0,22763163	-0,030112058	-0,031322084	-0,026096238
41829	158,39746	-77,400002	-77,339378	-0,22708476	-0,030117888	-0,031317778	-0,026033513
41829	158,89746	-77,400002	-77,47879	-0,22831559	-0,030209906	-0,031391941	-0,026147714
41829	159,39746	-77,400002	-77,471024	-0,22760481	-0,030111257	-0,031358395	-0,026166826
41829	159,89746	-77,400002	-77,402985	-0,22806376	-0,030062217	-0,03134086	-0,026100442
41829	160,39746	-77,400002	-77,488312	-0,22758543	-0,030210312	-0,031397801	-0,026101625
41829	160,89746	-77,400002	-77,630196	-0,22805333	-0,030258086	-0,031396061	-0,026186684
41829	161,39746	-77,400002	-77,419098	-0,22766143	-0,030224573	-0,031364389	-0,026140431
41829	161,89746	-77,400002	-77,437286	-0,22848845	-0,030226074	-0,031426951	-0,02619434
41829	162,39746	-77,400002	-77,534584	-0,22844374	-0,030240647	-0,03131235	-0,026128117
41829	162,89746	-77,400002	-77,562996	-0,22780895	-0,030222364	-0,03144069	-0,026236007
41829	163,39746	-77,400002	-77,478149	-0,22838116	-0,030196015	-0,031374097	-0,026150499
41829	163,89746	-77,400002	-77,393211	-0,22807121	-0,030225098	-0,031390827	-0,026172478
41829	164,39746	-77,400002	-77,352203	-0,22832006	-0,030150421	-0,03135208	-0,026167627
41829	164,89746	-77,400002	-77,495956	-0,22849292	-0,030313194	-0,031381335	-0,026183255
41829	165,39746	-77,400002	-77,34507	-0,2283141	-0,030228179	-0,031477854	-0,026163902
41829	165,89746	-77,400002	-77,347946	-0,22801012	-0,030134313	-0,031381316	-0,026128313
41829	166,39746	-77,400002	-77,427734	-0,22878647	-0,030261621	-0,031485815	-0,02617627
41829	166,89746	-77,400002	-77,420967	-0,22796094	-0,030284386	-0,031421557	-0,026134122
41829	167,39746	-77,400002	-77,376205	-0,2278015	-0,030228205	-0,031339884	-0,026230775
41829	167,89746	-77,400002	-77,411423	-0,22838414	-0,030195132	-0,031534124	-0,026185742
41829	168,39746	-77,400002	-77,406555	-0,22807419	-0,030279655	-0,031395271	-0,026161032
41829	168,89746	-77,400002	-77,49424	-0,22842437	-0,030273929	-0,031447168	-0,026211036
41829	169,39746	-77,400002	-77,408997	-0,22915453	-0,030322295	-0,031576797	-0,026188467
41829	169,89746	-77,400002	-77,415306	-0,22823513	-0,030251008	-0,031362966	-0,026144143
41829	170,39746	-77,400002	-77,385544	-0,2281934	-0,030281853	-0,031425349	-0,026201546
41829	170,89746	-77,400002	-77,319809	-0,22855401	-0,030243438	-0,031382337	-0,026159648
41829	171,39746	-77,400002	-77,442856	-0,22903532	-0,03029415	-0,031459089	-0,026199427
41829	171,89746	-77,400002	-77,382179	-0,22888035	-0,030248769	-0,031496111	-0,026224883
41829	172,39746	-77,400002	-77,450905	-0,22847503	-0,03027083	-0,031520765	-0,02617437
41829	172,89746	-77,400002	-77,547104	-0,22911727	-0,030225102	-0,031495556	-0,026203277
41829	173,39746	-77,400002	-77,451836	-0,22848547	-0,030302167	-0,031524286	-0,02620128
41829	173,89746	-77,400002	-77,557755	-0,22962689	-0,030295841	-0,031557508	-0,026201956
41829	174,39746	-77,400002	-77,305611	-0,22861063	-0,03020183	-0,031521834	-0,026183398
41829	174,89746	-77,400002	-77,567711	-0,22914708	-0,030355066	-0,031599037	-0,026275011
41829	175,39746	-77,400002	-77,455055	-0,22909641	-0,030212563	-0,031452712	-0,026229205
41829	175,89746	-77,400002	-77,442802	-0,22985041	-0,030358043	-0,031535108	-0,026226293
41829	176,39746	-77,400002	-77,531342	-0,22930056	-0,030322533	-0,031538062	-0,026198646
41829	176,89746	-77,400002	-77,450172	-0,22915304	-0,030257449	-0,031541757	-0,026267504
41829	177,39746	-77,400002	-77,469978	-0,22872239	-0,03039119	-0,031485822	-0,026277639
41829	177,89746	-77,400002	-77,495682	-0,2286911	-0,03028686	-0,031575918	-0,026235962
41829	178,39746	-77,400002	-77,374039	-0,22888184	-0,030261621	-0,031500485	-0,026203223
41829	178,89746	-77,400002	-77,337891	-0,22864193	-0,030222632	-0,03152841	-0,02614188
41829	179,39746	-77,400002	-77,449127	-0,22866726	-0,030309368	-0,031438209	-0,026268383
41829	179,89746	-77,400002	-77,449051	-0,22852868	-0,030294247	-0,031513441	-0,026240401
41829	180,39746	-77,400002	-77,375237	-0,22875667	-0,030267298	-0,031506851	-0,026175138
41829	180,89746	-77,400002	-77,355392	-0,22889227	-0,030305628	-0,031547453	-0,026238244
41829	181,39746	-77,400002	-77,43618	-0,22931993	-0,030273784	-0,031527832	-0,026217043
41829	181,89746	-77,400002	-77,342186	-0,22934675	-0,03020988	-0,031456504	-0,026225779
41829	182,39746	-77,400002	-77,426224	-0,22963881	-0,030286357	-0,031617749	-0,026235688
41829	182,89746	-77,400002	-77,406639	-0,22899061	-0,030238483	-0,031465862	-0,026184222
41829	183,39746	-77,400002	-77,30162	-0,22895932	-0,030277025	-0,031443596	-0,026155589
41829	183,89746	-77,400002	-77,476875	-0,22920668	-0,030321129	-0,031512909	-0,02619048
41829	184,39746	-77,400002	-77,293388	-0,22925436	-0,030285716	-0,031459544	-0,026220538
41829	184,89746	-76,296486	-76,39106	-0,2277419	-0,029918421	-0,031181054	-0,02587782
41829	185,39746	-73,796486	-73,81913	-0,22157729	-0,028936028	-0,029983519	-0,024907619
41829	185,89746	-71,296486	-71,298256	-0,21649897	-0,028045371	-0,028955404	-0,024052041
41829	186,39746	-68,796486	-68,855873	-0,21065176	-0,027136259	-0,027923329	-0,023064476
41829	186,89746	-66,296486	-66,381874	-0,20521134	-0,026132766	-0,026942447	-0,022257907
41829	187,39746	-63,796486	-63,79644	-0,19959658	-0,025174059	-0,025799856	-0,0212662
41829	187,89746	-61,296486	-61,305759	-0,19436032	-0,024289854	-0,024694599	-0,020428777
41829	188,39746	-58,796486	-58,710556	-0,18784851	-0,023283109	-0,023565402	-0,019414626
41829	188,89746	-56,296486	-56,320717	-0,18236041	-0,022348341	-0,022564972	-0,018603738
41829	189,39746	-53,796486	-53,70763	-0,17685443	-0,021400552	-0,021477861	-0,017590947
41829	189,89746	-51,296486	-51,279461	-0,17094016	-0,020543482	-0,020427404	-0,016664142
41829	190,39746	-48,796486	-48,762497	-0,16407967	-0,019568734	-0,019337483	-0,015785791
41829	190,89746	-46,296486	-46,041119	-0,15782267	-0,018574473	-0,018126084	-0,014740929
41829	191,39746	-43,796486	-43,778847	-0,15234947	-0,017672341	-0,017158089	-0,013900297
41829	191,89746	-41,296486	-41,2141	-0,14484376	-0,016708616	-0,016104791	-0,012900824
41829	192,39746	-38,796486	-38,77784	-0,13819486	-0,015768588	-0,015000401	-0,011929618
41829	192,89746	-36,296486	-36,33168	-0,13136864	-0,014845237	-0,014015927	-0,011026111
41829	193,39746	-33,796486	-33,796566	-0,12483597	-0,013914566	-0,012924787	-0,0099620223
41829	193,89746	-31,296486	-31,222836	-0,11756718	-0,012901984	-0,011807733	-0,0090941563
41829	194,39746	-28,796486	-28,795084	-0,11071861	-0,011935297	-0,010797747	-0,0080775991
41829	194,89746	-26,296486	-26,329786	-0,10317564	-0,010959487	-0,0097119557	-0,0071977712
41829	195,39746	-23,796486	-23,787088	-0,095397234	-0,0099300276	-0,0086986367	-0,0062078722
41829	195,89746	-21,296486	-21,293903	-0,087399781	-0,008959502	-0,0076531218	-0,0052412041
41829	196,39746	-18,796486	-18,765068	-0,079698861	-0,0079503525	-0,006498816	-0,0043287501
41829	196,89746	-16,296486	-16,18074	-0,070640445	-0,0068453439	-0,0054175225	-0,0033819489
41829	197,39746	-13,796486	-13,758124	-0,061796606	-0,0058996007	-0,004375923	-0,0025349036
41829	197,89746	-11,296486	-11,270558	-0,052455068	-0,0047253128	-0,0033532993	-0,0016199611
41829	198,39746	-8,7964859	-8,700119	-0,041590631	-0,0035656746	-0,0021684873	-0,00082080439
41829	198,89746	-6,2964859	-6,328052	-0,030225515	-0,0023086555	-0,0011900379	-3,387779e-05
41829	199,39746	-3,927	-4,2159147	-0,018247962	-0,0013554078	-0,00043126428	0,00071265176
41829	199,89746	-3,927	-3,9400775	-0,015796721	-0,0011876654	-0,00027303948	0,00075962767
41829	200,39746	-3,927	-3,7832298	-0,015486777	-0,0010635685	-0,00029622996	0,00087235868
41829	200,89746	-3,927	-3,7587564	-0,013682246	-0,0010628253	-0,00016105622	0,00090099499
41829	201,39746	-3,927	-3,8196743	-0,014878809	-0,0010485295	-0,00013886965	0,0009403266
41829	201,89746	-3,927	-3,8846564	-0,014835596	-0,00099398941	-0,00012940865	0,00086003169
41829	202,39746	-3,927	-3,9029438	-0,014579296	-0,0010268521	-0,00014566282	0,00089639798
41829	202,89746	-3,927	-3,9559789	-0,014744699	-0,00097178482	-0,00015454934	0,00091219693
41829	203,39746	-3,927	-3,8283916	-0,014215708	-0,00099180825	-0,0001398717	0,0009188652
41829	203,89746	-3,927	-4,0064807	-0,015211105	-0,0010236856	-0,00015224406	0,00082774833
41829	204,39746	-3,927	-3,9339774	-0,014916062	-0,0010342542	-0,00027245012	0,00086022168
41829	204,89746	-3,927	-4,0157232	-0,015664101	-0,0010677502	-0,0001863791	0,00084127486
41829	205,39746	-3,927	-3,936626	-0,015331805	-0,00098838285	-0,00021524359	0,00094617158
41829	205,89746	-3,927	-3,9980915	-0,015076995	-0,00094406493	-0,00019475995	0,00096568838
41829	206,39746	-3,927	-3,9244778	-0,014132261	-0,00096368231	-0,00016607209	0,00091515481
41829	206,89746	-3,927	-3,9994326	-0,015157461	-0,0010409057	-0,00019035573	0,00093482435
41829	207,39746	-3,927	-4,0676465	-0,01552403	-0,0010394994	-0,00018716736	0,00086909533
41829	207,89746	-3,927	-3,9189272	-0,014740229	-0,00088612922	-0,00011003491	0,00097167492
41829	208,39746	-3,927	-4,04598	-0,014348328	-0,0010563266	-0,00018608164	0,00097336248
41829	208,89746	-3,927	-3,9922893	-0,015003979	-0,00093766488	-0,00010930056	0,00096231326
41829	209,39746	-3,927	-3,9359033	-0,014267862	-0,00089892372	-0,0001160454	0,00099845976
41829	209,89746	-3,927	-3,9449911	-0,014452636	-0,00092009641	-9,806599e-05	0,00091951713
41829	210,39746	-3,927	-4,0379481	-0,01488924	-0,00095823593	-7,2640854e-05	0,00098394603
41829	210,89746	-3,927	-3,9666388	-0,014723837	-0,00098838843	-0,00012521265	0,00096724555
41829	211,39746	-3,927	-3,9793477	-0,014775991	-0,0009801127	-0,00012877843	0,00094201788
41829	211,89746	-3,927	-3,9581769	-0,014971197	-0,00083743595	-0,00016489714	0,0010243841
41829	212,39746	-3,927	-3,9918125	-0,014923513	-0,00088348612	-0,00012289807	0,0009541437
41829	212,89746	-3,927	-4,0189719	-0,015288591	-0,0009769462	-6,4181921e-05	0,001021754
41829	213,39746	-3,927	-3,9913058	-0,014494359	-0,00098342262	-0,00012365844	0,00093162432
41829	213,89746	-3,927	-3,9795916	-0,014361739	-0,00097251683	-0,00016330017	0,0010232329
41829	214,39746	-3,927	-3,9769578	-0,014862418	-0,00095833279	-7,1657385e-05	0,0010235757
41829	214,89746	-3,927	-4,0016584	-0,013901293	-0,00093718991	-9,3379182e-05	0,0010084696
41829	215,39746	-3,927	-3,9917567	-0,01476109	-0,00086256862	-6,9539863e-05	0,0010480322
41829	215,89746	-3,927	-4,0206256	-0,014162064	-0,00089758076	-0,00018937413	0,0009941794
41829	216,39746	-3,927	-4,049571	-0,014312565	-0,00097539835	-7,352393e-05	0,0010388047
41829	216,89746	-3,927	-3,9864631	-0,014613569	-0,0009099599	-3,6754527e-06	0,0010522157
41829	217,39746	-3,927	-3,9720368	-0,014294684	-0,00083296187	-6,7639856e-05	0,0010453239
41829	217,89746	-3,927	-3,9745252	-0,014705956	-0,0008447282	-0,0001110946	0,0010922365
41829	218,39746	-3,927	-4,0298104	-0,014463067	-0,00088648684	-1,4367172e-05	0,0010269322
41829	218,89746	-3,927	-3,9703958	-0,014612079	-0,00089518353	-7,661376e-06	0,0011168569
41829	219,39746	-3,927	-3,9677005	-0,014381111	-0,00092746504	-5,3198321e-05	0,0010481179
41829	219,89746	-3,927	-4,0164237	-0,014185905	-0,00088596344	-0,00010845653	0,0011061281
41829	220,39746	-3,927	-4,0004311	-0,014838576	-0,00089471415	-6,5682216e-05	0,00098152459
41829	220,89746	-3,927	-3,9877985	-0,014279783	-0,00090690516	-5,1361523e-05	0,0010688566
41829	221,39746	-3,927	-3,9996617	-0,014768541	-0,00091407634	-2,0747625e-06	0,0010176152
41829	221,89746	-3,927	-3,9993451	-0,014194846	-0,00092333369	-2,5947544e-05	0,0010630526
41829	222,39746	-3,927	-4,0094237	-0,014209747	-0,00077853166	-2,9751274e-05	0,001056578
41829	222,89746	-3,927	-3,9396341	-0,01437515	-0,00087636337	-0,00010659557	0,0010629185
41829	223,39746	-3,927	-3,9681661	-0,014261901	-0,00087729283	-5,7818202e-06	0,0011071935
41829	223,89746	-3,927	-3,979614	-0,014257431	-0,00084765442	-3,0420553e-05	0,0010226108
41829	224,39746	-3,927	-3,9858706	-0,014068186	-0,00087281317	-1,8525992e-05	0,0010859556
41829	224,89746	-3,927	-3,9844644	-0,014020503	-0,00085036643	-4,1564035e-05	0,0011001974
41829	225,39746	-3,927	-3,973618	-0,014530122	-0,00090436265	-1,6802602e-05	0,0010953695
41829	225,89746	-3,927	-3,9941332	-0,014345348	-0,00088651292	-2,4516032e-05	0,0010917187
41829	226,39746	-3,927	-3,9633644	-0,01450181	-0,00081693381	-6,2843363e-05	0,0011265129
41829	226,89746	-3,927	-3,9620399	-0,014562905	-0,00086987205	3,3599623e-05	0,0011183545
41829	227,39746	-3,927	-3,9868429	-0,014171004	-0,00088975206	-1,5136842e-05	0,0011342689
41829	227,89746	-3,927	-4,0027781	-0,01502037	-0,00086451694	-5,0063867e-05	0,0011460222
41829	228,39746	-3,927	-4,0503888	-0,014567375	-0,00089696981	2,7291677e-05	0,0010705106
41829	228,89746	-3,927	-3,8933606	-0,013884902	-0,00079488568	1,7475597e-06	0,0011842512
41829	229,39746	-3,927	-4,0237103	-0,014455616	-0,00082794763	-4,8712296e-05	0,0010452196
41829	229,89746	-3,927	-3,9817543	-0,013920665	-0,00082013942	5,613199e-05	0,0011493601
41829	230,39746	-3,927	-4,0028429	-0,013940036	-0,00079619884	3,7715687e-05	0,0010877401
41829	230,89746	-3,927	-4,0255728	-0,014148653	-0,00084096566	3,8550425e-05	0,0011239648
41829	231,39746	-3,927	-4,0284414	-0,01424849	-0,0008469224	-4,6481371e-05	0,0011758916
41829	231,89746	-3,927	-3,9809086	-0,014561415	-0,00080684759	-7,418391e-05	0,0011102483
41829	232,39746	-3,927	-3,9286447	-0,013934076	-0,00079392269	4,6176476e-05	0,0012428053
41829	232,89746	-3,927	-4,0281544	-0,014290214	-0,00081427395	-0,00010641338	0,0011214167
41829	233,39746	-3,927	-3,9957128	-0,014673173	-0,00083632022	9,0153633e-05	0,0012017787
41829	233,89746	-3,927	-3,9596334	-0,014476478	-0,00079954788	-8,0742837e-05	0,0012070872
41829	234,39746	-3,927	-4,000567	-0,015085936	-0,00081771985	-6,818086e-05	0,0011403263
41829	234,89746	-3,927	-3,9919243	-0,014446676	-0,00076248497	9,1488473e-05	0,0012195893
41829	235,39746	-3,927	-3,9859469	-0,014327466	-0,0007799603	3,5194738e-05	0,0011494868
41829	235,89746	-3,927	-3,9652679	-0,013877451	-0,00074407645	4,1859632e-05	0,0012078844
41829	236,39746	-3,927	-4,0172992	-0,013841689	-0,00082962029	1,840515e-06	0,0011734031
41829	236,89746	-3,927	-4,0335321	-0,014162064	-0,00077060796	-8,3154097e-05	0,0012498982
41829	237,39746	-3,927	-4,0091558	-0,014044344	-0,00078337826	3,5230059e-05	0,0011870824
41829	237,89746	-3,927	-3,9467216	-0,013746321	-0,00075767562	-5,3849009e-05	0,0012328625
41829	238,39746	-3,927	-4,053544	-0,014530122	-0,00079103746	8,4403418e-06	0,0011873357
41829	238,89746	-3,927	-3,9945786	-0,014866889	-0,00072346628	6,9610513e-05	0,0012075976
41829	239,39746	-3,927	-3,9780512	-0,014184415	-0,00076684915	9,4293864e-06	0,0012536906
41829	239,89746	-3,927	-4,0521731	-0,015071034	-0,00073932484	1,9957504e-05	0,0011512265
41829	240,39746	-3,927	-3,9136727	-0,012744963	-0,00071455911	4,9939306e-05	0,0012033656
41829	240,89746	-3,927	-3,9702971	-0,014196336	-0,00078036822	6,1647959e-05	0,0012437105
41829	241,39746	-3,927	-3,944613	-0,014013052	-0,00071573816	-9,8216578e-06	0,0012591965
41829	241,89746	-3,927	-3,9905272	-0,013805926	-0,00068446063	3,1640127e-05	0,0012608357
41829	242,39746	-3,927	-4,0266309	-0,013715029	-0,00074524246	2,9725248e-05	0,0012239106
41829	242,89746	-3,927	-3,9646478	-0,013916194	-0,00075096637	3,7962945e-05	0,001247935
41829	243,39746	-3,927	-4,0359778	-0,013549626	-0,00074200332	1,8200648e-05	0,0011724532
41829	243,89746	-3,927	-4,0537901	-0,014211237	-0,0008435417	3,0091491e-05	0,0012401193
41829	244,39746	-3,927	-4,0032325	-0,014446676	-0,00072275847	4,8531965e-05	0,0012424141
41829	244,89746	-3,927	-3,9565005	-0,013449788	-0,00077515468	0,00010953668	0,0012284331
41829	245,39746	-3,927	-3,9895158	-0,013761222	-0,00079390034	3,3872911e-05	0,001262933
41829	245,89746	0	-0,020293519	0,25496036	0,0015222281	0,0017842752	0,001428131

Datenerfassung						Zeit:	246,37207	s	09.07.2014 10:08:27
Ch 1 Kraft	Ch 1 W2TK Mittel	1944 A	1944 B	1281068
kN	mm	mm	mm	mm
0,069335103	-0,00016964578	0,00016024709	0,0017846432	0,0020568238
-81,63414	-0,00032875425	-0,0010995325	-0,030714538	-0,033371929
