Datum : 	11.6.2014
Durchmesser :	199,9
Datum	Laufzeit	Ch 1 Kraft Sollwert	Ch 1 Kraft	Ch 1 Weg	1944 A	1944 B	1281068
d	s	kN	kN	mm	mm	mm	mm
41801	26,889648	-1	-1,0376014	0,077623129	-0,00020659063	-0,7017293	-0,014749815
41801	27,389648	-1	-1,0613669	0,076833367	-0,00016513932	-0,70175636	-0,014635722
41801	27,889648	-1	-0,99318659	0,07699132	-0,00012949668	-0,70167565	-0,014557038
41801	28,389648	-1	-0,92550927	0,078311563	-0,00014540553	-0,70160657	-0,014438478
41801	28,889648	-1	-1,0166447	0,076407194	-0,0001565814	-0,70167959	-0,014637452
41801	29,389648	-1	-0,99414402	0,078448653	-0,00018134993	-0,70173097	-0,014661229
41801	29,889648	-1	-0,99723971	0,077560544	-0,00017012376	-0,70163339	-0,014599338
41801	30,389648	-1	-1,0103564	0,077950954	-0,00019994657	-0,70176679	-0,014630481
41801	30,889648	-1	-0,92198324	0,078594685	-0,00022191741	-0,70157844	-0,014320777
41801	31,389648	-1	-1,0095053	0,077700615	-0,0002113739	-0,70176947	-0,014659455
41801	31,889648	-1	-1,079809	0,077804923	-0,00016051624	-0,70180529	-0,014730028
41801	32,389648	-1	-0,99821019	0,077560544	-0,00018695649	-0,70170993	-0,014611256
41801	32,889648	-1	-0,98568761	0,078222156	-0,00017377082	-0,70162213	-0,014573362
41801	33,389648	-1	-1,0271966	0,077244639	-0,00017540995	-0,70177054	-0,014583746
41801	33,889648	-1	-1,0611154	0,077456236	-0,00022544712	-0,70175147	-0,01461339
41801	34,389648	-1	-1,0709335	0,077468157	-0,0001455117	-0,70167923	-0,014712055
41801	34,889648	-1	-0,98766571	0,077983737	-0,00020222086	-0,7016561	-0,01442759
41801	35,389648	-1	-1,0301993	0,076746941	-0,00019864272	-0,70161533	-0,014619326
41801	35,889648	-1	-1,0206736	0,077563524	-0,00018650573	-0,70170105	-0,014535367
41801	36,389648	-1	-1,0390971	0,077733397	-0,00016190112	-0,70159382	-0,014640352
41801	36,889648	-1,4580078	-1,4503822	-0,0044882298	-5,153846e-05	-0,00051048398	-0,00083176501
41801	37,389648	-1,9580078	-1,9020196	-0,0097095966	-4,9951486e-05	-0,0011190474	-0,0016833472
41801	37,889648	-2,4580078	-2,3033917	-0,013419986	-8,3111227e-05	-0,0017254353	-0,0025141314
41801	38,389648	-2,9580078	-2,5427175	-0,017333031	-4,0085986e-05	-0,0021660328	-0,0030126043
41801	38,889648	-3,4580078	-3,5585072	-0,026538968	-2,156198e-05	-0,0038413107	-0,0048615332
41801	39,389648	-3,9580078	-4,136322	-0,030577183	-1,4813617e-05	-0,0048727691	-0,0060887309
41801	39,889648	-4,4580078	-4,5437274	-0,035271049	-2,4704263e-05	-0,0056372881	-0,0068140947
41801	40,389648	-4,9580078	-5,0057621	-0,038856268	-1,5132129e-05	-0,0064858794	-0,0076901033
41801	40,889648	-5,4580078	-5,4454913	-0,043404102	4,8721209e-05	-0,0073699057	-0,0086635593
41801	41,389648	-5,9580078	-5,9078412	-0,046870112	1,9161962e-05	-0,0082161129	-0,0094458498
41801	41,889648	-6,4580078	-6,4775944	-0,052380562	-3,823638e-05	-0,0092799664	-0,010555357
41801	42,389648	-6,9580078	-6,985929	-0,056615472	2,645608e-05	-0,010202497	-0,011452409
41801	42,889648	-7,4580078	-7,5463448	-0,060346723	-2,7953647e-05	-0,011287063	-0,012537709
41801	43,389648	-7,9580078	-7,9328828	-0,064131618	-3,5463832e-05	-0,012129068	-0,013433013
41801	43,889648	-8,4580078	-8,5112858	-0,069725513	6,5703876e-05	-0,013278723	-0,014400583
41801	44,389648	-8,9580078	-9,0287828	-0,074279308	3,4392811e-05	-0,014278829	-0,015521683
41801	44,889648	-9,4580078	-9,5270834	-0,076955557	1,5715137e-05	-0,015232772	-0,016503919
41801	45,389648	-9,9580078	-10,047344	-0,07981658	8,0239028e-05	-0,016288728	-0,017417651
41801	45,889648	-10,458008	-10,514863	-0,085055828	6,5257773e-05	-0,017277509	-0,01836626
41801	46,389648	-10,958008	-11,030107	-0,088205934	4,8804097e-05	-0,018260956	-0,01948355
41801	46,889648	-11,458008	-11,34333	-0,091043115	-3,291294e-06	-0,018948138	-0,020120593
41801	47,389648	-11,958008	-12,025846	-0,095656514	8,1421807e-05	-0,020312607	-0,021473497
41801	47,889648	-12,458008	-12,431688	-0,10004938	-2,6755035e-05	-0,021152079	-0,022302831
41801	48,389648	-12,958008	-12,957384	-0,10360777	5,9759244e-05	-0,022194564	-0,023325855
41801	48,889648	-13,458008	-13,283248	-0,10659695	4,7148205e-05	-0,022877902	-0,024105554
41801	49,389648	-13,958008	-13,942252	-0,11051297	7,6836906e-05	-0,024212718	-0,025414519
41801	49,889648	-14,458008	-14,411031	-0,11368394	1,0432675e-05	-0,025138795	-0,026476758
41801	50,389648	-14,958008	-14,944166	-0,11858344	1,4466234e-05	-0,026236922	-0,027576823
41801	50,889648	-15,458008	-15,475423	-0,12174249	8,1342645e-05	-0,027256876	-0,028591331
41801	51,389648	-15,958008	-15,961903	-0,12494624	3,937725e-05	-0,028285533	-0,029705333
41801	51,889648	-16,458008	-16,508226	-0,13016164	7,2431751e-05	-0,029387981	-0,030907094
41801	52,389648	-16,958008	-16,996704	-0,13203025	4,7606416e-05	-0,030468673	-0,031865101
41801	52,889648	-17,458008	-17,54306	-0,13613701	1,5750527e-05	-0,031564862	-0,033082902
41801	53,389648	-17,958008	-17,873272	-0,13920963	2,0929612e-05	-0,032265007	-0,033747211
41801	53,889648	-18,458008	-18,542057	-0,14412701	-1,2665987e-05	-0,033656836	-0,035109363
41801	54,389648	-18,958008	-18,863327	-0,14635324	-6,0507096e-05	-0,034455597	-0,036012713
41801	54,889648	-19,458008	-19,534653	-0,15021265	1,6109087e-05	-0,03571865	-0,037318218
41801	55,389648	-19,958008	-19,984148	-0,15407205	-3,8854778e-06	-0,036779642	-0,038415287
41801	55,889648	-20,458008	-20,445749	-0,15695691	1,4227815e-05	-0,037834406	-0,039418802
41801	56,389648	-20,958008	-20,99148	-0,16043484	-3,4304336e-05	-0,03889066	-0,040596575
41801	56,889648	-21,458008	-21,472609	-0,16374588	1,2755394e-05	-0,039971441	-0,041659657
41801	57,389648	-21,958008	-22,043921	-0,16817153	-1,8029474e-05	-0,04125005	-0,042940114
41801	57,889648	-22,458008	-22,563032	-0,1720041	-4,2956322e-05	-0,04232952	-0,04400485
41801	58,389648	-22,958008	-22,993523	-0,17525852	4,5634806e-05	-0,04344219	-0,045241069
41801	58,889648	-23,458008	-23,485958	-0,17833114	4,6206638e-05	-0,044497907	-0,046216045
41801	59,389648	-23,958008	-23,987713	-0,18164515	-5,1598996e-05	-0,045616955	-0,047422197
41801	59,889648	-24,458008	-24,505508	-0,1850158	2,0659529e-05	-0,046831787	-0,048636928
41801	60,389648	-24,958008	-24,994019	-0,18887818	3,4420751e-05	-0,047882885	-0,04969782
41801	60,889648	-25,458008	-25,424797	-0,19192398	5,3295866e-05	-0,048894525	-0,050762769
41801	61,389648	-25,958008	-25,922493	-0,19564927	5,3782947e-05	-0,050017208	-0,051861655
41801	61,889648	-26,458008	-26,454855	-0,19949079	6,5510161e-05	-0,051201075	-0,053024404
41801	62,389648	-26,958008	-26,778292	-0,20166039	5,540438e-06	-0,052048802	-0,053952195
41801	62,889648	-27,458008	-27,415628	-0,20650327	-1,1730939e-05	-0,053433299	-0,055395618
41801	63,389648	-27,958008	-27,965328	-0,20879507	-4,7084875e-05	-0,054687351	-0,056751821
41801	63,889648	-28,458008	-28,50218	-0,21316707	-2,8998591e-05	-0,055864662	-0,057934843
41801	64,389648	-28,958008	-28,854183	-0,21555126	-5,7471916e-05	-0,05677399	-0,058845498
41801	64,889648	-29,458008	-29,44207	-0,21934211	-2,8486364e-05	-0,05811277	-0,060169689
41801	65,389648	-29,958008	-29,892334	-0,22347271	-5,2317977e-05	-0,05924058	-0,061516676
41801	65,889648	-30,458008	-30,418198	-0,22686124	5,0505623e-06	-0,060539871	-0,06264589
41801	66,389648	-30,958008	-30,921217	-0,23053586	1,2107193e-07	-0,061738193	-0,063929878
41801	66,889648	-31,458008	-31,399588	-0,23354292	3,7354417e-05	-0,062907249	-0,064996496
41801	67,389648	-31,958008	-32,042088	-0,23689866	5,0758943e-05	-0,064348608	-0,066569343
41801	67,889648	-32,458008	-32,549526	-0,24167001	2,7039088e-05	-0,065649658	-0,067897536
41801	68,389648	-32,958008	-33,006733	-0,24520457	2,5252812e-05	-0,066774756	-0,06903623
41801	68,889648	-33,146679	-33,333771	-0,24725795	4,2192638e-05	-0,067730486	-0,070013985
41801	69,389648	-32,646679	-32,73534	-0,24485588	-1,6370788e-05	-0,06673041	-0,069072373
41801	69,889648	-32,146679	-32,159966	-0,24175346	-4,4032931e-06	-0,065811008	-0,068199195
41801	70,389648	-31,646679	-31,676363	-0,24034679	0,00011401903	-0,064985961	-0,067444041
41801	70,889648	-31,146679	-31,162971	-0,23753345	1,7116778e-05	-0,064221889	-0,066418037
41801	71,389648	-30,646679	-30,717642	-0,23516119	2,3316592e-05	-0,063404113	-0,065714121
41801	71,889648	-30,146679	-30,171537	-0,2322942	6,9830567e-05	-0,062467933	-0,064864151
41801	72,389648	-29,646679	-29,724613	-0,2296567	4,4111162e-05	-0,061668217	-0,063891172
41801	72,889648	-29,146679	-29,182713	-0,22719204	4,8111193e-05	-0,060695648	-0,062894806
41801	73,389648	-28,646679	-28,590359	-0,2245903	7,847324e-06	-0,059581846	-0,061680216
41801	73,889648	-28,146679	-28,049704	-0,22125244	-1,589302e-05	-0,058589637	-0,060676746
41801	74,389648	-27,646679	-27,654249	-0,21975636	-3,4535304e-05	-0,057861745	-0,060010448
41801	74,889648	-27,146679	-27,091291	-0,21666884	-9,0934336e-06	-0,056771785	-0,05888027
41801	75,389648	-26,646679	-26,592598	-0,21354854	-8,2523562e-05	-0,055852473	-0,057993457
41801	75,889648	-26,146679	-26,170687	-0,21114945	-6,6296197e-05	-0,055010945	-0,057153907
41801	76,389648	-25,646679	-25,660532	-0,20772517	-2,6318245e-05	-0,0540874	-0,056051653
41801	76,889648	-25,146679	-25,161264	-0,20387769	5,1413663e-05	-0,053131759	-0,055182081
41801	77,389648	-24,646679	-24,673176	-0,20144284	-2,4919398e-05	-0,052196741	-0,05411065
41801	77,889648	-24,146679	-24,056494	-0,19878745	-2,9442832e-05	-0,050999433	-0,052935444
41801	78,389648	-23,646679	-23,775627	-0,19629598	-8,1543811e-05	-0,05042693	-0,052410789
41801	78,889648	-23,146679	-23,251348	-0,19354224	-4,8895366e-05	-0,04937458	-0,051227689
41801	79,389648	-22,646679	-22,750443	-0,19067824	-4,8646703e-05	-0,048411876	-0,050307993
41801	79,889648	-22,146679	-22,199478	-0,18724799	-0,00012589432	-0,047369659	-0,049127065
41801	80,389648	-21,646679	-21,691124	-0,18546283	-0,00013902597	-0,04637903	-0,048149813
41801	80,889648	-21,146679	-21,146391	-0,18193722	-9,8071061e-05	-0,045282483	-0,047174428
41801	81,389648	-20,646679	-20,700933	-0,17851591	-0,00012154039	-0,044422448	-0,04614564
41801	81,889648	-20,146679	-20,163288	-0,17553568	-9,1005117e-05	-0,043309301	-0,045136567
41801	82,389648	-19,646679	-19,614191	-0,17162859	-5,2460469e-05	-0,042231023	-0,044058777
41801	82,889648	-19,146679	-19,134367	-0,16886592	-5,0598755e-06	-0,041257262	-0,043085538
41801	83,389648	-18,646679	-18,617121	-0,16471744	-8,8009983e-05	-0,040257454	-0,041969642
41801	83,889648	-18,146679	-18,179487	-0,16237497	-7,4175186e-05	-0,039342463	-0,041105025
41801	84,389648	-17,646679	-17,669949	-0,1603961	-6,3258223e-05	-0,038314849	-0,040074471
41801	84,889648	-17,146679	-17,176233	-0,15592575	-3,5200268e-05	-0,037400424	-0,039133932
41801	85,389648	-16,646679	-16,663246	-0,15184879	-4,6296045e-06	-0,036227345	-0,038125791
41801	85,889648	-16,146679	-16,223427	-0,14976263	2,3774803e-05	-0,035301685	-0,037158851
41801	86,389648	-15,646679	-15,640814	-0,14680624	-2,9878691e-05	-0,034205496	-0,035919938
41801	86,889648	-15,146679	-15,038073	-0,14247	1,6209669e-05	-0,03292495	-0,034627687
41801	87,389648	-14,646679	-14,632623	-0,13757944	-3,2135285e-05	-0,032014906	-0,033726074
41801	87,889648	-14,146679	-14,096709	-0,13544858	-0,00015785731	-0,03098774	-0,032729823
41801	88,389648	-13,646679	-13,576778	-0,13161302	-0,00012406614	-0,029846579	-0,031593848
41801	88,889648	-13,146679	-13,169436	-0,12866557	-6,5969303e-05	-0,029073834	-0,030756705
41801	89,389648	-12,646679	-12,63187	-0,12468994	-6,2060542e-05	-0,027973115	-0,029712688
41801	89,889648	-12,146679	-12,075757	-0,12235641	-2,7626753e-05	-0,026821822	-0,028455824
41801	90,389648	-11,646679	-11,619908	-0,11789799	-1,5245751e-06	-0,025857449	-0,027582349
41801	90,889648	-11,146679	-11,211446	-0,11410713	-3,5547651e-05	-0,024986953	-0,026722422
41801	91,389648	-10,646679	-10,64948	-0,11009276	-4,475005e-06	-0,023729801	-0,025534734
41801	91,889648	-10,146679	-10,13383	-0,10645688	-0,00012611877	-0,022708654	-0,024404787
41801	92,389648	-9,6466789	-9,7174807	-0,10317862	-5,8815815e-05	-0,021675587	-0,023456268
41801	92,889648	-9,1466789	-9,1796675	-0,098988414	-0,00010419358	-0,020553946	-0,022431895
41801	93,389648	-8,6466789	-8,518302	-0,094544888	-1,9310042e-05	-0,019231558	-0,021098776
41801	93,889648	-8,1466789	-8,1141663	-0,091195107	-2,5263056e-05	-0,018331707	-0,020231834
41801	94,389648	-7,6466789	-7,5670948	-0,087845325	1,1312775e-05	-0,017139852	-0,019106328
41801	94,889648	-7,1466789	-7,0764685	-0,082743168	-4,6246685e-05	-0,016020834	-0,018096471
41801	95,389648	-6,6466789	-6,6636391	-0,07891953	-0,00013270881	-0,015093595	-0,01714376
41801	95,889648	-6,1466789	-6,1533842	-0,074765086	-7,6531433e-05	-0,013954729	-0,016180785
41801	96,389648	-5,6466789	-5,7020988	-0,070908666	-9,4347633e-05	-0,012976557	-0,015250493
41801	96,889648	-5,1466789	-5,3721147	-0,067812204	-7,6197088e-05	-0,012349397	-0,014401635
41801	97,389648	-4,6466789	-4,7304945	-0,062400103	2,5551766e-05	-0,010920435	-0,013207898
41801	97,889648	-4,1466789	-4,0860848	-0,056144595	-5,1431358e-05	-0,0095565319	-0,011700368
41801	98,389648	-3,6466789	-3,6368165	-0,051140785	-3,3330172e-05	-0,0086307228	-0,010742453
41801	98,889648	-3,1466789	-3,1216667	-0,046032667	-0,00010017864	-0,0075303018	-0,00968464
41801	99,389648	-2,6466789	-2,6447475	-0,039872527	-4,1882508e-05	-0,006664902	-0,0085288109
41801	99,889648	-2,1466789	-2,2037644	-0,036346912	-5,384814e-05	-0,0057392418	-0,0075699841
41801	100,38965	-1,6466789	-1,6313567	-0,029617548	1,7508864e-07	-0,0047394633	-0,0063609541
41801	100,88965	-1,1466789	-1,1362247	-0,022339821	-6,6534616e-05	-0,0039108396	-0,0050795078
41801	101,38965	-1,3486328	-1,1247079	-0,019830465	-0,00013343059	-0,0038416684	-0,0047638416
41801	101,88965	-1,8486328	-1,6904063	-0,027132034	-4,2584725e-05	-0,0046053231	-0,0059188153
41801	102,38965	-2,3486328	-2,1917951	-0,031486154	-7,585343e-05	-0,0052812994	-0,0067555015
41801	102,88965	-2,8486328	-2,5008414	-0,034439564	-1,5835278e-05	-0,0058121383	-0,007411263
41801	103,38965	-3,3486328	-3,1627157	-0,041100383	-2,6546419e-05	-0,0069345534	-0,0086249858
41801	103,88965	-3,8486328	-3,8968661	-0,047397614	-0,0001109764	-0,0081721842	-0,010014866
41801	104,38965	-4,3486328	-4,3584404	-0,05171001	-3,5616569e-05	-0,0090945065	-0,010946962
41801	104,88965	-4,8486328	-4,8409476	-0,055736303	-5,2554533e-05	-0,0099954903	-0,011703294
41801	105,38965	-5,3486328	-5,3520703	-0,061255693	4,0382147e-06	-0,010947526	-0,012771401
41801	105,88965	-5,8486328	-5,7745986	-0,063958764	-5,8549456e-05	-0,011729598	-0,013647255
41801	106,38965	-6,3486328	-6,4568949	-0,06916821	-0,00010742061	-0,013010949	-0,014841752
41801	106,88965	-6,8486328	-6,9403777	-0,07353127	-1,942087e-05	-0,014074624	-0,015780732
41801	107,38965	-7,3486328	-7,4804983	-0,077542663	-9,3000941e-05	-0,01507768	-0,016805317
41801	107,88965	-7,8486328	-7,8258591	-0,080603361	-3,8973987e-05	-0,015809745	-0,017472845
41801	108,38965	-8,3486328	-8,3494358	-0,084719062	-7,2088093e-05	-0,016861647	-0,018543921
41801	108,88965	-8,8486328	-8,9181128	-0,088554621	-0,00010555703	-0,017944962	-0,019547964
41801	109,38965	-9,3486328	-9,4191456	-0,091707706	-6,5479428e-05	-0,019022197	-0,020657897
41801	109,88965	-9,8486328	-9,8657923	-0,095659494	-4,7092326e-05	-0,019881397	-0,021461729
41801	110,38965	-10,348633	-10,318716	-0,098758936	-9,5607713e-05	-0,020812839	-0,022262784
41801	110,88965	-10,848633	-10,930285	-0,10425448	-4,5767985e-05	-0,022043735	-0,023615267
41801	111,38965	-11,348633	-11,343433	-0,10726452	-3,7963502e-05	-0,022895962	-0,024454566
41801	111,88965	-11,848633	-11,751851	-0,1096487	-8,5017644e-05	-0,023790598	-0,025409678
41801	112,38965	-12,348633	-12,314939	-0,11327863	-3,7192367e-05	-0,024939537	-0,026501972
41801	112,88965	-12,848633	-12,905138	-0,11763871	-6,2401406e-05	-0,026074708	-0,027586201
41801	113,38965	-13,348633	-13,204962	-0,11941791	-0,00010236353	-0,026698053	-0,028253416
41801	113,88965	-13,848633	-13,887611	-0,12466609	-0,00011692662	-0,028059483	-0,029665656
41801	114,38965	-14,348633	-14,403077	-0,12846291	-7,1926974e-05	-0,029085845	-0,03076385
41801	114,88965	-14,848633	-14,925016	-0,13280809	-1,9673258e-05	-0,030197799	-0,03177426
41801	115,38965	-15,348633	-15,324413	-0,13595223	-1,9697472e-06	-0,03103748	-0,032670587
41801	115,88965	-15,848633	-15,867508	-0,13799369	-0,00014409143	-0,032108217	-0,033801403
41801	116,38965	-16,348633	-16,445072	-0,14256835	-3,0085444e-05	-0,033193767	-0,035015251
41801	116,88965	-16,848633	-16,880598	-0,14534593	-5,2184798e-05	-0,034210771	-0,035913311
41801	117,38965	-17,348633	-17,395111	-0,14899373	-2,2410415e-05	-0,035307825	-0,037070073
41801	117,88965	-17,848633	-17,911552	-0,15203655	1,3460405e-05	-0,036377579	-0,038189717
41801	118,38965	-18,348633	-18,402355	-0,15537739	-6,8682246e-05	-0,037306339	-0,039143007
41801	118,88965	-18,848633	-18,902237	-0,15875399	-0,00012247078	-0,038357139	-0,040174551
41801	119,38965	-19,348633	-19,351793	-0,16251504	-0,00014754198	-0,039256513	-0,0411423
41801	119,88965	-19,848633	-19,833551	-0,16572475	-3,1572767e-05	-0,040399104	-0,042135555
41801	120,38965	-20,348633	-20,368742	-0,16871095	-8,0336817e-05	-0,04144603	-0,043377493
41801	120,88965	-20,848633	-20,787102	-0,17185807	4,4791959e-05	-0,042297423	-0,044198316
41801	121,38965	-21,348633	-21,340376	-0,17499626	-9,2803501e-05	-0,043510705	-0,045461129
41801	121,88965	-21,848633	-21,8465	-0,17848313	-8,3794817e-05	-0,044501603	-0,046535376
41801	122,38965	-22,348633	-22,365162	-0,1830548	-0,00012122001	-0,045574725	-0,047587432
41801	122,88965	-22,848633	-22,908638	-0,18529594	-6,7416579e-05	-0,046701491	-0,048699826
41801	123,38965	-23,348633	-23,424221	-0,18905997	-3,9644539e-05	-0,047769964	-0,049931668
41801	123,88965	-23,848633	-23,903488	-0,19165277	5,8105215e-06	-0,048814535	-0,050920743
41801	124,38965	-24,348633	-24,373543	-0,19508004	-2,7871691e-05	-0,049846888	-0,051995009
41801	124,88965	-24,848633	-24,902897	-0,19899011	-6,8189576e-05	-0,050923884	-0,053141072
41801	125,38965	-25,348633	-25,337553	-0,2015233	-0,00019217655	-0,051810026	-0,054103438
41801	125,88965	-25,848633	-25,840952	-0,20446777	4,6258792e-06	-0,052921236	-0,055214901
41801	126,38965	-26,348633	-26,364561	-0,20760596	-4,9293041e-05	-0,053990275	-0,056262214
41801	126,88965	-26,848633	-26,806692	-0,21083653	-2,1570362e-05	-0,055071473	-0,057246599
41801	127,38965	-27,348633	-27,325418	-0,21435916	-0,00013366994	-0,056079	-0,058481399
41801	127,88965	-27,848633	-27,959002	-0,21719337	-0,00014095102	-0,057455927	-0,05963273
41801	128,38965	-28,348633	-28,459059	-0,22119284	-1,0785647e-05	-0,058517814	-0,060900174
41801	128,88965	-28,848633	-28,819799	-0,22417903	-2,5516376e-05	-0,059314996	-0,061817858
41801	129,38965	-29,348633	-29,41568	-0,22830963	-7,4900687e-05	-0,060618639	-0,062952325
41801	129,88965	-29,848633	-29,947968	-0,23084879	-0,00014271121	-0,061709881	-0,064108081
41801	130,38965	-30,348633	-30,385996	-0,23430288	1,6599894e-05	-0,062664419	-0,065103799
41801	130,88965	-30,848633	-30,846096	-0,23628771	8,5104257e-06	-0,063615292	-0,066167526
41801	131,38965	-31,348633	-31,307026	-0,2397269	-3,8235448e-05	-0,064728558	-0,067240119
41801	131,88965	-31,848633	-31,86096	-0,2430439	-0,00012807827	-0,065796465	-0,068401299
41801	132,38965	-32,256054	-32,288654	-0,24630427	-9,0601854e-05	-0,066742837	-0,069449864
41801	132,88965	-31,756054	-31,723616	-0,24317503	-0,0001327116	-0,065951973	-0,068519965
41801	133,38965	-31,256054	-31,259846	-0,24141967	-9,0997666e-05	-0,065211624	-0,067746349
41801	133,88965	-30,756054	-30,854761	-0,23966432	-6,0739927e-05	-0,064426661	-0,066996671
41801	134,38965	-30,256054	-30,345819	-0,23631155	-0,00012665521	-0,063523561	-0,066151418
41801	134,88965	-29,756054	-29,737471	-0,23389161	-0,0001209015	-0,062404841	-0,064922564
41801	135,38965	-29,256054	-29,353083	-0,23128986	-0,00014867913	-0,061727971	-0,064269274
41801	135,88965	-28,756054	-28,77841	-0,22954941	-2,3614615e-05	-0,060774863	-0,063278683
41801	136,38965	-28,256054	-28,26108	-0,2256602	-0,00015542191	-0,059832066	-0,062193271
41801	136,88965	-27,756054	-27,800446	-0,22320449	-9,0977177e-05	-0,058858484	-0,061299339
41801	137,38965	-27,256054	-27,18314	-0,2194941	-0,00011412613	-0,057726741	-0,060212567
41801	137,88965	-26,756054	-26,675426	-0,21674037	-9,2717819e-05	-0,056805044	-0,05914874
41801	138,38965	-26,256054	-26,091118	-0,21426678	-0,00017001573	-0,055656642	-0,058065519
41801	138,88965	-25,756054	-25,741188	-0,21105409	-0,00013876148	-0,054973036	-0,05721426
41801	139,38965	-25,256054	-25,260719	-0,20929277	-0,00013613515	-0,054029524	-0,056235511
41801	139,88965	-24,756054	-24,846146	-0,20662248	-6,9709495e-05	-0,053199172	-0,055595066
41801	140,38965	-24,256054	-24,303118	-0,20242631	-0,0001695184	-0,052182078	-0,054406654
41801	140,88965	-23,756054	-23,614634	-0,19937754	-9,8917633e-05	-0,050917745	-0,053169999
41801	141,38965	-23,256054	-23,105417	-0,19699335	-8,5717067e-05	-0,049891472	-0,052199956
41801	141,88965	-22,756054	-22,840099	-0,19494891	-0,00014078803	-0,049208641	-0,051491875
41801	142,38965	-22,256054	-22,251591	-0,19198954	-0,00012654625	-0,048204362	-0,050421357
41801	142,88965	-21,756054	-21,770031	-0,18853843	-8,2998537e-05	-0,047287464	-0,049553823
41801	143,38965	-21,256054	-21,215462	-0,18545985	-0,00013151206	-0,046178669	-0,048273094
41801	143,88965	-20,756054	-20,767996	-0,18162131	-0,00012511853	-0,045210928	-0,047388386
41801	144,38965	-20,256054	-20,208456	-0,17931163	-8,0962665e-05	-0,044096977	-0,046183422
41801	144,88965	-19,756054	-19,781244	-0,17590821	-6,9113448e-05	-0,04328534	-0,045355532
41801	145,38965	-19,256054	-19,304028	-0,17414987	-0,00016343314	-0,042269915	-0,044394977
41801	145,88965	-18,756054	-18,859509	-0,17049015	-0,00010860153	-0,0413872	-0,043403856
41801	146,38965	-18,256054	-18,307976	-0,16628504	-0,00010423362	-0,040322751	-0,042420402
41801	146,88965	-17,756054	-17,74073	-0,16359687	-4,0915795e-05	-0,039084047	-0,041192975
41801	147,38965	-17,256054	-17,28936	-0,16071498	-0,00010723528	-0,038182765	-0,040162917
41801	147,88965	-16,756054	-16,783798	-0,15743673	-0,00010706112	-0,037142962	-0,039306507
41801	148,38965	-16,256054	-16,281752	-0,15383065	-0,00015558954	-0,036198914	-0,038198438
41801	148,88965	-15,756054	-15,78009	-0,15107393	-8,0633909e-05	-0,035129815	-0,037226208
41801	149,38965	-15,256054	-15,261889	-0,1463443	-0,00018128566	-0,033937693	-0,036178622
41801	149,88965	-14,756054	-14,704851	-0,14230609	-0,00020316476	-0,032871902	-0,034954164
41801	150,38965	-14,256054	-14,249849	-0,13984144	-0,00012500491	-0,031968772	-0,034059986
41801	150,88965	-13,756054	-13,744836	-0,13709366	-6,4877793e-05	-0,03093496	-0,032943811
41801	151,38965	-13,256054	-13,324066	-0,13267398	-0,00018986873	-0,029992074	-0,032036703
41801	151,88965	-12,756054	-12,69251	-0,12894571	-0,00012245867	-0,028773427	-0,030832561
41801	152,38965	-12,256054	-12,299689	-0,12588799	-4,6947971e-05	-0,027907252	-0,0299259
41801	152,88965	-11,756054	-11,764817	-0,12134612	-0,0001014946	-0,026781321	-0,028800277
41801	153,38965	-11,256054	-11,308542	-0,11890531	-0,00013933145	-0,025690645	-0,027875355
41801	153,88965	-10,756054	-10,830277	-0,11546314	-0,00011598039	-0,024734646	-0,026806412
41801	154,38965	-10,256054	-10,236878	-0,11057258	-8,3813444e-05	-0,023528308	-0,02558803
41801	154,88965	-9,7560539	-9,7212725	-0,10725856	-0,00018283259	-0,022393912	-0,024458027
41801	155,38965	-9,2560539	-9,2461319	-0,10364354	-0,00013776589	-0,021268845	-0,0234346
41801	155,88965	-8,7560539	-8,7475452	-0,099900365	-0,00011732802	-0,020294517	-0,022586383
41801	156,38965	-8,2560539	-8,2591143	-0,09495616	-0,00010340847	-0,019154042	-0,021480992
41801	156,88965	-7,7560539	-7,7474656	-0,091087818	-0,00010661781	-0,018063784	-0,020428255
41801	157,38965	-7,2560539	-7,2575936	-0,087213516	-0,00021606777	-0,016936541	-0,019295169
41801	157,88965	-6,7560539	-6,7323132	-0,08213222	-0,00018424913	-0,015809774	-0,018240701
41801	158,38965	-6,2560539	-6,2719584	-0,079479814	-3,0742958e-05	-0,014850289	-0,017336924
41801	158,88965	-5,7560539	-5,8140421	-0,075253844	-0,00013667531	-0,013785601	-0,016353879
41801	159,38965	-5,2560539	-5,4075122	-0,072002411	-0,00013905205	-0,012910634	-0,015472744
41801	159,88965	-4,7560539	-5,0317979	-0,068989396	-0,00014696643	-0,012087107	-0,014585784
41801	160,38965	-4,2560539	-4,162878	-0,060373545	-0,00017409213	-0,010300815	-0,01272461
41801	160,88965	-3,7560539	-3,6450102	-0,055179	-0,00010017399	-0,0092961788	-0,01171355
41801	161,38965	-3,2560539	-3,2386556	-0,051152706	-0,00011824351	-0,0083172619	-0,01074298
41801	161,88965	-2,7560539	-2,7373507	-0,045618415	-0,00011187419	-0,0074029863	-0,009692682
41801	162,38965	-2,2560539	-2,2002122	-0,039514899	-0,00018376298	-0,0063902736	-0,0084468909
41801	162,88965	-1,7560539	-1,7905905	-0,034657121	-0,00013799313	-0,0055922568	-0,0073768101
41801	163,38965	-1,2560539	-1,2514256	-0,02823472	-0,00010995474	-0,004668504	-0,0062303646
41801	163,88965	-1	-0,86236745	-0,021973252	-0,00013085175	-0,0041429698	-0,0052148015
41801	164,38965	-1	-0,86293185	-0,020489097	-4,0808693e-05	-0,0040991008	-0,00498858
41801	164,88965	-1	-0,9238534	-0,021260977	-0,00010641664	-0,0039813221	-0,0050861356
41801	165,38965	-1	-0,95230711	-0,022152066	-0,0001916131	-0,0039931536	-0,0049758283
41801	165,88965	-1	-0,95283055	-0,020703673	-0,00011571962	-0,0040096939	-0,0050296737
41801	166,38965	-1	-0,97996557	-0,021070242	-9,7974204e-05	-0,003917098	-0,005041061
41801	166,88965	-1	-0,93784559	-0,020819902	-3,7178397e-05	-0,0038795173	-0,00480991
41801	167,38965	-1	-0,93317217	-0,020754337	-1,7108396e-06	-0,0038555264	-0,0048045027
41801	167,88965	-1	-0,97310728	-0,021231174	-8,0748461e-05	-0,0038176179	-0,0048680655
41801	168,38965	-1	-1,0006931	-0,021776557	-0,00012878887	-0,00380373	-0,0047941743
41801	168,88965	-1	-1,0337886	-0,021699071	-0,00027504517	-0,0037325621	-0,0048751598
41801	169,38965	-1	-0,98727643	-0,021409988	-7,9291873e-05	-0,0037154257	-0,0047265869
41801	169,88965	-1	-0,989452	-0,020837784	-0,00013230182	-0,0037389994	-0,0047667483
41801	170,38965	-1	-0,97615087	-0,021320581	-5,9163198e-05	-0,0036530495	-0,0047863564
41801	170,88965	-1	-0,94985592	-0,020873547	-9,8609366e-05	-0,0036038756	-0,0046561765
41801	171,38965	-1	-1,0490679	-0,021198392	-0,00020880112	-0,003695339	-0,0047540814
41801	171,88965	-1	-0,99693799	-0,019955635	-4,1988678e-05	-0,0036048293	-0,0045809816
41801	172,38965	-1	-1,000464	-0,020459294	-0,00013073441	-0,0036458373	-0,0046210038
41801	172,88965	-1	-1,0057967	-0,020736456	-0,00011337083	-0,0036671758	-0,0047180378
41801	173,38965	-1	-1,014078	-0,020718575	-0,00010109227	-0,0036020875	-0,0045799273
41801	173,88965	-1	-1,0325406	-0,021228194	-0,00019073393	-0,0036204159	-0,0047469866
41801	174,38965	-1	-1,0064747	-0,020521879	-0,00012783706	-0,0035201609	-0,0046502552
41801	174,88965	-1	-0,96289068	-0,020521879	-4,4695102e-05	-0,0034519136	-0,0044966638
41801	175,38965	-1	-0,98142958	-0,019913912	-9,9219382e-05	-0,0034282506	-0,0045513622
41801	175,88965	-1	-1,0160562	-0,020724535	-0,00018213876	-0,0035135448	-0,0045467797
41801	176,38965	-1	-0,96582621	-0,020119548	-0,00016824808	-0,0034848154	-0,0044325949
41801	176,88965	-1	-0,99847651	-0,020653009	-0,00011620391	-0,0034457445	-0,0045408919
41801	177,38965	-1	-0,99265945	-0,020909309	-0,00011732522	-0,0034915805	-0,0044332831
41801	177,88965	-1	-1,0181032	-0,019037724	-0,00013681408	-0,003454417	-0,0044335718
41801	178,38965	-1	-1,0010842	-0,019082427	-0,00010264572	-0,003446281	-0,0044766115
41801	178,88965	-1	-0,95746481	-0,020107627	-0,00011992268	-0,0034301281	-0,0043954146
41801	179,38965	-1	-1,019191	-0,021135807	-0,00015426986	-0,0034228265	-0,0045219306
41801	179,88965	-1	-1,0192301	-0,019070506	-9,0342946e-05	-0,0034486949	-0,0044826991
41801	180,38965	-1	-0,97253734	-0,01963079	-6,8744645e-05	-0,0033748746	-0,0043113963
41801	180,88965	-1	-1,0120403	-0,019967556	-8,3598308e-05	-0,0034251809	-0,0044597327
41801	181,38965	-1	-1,0459237	-0,020074844	-0,00012777839	-0,0033816397	-0,0044215927
41801	181,88965	-1	-1,0036975	-0,019904971	-9,1309659e-05	-0,0034107864	-0,0043599484
41801	182,38965	-1	-0,99737382	-0,018897653	-3,2278709e-05	-0,0033558309	-0,004355907
41801	182,88965	-1	-1,0342877	-0,020465255	-0,00010400917	-0,0033741891	-0,0044424911
41801	183,38965	-1	-1,0127351	-0,020182133	-0,00015099905	-0,003331691	-0,0043892046
41801	183,88965	-1	-0,9618122	-0,020125508	-8,6863525e-05	-0,0032766163	-0,0043210285
41801	184,38965	-1	-1,0047536	-0,019353628	-0,00013867673	-0,0033622682	-0,0043790583
41801	184,88965	-1	-1,0421108	-0,018897653	-0,00015784986	-0,0033177733	-0,0042639566
41801	185,38965	-1	-0,94804728	-0,019529462	-6,5209344e-05	-0,0032554865	-0,0041949064
41801	185,88965	-1	-0,97284842	-0,019770861	-7,1398914e-05	-0,0032101572	-0,0042761429
41801	186,38965	-1	-1,0356754	-0,020360947	-0,00011862442	-0,0033492446	-0,0042515728
41801	186,88965	-1	-1,0008719	-0,019946694	-0,00013773888	-0,0032685399	-0,0042676385
41801	187,38965	-1	-0,98553485	-0,020337105	4,7739595e-06	-0,0032800436	-0,0041897902
41801	187,88965	-1	-0,9617582	-0,019139051	1,5078112e-06	-0,0031957924	-0,0042047086
41801	188,38965	-1	-0,97648799	-0,019648671	-0,00013193302	-0,0032178462	-0,0042326874
41801	188,88965	-1	-0,9676851	-0,0200212	-0,00017471239	-0,0031994283	-0,0041295914
41801	189,38965	-1	-0,99827909	-0,019901991	-6,3647516e-05	-0,0032316744	-0,0042555234
41801	189,88965	-1	-0,94960445	-0,019431114	-5,9381127e-05	-0,0031689405	-0,0039929529
41801	190,38965	-1	-1,0486711	-0,020083785	-0,00013474002	-0,0032530725	-0,0043419236
41801	190,88965	-1	-0,97423792	-0,019088387	-2,5984831e-05	-0,0031631887	-0,0041808239
41801	191,38965	-1	-1,0263827	-0,020107627	-4,6210364e-05	-0,0032252371	-0,0042462894
41801	191,88965	-1	-1,0481551	-0,019529462	-8,889474e-06	-0,0031722188	-0,0042498237
41801	192,38965	-1	-0,99736452	-0,01937449	-0,0001184484	-0,0031737089	-0,0041394336
41801	192,88965	-1	-0,98828226	-0,019478798	-3,6376528e-05	-0,0031021237	-0,0040995949
41801	193,38965	-1	-0,88431501	-0,018855929	-5,3717755e-05	-0,0030101538	-0,0040020347
41801	193,88965	-1,2363281	-1,0458678	-0,019443035	-5,2322634e-05	-0,0031946599	-0,0041951258
41801	194,38965	-1,7363281	-1,6607381	-0,02682507	-7,9497695e-06	-0,004039079	-0,005528375
41801	194,88965	-2,2363281	-2,2033601	-0,032609701	3,0556694e-06	-0,0048829019	-0,0065615368
41801	195,38965	-2,7363281	-2,4883449	-0,035330653	-0,00010357797	-0,0052624047	-0,0070997719
41801	195,88965	-3,2363281	-3,0141399	-0,040724874	-0,00016233046	-0,006218791	-0,0081107458
41801	196,38965	-3,7363281	-3,873596	-0,047460198	-2,2211112e-05	-0,0077740848	-0,009853879
41801	196,88965	-4,2363281	-4,2207913	-0,051218271	-7,1870163e-05	-0,0083839297	-0,010390501
41801	197,38965	-4,7363281	-4,7894812	-0,055414438	-0,00012771413	-0,0094370246	-0,011398548
41801	197,88965	-5,2363281	-5,2219872	-0,060597062	-1,8265098e-05	-0,010258108	-0,012330583
41801	198,38965	-5,7363281	-5,7081656	-0,064527988	1,19498e-05	-0,01123783	-0,013290995
41801	198,88965	-6,2363281	-6,2533488	-0,068801641	-6,2000938e-05	-0,012322396	-0,014356762
41801	199,38965	-6,7363281	-6,7844539	-0,073906779	-0,00013335422	-0,013345808	-0,015272109
41801	199,88965	-7,2363281	-7,3223243	-0,07789731	-8,6375512e-05	-0,014451563	-0,016415974
41801	200,38965	-7,7363281	-7,8106003	-0,080707669	-2,2822991e-05	-0,015478104	-0,017381147
41801	200,88965	-8,2363281	-8,2568645	-0,084751844	-0,00013201311	-0,016326934	-0,01826993
41801	201,38965	-8,7363281	-8,7982178	-0,089228153	-8,5905194e-05	-0,01743874	-0,019337632
41801	201,88965	-9,2363281	-9,3012514	-0,093322992	-8,1995502e-05	-0,018518895	-0,020435942
41801	202,38965	-9,7363281	-9,7824097	-0,096556544	-1,1377968e-05	-0,019528955	-0,021319244
41801	202,88965	-10,236328	-10,262033	-0,10043681	-6,0322694e-05	-0,02043432	-0,022236757
41801	203,38965	-10,736328	-10,789104	-0,10446012	-7,721968e-05	-0,021492183	-0,023317721
41801	203,88965	-11,236328	-11,237104	-0,107494	-2,0079315e-05	-0,022576272	-0,024288766
41801	204,38965	-11,736328	-11,67805	-0,11044145	-4,7195703e-05	-0,023427635	-0,025154764
41801	204,88965	-12,236328	-12,182001	-0,11395514	-9,1706403e-05	-0,024439722	-0,026188718
41801	205,38965	-12,736328	-12,75218	-0,11942685	-0,00013615284	-0,025482893	-0,027342739
41801	205,88965	-13,236328	-13,15574	-0,12158453	-7,0730224e-05	-0,026382416	-0,028195389
41801	206,38965	-13,736328	-13,778955	-0,12587309	-3,1742267e-05	-0,027588099	-0,029577458
41801	206,88965	-14,236328	-14,233838	-0,12836754	-0,00013179053	-0,028533608	-0,030381897
41801	207,38965	-14,736328	-14,802057	-0,13355613	-0,00011145789	-0,02972883	-0,031655464
41801	207,88965	-15,236328	-15,2419	-0,13623238	-5,5491924e-05	-0,030660301	-0,032619659
41801	208,38965	-15,736328	-15,743464	-0,13970137	-7,5027347e-05	-0,03166303	-0,033524886
41801	208,88965	-16,236328	-16,317291	-0,1429528	-0,00011985283	-0,032849818	-0,034906939
41801	209,38965	-16,736328	-16,57432	-0,14595985	-0,00011370052	-0,033372849	-0,035506509
41801	209,88965	-17,236328	-17,272144	-0,15058815	-5,7378784e-05	-0,034921676	-0,036934689
41801	210,38965	-17,736328	-17,774574	-0,15423894	-5,8141537e-05	-0,035915196	-0,038039945
41801	210,88965	-18,236328	-18,093527	-0,15603006	-0,00010295492	-0,036592275	-0,038680624
41801	211,38965	-18,736328	-18,789303	-0,15954971	-7,7528879e-05	-0,038077265	-0,040194314
41801	211,88965	-19,236328	-19,222477	-0,16315877	-2,7213246e-06	-0,039043933	-0,041160535
41801	212,38965	-19,736328	-19,738132	-0,16759038	-7,5908378e-05	-0,040098429	-0,042224713
41801	212,88965	-20,236328	-20,37521	-0,17054975	-6,1142258e-05	-0,041382313	-0,043546505
41801	213,38965	-20,736328	-20,769924	-0,1734376	-8,9933164e-05	-0,042241454	-0,044467442
41801	213,88965	-21,236328	-21,225561	-0,17654002	-8,0952421e-05	-0,043275028	-0,045500655
41801	214,38965	-21,736328	-21,841541	-0,17980933	-7,7426434e-05	-0,044564754	-0,046810899
41801	214,88965	-22,236328	-22,275194	-0,18395483	-8,0321915e-05	-0,045485586	-0,047694884
41801	215,38965	-22,736328	-22,847136	-0,18775165	-0,00020509632	-0,046683758	-0,048915979
41801	215,88965	-23,236328	-23,330421	-0,19018948	-0,00011825934	-0,047712296	-0,050027918
41801	216,38965	-23,736328	-23,714634	-0,19399524	-0,00012143422	-0,048566759	-0,050815649
41801	216,88965	-24,236328	-24,168171	-0,19663572	2,9892661e-05	-0,049575776	-0,05191426
41801	217,38965	-24,736328	-24,729006	-0,20043552	-6,8001449e-05	-0,050714642	-0,053170178
41801	217,88965	-25,236328	-25,131557	-0,20186603	-0,00016559288	-0,051582038	-0,05398808
41801	218,38965	-25,736328	-25,600048	-0,2055794	-5,791802e-05	-0,052646935	-0,055088483
41801	218,88965	-26,236328	-26,088558	-0,209409	-4,0188432e-05	-0,053729862	-0,056234632
41801	219,38965	-26,736328	-26,806131	-0,21314919	-0,00010433979	-0,055189788	-0,057612401
41801	219,88965	-27,236328	-27,316259	-0,2168566	-0,00013648905	-0,056260288	-0,058769345
41801	220,38965	-27,736328	-27,857016	-0,22001266	-0,00010780245	-0,057462245	-0,059943415
41801	220,88965	-28,236328	-28,370052	-0,22343397	-0,00010130275	-0,058509946	-0,061120238
41801	221,38965	-28,736328	-28,819187	-0,2259016	-2,5958754e-05	-0,059552282	-0,062115613
41801	221,88965	-29,236328	-29,132395	-0,22798777	-4,3325126e-05	-0,060272008	-0,062827416
41801	222,38965	-29,736328	-29,717314	-0,23106039	-0,00013095234	-0,061483026	-0,064165436
41801	222,88965	-30,236328	-30,378304	-0,23518503	-9,4997697e-05	-0,062888622	-0,065568596
41801	223,38965	-30,736328	-30,79957	-0,23814142	-7,0212409e-05	-0,06375733	-0,066520087
41801	223,88965	-31,236328	-31,263159	-0,24139881	-0,00014788099	-0,064902276	-0,067697451
41801	224,38965	-31,736328	-31,73106	-0,2440542	-0,00010556914	-0,06590271	-0,068703249
41801	224,88965	-32,236328	-32,260479	-0,24782121	-5,0029717e-05	-0,067092657	-0,069758825
41801	225,38965	-32,299999	-32,358215	-0,24906397	-5,9101731e-05	-0,067412525	-0,070165582
41801	225,88965	-32,299999	-32,329552	-0,24906695	-6,302353e-05	-0,067492306	-0,070294701
41801	226,38965	-32,299999	-32,467537	-0,25031269	-0,00016109832	-0,067855	-0,070656538
41801	226,88965	-32,299999	-32,38287	-0,24986863	-8,687377e-05	-0,067810655	-0,070671715
41801	227,38965	-32,299999	-32,26577	-0,24986565	-7,8220852e-05	-0,067756623	-0,070467561
41801	227,88965	-32,299999	-32,3335	-0,25107861	-0,00011454988	-0,067939401	-0,070742384
41801	228,38965	-32,299999	-32,302399	-0,2502948	-6,8352558e-05	-0,067961931	-0,070781358
41801	228,88965	-32,299999	-32,369923	-0,2520889	-7,6017343e-05	-0,068046123	-0,070889942
41801	229,38965	-32,299999	-32,390472	-0,25104582	-0,00011184625	-0,06817773	-0,071086124
41801	229,88965	-32,299999	-32,302643	-0,25151968	-9,7760931e-05	-0,068173796	-0,071003132
41801	230,38965	-32,299999	-32,292469	-0,2517134	-3,5372563e-05	-0,068287134	-0,071072713
41801	230,88965	-32,299999	-32,34552	-0,25312304	-4,1445717e-05	-0,068423599	-0,071200341
41801	231,38965	-32,299999	-32,291275	-0,25190115	-5,7447702e-05	-0,068376184	-0,071121871
41801	231,88965	-32,299999	-32,289433	-0,25219023	-0,00013148785	-0,068533212	-0,071276903
41801	232,38965	-32,299999	-32,324516	-0,25159717	-6,0450286e-05	-0,068574429	-0,071392573
41801	232,88965	-32,299999	-32,280479	-0,25204718	-0,00012635998	-0,068562865	-0,071271867
41801	233,38965	-32,299999	-32,29644	-0,2522558	-0,00015225727	-0,068741322	-0,071462817
41801	233,88965	-32,299999	-32,346821	-0,25281608	-4,372187e-05	-0,068820059	-0,0715748
41801	234,38965	-32,299999	-32,351234	-0,25293529	-2,075173e-05	-0,068865687	-0,0716561
41801	234,88965	-32,299999	-32,351524	-0,25205314	-0,00014949031	-0,068916649	-0,071828753
41801	235,38965	-32,299999	-32,181404	-0,25171936	-9,6556731e-05	-0,068672299	-0,071563065
41801	235,88965	-32,299999	-32,310436	-0,25320947	-8,9288689e-05	-0,068991005	-0,071887419
41801	236,38965	-32,299999	-32,286625	-0,25347769	-9,1296621e-05	-0,068990856	-0,071905762
41801	236,88965	-32,299999	-32,317276	-0,25308728	-6,6515058e-05	-0,069097966	-0,071986161
41801	237,38965	-32,299999	-32,38784	-0,25356114	-0,00011515245	-0,069222033	-0,072147086
41801	237,88965	-32,299999	-32,336159	-0,25484562	-0,00012138952	-0,069284409	-0,072061449
41801	238,38965	-32,299999	-32,274403	-0,25448799	-6,7278743e-05	-0,069120735	-0,072064221
41801	238,88965	-32,299999	-32,245899	-0,25275052	-0,00010057352	-0,069093347	-0,072009474
41801	239,38965	-32,299999	-32,346992	-0,25370717	-0,00012281816	-0,069311768	-0,072284952
41801	239,88965	-32,299999	-32,343395	-0,25355518	-0,00011634175	-0,069364995	-0,072337531
41801	240,38965	-32,299999	-32,2882	-0,25437772	-5,2230433e-05	-0,069437206	-0,072277471
41801	240,88965	-32,299999	-32,191288	-0,25366843	-0,00012444705	-0,069160193	-0,072062388
41801	241,38965	-32,299999	-32,34869	-0,25416315	-0,00016929675	-0,06950894	-0,072390117
41801	241,88965	-32,299999	-32,343182	-0,25421083	-8,4876083e-05	-0,069598138	-0,072554044
41801	242,38965	-32,299999	-32,353813	-0,25470555	-6,6322275e-05	-0,069721729	-0,072689392
41801	242,88965	-32,299999	-32,344521	-0,25559962	-7,7969395e-05	-0,069729924	-0,072542064
41801	243,38965	-32,299999	-32,312031	-0,25453568	-0,00021867361	-0,069637567	-0,072581626
41801	243,88965	-32,299999	-32,324287	-0,25535822	-0,0001381943	-0,069780946	-0,072728895
41801	244,38965	-32,299999	-32,304993	-0,25531352	-7,9451129e-05	-0,069782555	-0,072685294
41801	244,88965	-32,299999	-32,271812	-0,25485158	-7,0817769e-05	-0,069724858	-0,072696619
41801	245,38965	-32,299999	-32,280819	-0,2556771	-0,00010837149	-0,069714874	-0,072651729
41801	245,88965	-32,299999	-32,297077	-0,25501549	-0,0001500193	-0,069826692	-0,07281331
41801	246,38965	-32,299999	-32,307457	-0,25555491	-0,00017598737	-0,069931507	-0,072869577
41801	246,88965	-32,299999	-32,274361	-0,25506318	-5,4717995e-05	-0,069900692	-0,072799496
41801	247,38965	-32,299999	-32,39603	-0,25540888	-0,00011076685	-0,070100129	-0,073061422
41801	247,88965	-32,299999	-32,264996	-0,25504529	-0,0001627123	-0,069907993	-0,072871163
41801	248,38965	-32,299999	-32,344379	-0,25667846	-0,00011227559	-0,070102006	-0,073097505
41801	248,88965	-32,299999	-32,361469	-0,25652349	-6,6115521e-05	-0,070173889	-0,073164389
41801	249,38965	-32,299999	-32,313114	-0,25646687	-0,00012661796	-0,070047319	-0,07300476
41801	249,88965	-32,299999	-32,383873	-0,2559334	-0,00010720827	-0,070345998	-0,073222779
41801	250,38965	-32,299999	-32,298561	-0,25693178	-0,00010438357	-0,070123672	-0,073170952
41801	250,88965	-32,299999	-32,264702	-0,25575757	-0,00012658816	-0,070168823	-0,073041677
41801	251,38965	-32,299999	-32,210468	-0,2556026	-1,2665987e-05	-0,070060462	-0,073079757
41801	251,88965	-32,299999	-32,258137	-0,25553703	-8,3908439e-05	-0,070233792	-0,073190451
41801	252,38965	-32,299999	-32,29866	-0,25613308	-0,00021014176	-0,070232153	-0,073222049
41801	252,88965	-32,299999	-32,212189	-0,25620759	-8,7550841e-05	-0,070240378	-0,073290184
41801	253,38965	-32,299999	-32,172241	-0,25641918	-0,00012173969	-0,070215642	-0,073147796
41801	253,88965	-32,299999	-32,274483	-0,25517344	-9,3813986e-05	-0,07039243	-0,073428273
41801	254,38965	-32,299999	-32,168442	-0,25538802	-0,00014144555	-0,070199728	-0,073188536
41801	254,88965	-32,299999	-32,248371	-0,2554059	-5,2955933e-05	-0,070465863	-0,073353119
41801	255,38965	-30,156445	-30,346294	-0,24698675	-0,00010415819	-0,066940576	-0,069859639
41801	255,88965	-27,656445	-27,727201	-0,23243129	-4,4248998e-05	-0,061965197	-0,06471169
41801	256,38965	-25,156445	-25,1318	-0,21828115	-6,7709014e-05	-0,057055473	-0,059712417
41801	256,88965	-22,656445	-22,713663	-0,20391941	-9,1711059e-05	-0,052228808	-0,054875217
41801	257,38965	-20,156445	-20,143944	-0,1884222	-0,00015156902	-0,047183305	-0,049650606
41801	257,88965	-17,656445	-17,607536	-0,17181635	-4,1096471e-05	-0,042023271	-0,044498522
41801	258,38965	-15,156445	-15,119139	-0,15599728	-5,8433041e-05	-0,036831856	-0,039355069
41801	258,88965	-12,656445	-12,627235	-0,13864934	-7,1693212e-05	-0,031691879	-0,0341722
41801	259,38965	-10,156445	-10,195515	-0,11958182	-0,00018169545	-0,02653566	-0,028885076
41801	259,88965	-7,6564445	-7,647831	-0,099602342	-0,00011603814	-0,020856529	-0,02351056
41801	260,38965	-5,1564445	-5,1462965	-0,079271197	-0,00012945011	-0,015283912	-0,018246379
41801	260,88965	-2,6564445	-3,4721737	-0,063169003	-0,0001004301	-0,011592686	-0,014399454
41801	261,38965	-1	-0,85375458	-0,031459332	-4,5724213e-05	-0,0067685843	-0,0082770344
41801	261,88965	-1	-0,68177283	-0,02502203	-0,00014328025	-0,0061970353	-0,0072627948
41801	262,38965	-1	-0,66453218	-0,02438128	-0,00018524844	-0,0059093237	-0,0068275183
41801	262,88965	-1	-0,72816014	-0,024357438	-3,8553961e-05	-0,0058325827	-0,0068715108
41801	263,38965	-1	-0,7571466	-0,024855137	-1,4647841e-05	-0,0056748688	-0,0068676551
41801	263,88965	-1	-0,81013888	-0,025475025	-4,4360757e-05	-0,0055976808	-0,0067583816
41801	264,38965	-1	-0,90898758	-0,026634336	-0,00017529074	-0,0056097507	-0,0068707103
41801	264,88965	-1	-0,89294463	-0,025758147	-0,0001395829	-0,005523026	-0,0067776279
41801	265,38965	-1	-0,91476923	-0,026068091	-5,3976662e-05	-0,0054254532	-0,0067355577
41801	265,88965	-1	-0,91305006	-0,026550889	-8,2584098e-05	-0,0054144263	-0,0068238545
41801	266,38965	-1	-0,98257136	-0,02630651	-0,00010108389	-0,0053577423	-0,006809026
41801	266,88965	-1	-0,98906457	-0,025698543	-0,00014401879	-0,0052569509	-0,006736279
41801	267,38965	-1	-0,92087871	-0,025445223	-0,00016293302	-0,0051989257	-0,006563514
41801	267,88965	-1	-0,94996578	-0,026193261	-0,00011994783	-0,0051337183	-0,0065058451
41801	268,38965	-1	-0,95711833	-0,025823712	-8,0253929e-05	-0,0050557554	-0,0065892427
41801	268,88965	-1	-1,0205526	-0,025966763	-7,3258765e-05	-0,0052006245	-0,0065207612
41801	269,38965	-1	-1,0273085	-0,026625395	-0,00017449539	-0,0051229596	-0,0065437676
41801	269,88965	-1	-0,97668731	-0,025376678	-0,00016118214	-0,0050776899	-0,0064832927
41801	270,38965	-1	-1,0017194	-0,026389956	-0,00018701423	-0,005043447	-0,0064417236
41801	270,88965	-1	-0,99309909	-0,025811791	-5,0801784e-05	-0,00499928	-0,0063745077
41801	271,38965	-1	-0,9816829	-0,025177002	-0,00010592584	-0,0049628317	-0,0062923636
41801	271,88965	-1	-1,0065771	-0,024995208	-0,00014979765	-0,0049443245	-0,0063388916
41801	272,38965	-1	-0,99405646	-0,025305152	-0,00014168955	-0,0048849881	-0,0063392068
41801	272,88965	-1	-1,0105633	-0,025445223	-7,0817769e-05	-0,0048275888	-0,0062371059
41801	273,38965	-1	-0,99901485	-0,02463758	-6,4979307e-05	-0,0048078597	-0,0062806923
41801	273,88965	-1	-0,95393509	-0,025805831	-9,7137876e-05	-0,004780978	-0,0061922222
41801	274,38965	-1	-0,94331431	-0,025460124	-9,3092211e-05	-0,0046781003	-0,0060135475
41801	274,88965	-1	-1,070125	-0,026115775	-0,00015392993	-0,0047598183	-0,0062759044
41801	275,38965	-1	-1,0257344	-0,024786592	-0,00019002985	-0,004706651	-0,0061396402
41801	275,88965	0	0,056123361	2,8046579	-0,00014901254	-0,0040104985	-0,0030004857

Datenerfassung						Zeit:	276,10742	s	11.06.2014 14:29:40
Ch 1 Kraft	Ch 1 Weg	1944 A	1944 B	1281068
kN	mm	mm	mm	mm
0,11113659	4,8290787	0,00017886981	0,00012177229	6,9510119e-05
-33,487316	-0,2579093	-0,00034016557	-0,70196891	-0,073599681
